frame,person_detected,nose_x,nose_y,nose_conf,left_eye_x,left_eye_y,left_eye_conf,right_eye_x,right_eye_y,right_eye_conf,left_ear_x,left_ear_y,left_ear_conf,right_ear_x,right_ear_y,right_ear_conf,left_shoulder_x,left_shoulder_y,left_shoulder_conf,right_shoulder_x,right_shoulder_y,right_shoulder_conf,left_elbow_x,left_elbow_y,left_elbow_conf,right_elbow_x,right_elbow_y,right_elbow_conf,left_wrist_x,left_wrist_y,left_wrist_conf,right_wrist_x,right_wrist_y,right_wrist_conf,left_hip_x,left_hip_y,left_hip_conf,right_hip_x,right_hip_y,right_hip_conf,left_knee_x,left_knee_y,left_knee_conf,right_knee_x,right_knee_y,right_knee_conf,left_ankle_x,left_ankle_y,left_ankle_conf,right_ankle_x,right_ankle_y,right_ankle_conf
0,True,305.60723876953125,118.9114761352539,0.8228706121444702,311.08966064453125,115.0593032836914,0.6630916595458984,303.46112060546875,115.15550231933594,0.7645068764686584,0.0,0.0,0.2782013714313507,0.0,0.0,0.34477415680885315,0.0,0.0,0.326425164937973,306.2073669433594,123.09481811523438,0.9152591228485107,0.0,0.0,0.056585974991321564,297.024658203125,139.66635131835938,0.8298658728599548,0.0,0.0,0.12650224566459656,290.5978088378906,147.6428680419922,0.7541627287864685,0.0,0.0,0.22258175909519196,308.6828308105469,160.87667846679688,0.6102243065834045,0.0,0.0,0.19399334490299225,280.501953125,157.88644409179688,0.5240167379379272,0.0,0.0,0.14587365090847015,0.0,0.0,0.34007522463798523
1,True,306.28369140625,117.64530944824219,0.856115996837616,311.33074951171875,113.11174774169922,0.8089866042137146,304.0936279296875,113.6236343383789,0.7757571935653687,0.0,0.0,0.4828530550003052,0.0,0.0,0.27723950147628784,0.0,0.0,0.49382272362709045,303.4970397949219,125.11041259765625,0.852444589138031,0.0,0.0,0.09532658010721207,293.9483337402344,144.26939392089844,0.5818247199058533,0.0,0.0,0.13458648324012756,0.0,0.0,0.47655466198921204,0.0,0.0,0.2575633227825165,0.0,0.0,0.49458321928977966,0.0,0.0,0.15834493935108185,0.0,0.0,0.3233826458454132,0.0,0.0,0.10500548034906387,0.0,0.0,0.18936915695667267
2,True,309.6098327636719,114.70602416992188,0.8360875248908997,313.1793212890625,110.75648498535156,0.6305646896362305,306.9732666015625,111.24356079101562,0.8390766978263855,0.0,0.0,0.2313275784254074,0.0,0.0,0.4968121647834778,0.0,0.0,0.2570379972457886,304.6747131347656,118.05851745605469,0.9368962049484253,0.0,0.0,0.026625342667102814,297.1925354003906,139.83323669433594,0.8559818267822266,0.0,0.0,0.05518162250518799,313.4713439941406,146.6032257080078,0.7464938163757324,0.0,0.0,0.2658388912677765,309.01605224609375,158.5940704345703,0.7279395461082458,0.0,0.0,0.16767217218875885,308.9267272949219,182.5509796142578,0.5863209962844849,0.0,0.0,0.10739289969205856,0.0,0.0,0.32609766721725464
3,True,309.5849609375,114.70808410644531,0.8354107141494751,313.1872253417969,110.76338195800781,0.6295693516731262,306.987060546875,111.22222900390625,0.8371763825416565,0.0,0.0,0.22909387946128845,0.0,0.0,0.49022147059440613,0.0,0.0,0.25494682788848877,304.6611328125,117.99986267089844,0.9356834292411804,0.0,0.0,0.02679896354675293,297.2193908691406,139.81973266601562,0.8549714684486389,0.0,0.0,0.05634059011936188,313.4319763183594,146.60379028320312,0.7477644085884094,0.0,0.0,0.27044475078582764,308.8977355957031,158.80242919921875,0.7316073775291443,0.0,0.0,0.1760471612215042,308.0749816894531,182.5965576171875,0.5984084606170654,0.0,0.0,0.11311644315719604,0.0,0.0,0.33766964077949524
4,True,309.89312744140625,112.04142761230469,0.7943219542503357,314.1199645996094,108.40679931640625,0.6206295490264893,308.0137023925781,108.21530151367188,0.784288227558136,0.0,0.0,0.25336509943008423,0.0,0.0,0.43679091334342957,0.0,0.0,0.40562617778778076,303.6610107421875,115.82472229003906,0.9124593138694763,0.0,0.0,0.06891753524541855,295.7087097167969,137.9527587890625,0.7938091158866882,0.0,0.0,0.10364484786987305,306.51690673828125,142.91094970703125,0.6647205948829651,0.0,0.0,0.35860657691955566,305.510009765625,155.01307678222656,0.7101008892059326,0.0,0.0,0.21917776763439178,294.2434387207031,170.7767791748047,0.530652642250061,0.0,0.0,0.13540035486221313,0.0,0.0,0.29573124647140503
5,True,310.900390625,108.43107604980469,0.8567869067192078,315.2779235839844,104.51496124267578,0.7130730152130127,308.9154052734375,104.56498718261719,0.8653427958488464,0.0,0.0,0.29019251465797424,307.2411804199219,102.34170532226562,0.5166726112365723,0.0,0.0,0.3359321057796478,305.60650634765625,114.63423156738281,0.9317085146903992,0.0,0.0,0.034778665751218796,296.5643615722656,136.0054931640625,0.8047531247138977,0.0,0.0,0.05735372379422188,304.8291015625,140.29327392578125,0.6508777141571045,0.0,0.0,0.2552007734775543,307.4384460449219,156.33425903320312,0.6717542409896851,0.0,0.0,0.14589720964431763,0.0,0.0,0.4852457344532013,0.0,0.0,0.0983765497803688,0.0,0.0,0.2689609229564667
6,True,314.13818359375,104.98878479003906,0.8386099934577942,317.6933288574219,101.02647399902344,0.6021844744682312,311.64056396484375,101.41838073730469,0.8880103826522827,0.0,0.0,0.16986143589019775,308.5226745605469,99.13663482666016,0.6500741839408875,0.0,0.0,0.24170807003974915,306.52264404296875,112.29605865478516,0.9450016021728516,0.0,0.0,0.019950252026319504,297.4134826660156,136.31613159179688,0.8581027388572693,0.0,0.0,0.036196526139974594,305.6254577636719,140.89871215820312,0.7053999304771423,0.0,0.0,0.16909193992614746,308.9894104003906,154.9917755126953,0.6272118091583252,0.0,0.0,0.07317160815000534,0.0,0.0,0.3772779703140259,0.0,0.0,0.04977424815297127,0.0,0.0,0.17921914160251617
7,True,0.0,0.0,0.1853017807006836,0.0,0.0,0.030549395829439163,0.0,0.0,0.289299339056015,0.0,0.0,0.01706833392381668,0.0,0.0,0.39564117789268494,0.0,0.0,0.04835733026266098,309.5192565917969,106.90267944335938,0.9085664749145508,0.0,0.0,0.009203358553349972,298.0909729003906,133.85482788085938,0.9415748715400696,0.0,0.0,0.02594883367419243,309.6630554199219,136.43446350097656,0.8668550252914429,0.0,0.0,0.25090891122817993,309.85235595703125,154.0221405029297,0.8299098014831543,0.0,0.0,0.1477421224117279,307.6258850097656,182.74783325195312,0.7023531198501587,0.0,0.0,0.09018412232398987,0.0,0.0,0.37700071930885315
8,True,0.0,0.0,0.15062326192855835,0.0,0.0,0.01934213750064373,0.0,0.0,0.3077603578567505,0.0,0.0,0.010509338229894638,317.3042297363281,88.23279571533203,0.5240339636802673,0.0,0.0,0.0279079619795084,310.2333068847656,106.21224975585938,0.9149048328399658,0.0,0.0,0.0039330171421170235,299.1081237792969,134.00880432128906,0.9454004168510437,0.0,0.0,0.011657800525426865,310.2357177734375,136.20547485351562,0.8533713817596436,0.0,0.0,0.13573533296585083,311.82470703125,152.97576904296875,0.7626877427101135,0.0,0.0,0.08079022914171219,309.5936584472656,179.2045135498047,0.6219050288200378,0.0,0.0,0.05648253485560417,0.0,0.0,0.3099440932273865
9,True,0.0,0.0,0.15009450912475586,0.0,0.0,0.019009338691830635,0.0,0.0,0.3095378279685974,0.0,0.0,0.010215383023023605,317.3132629394531,88.27208709716797,0.5288766622543335,0.0,0.0,0.02725488878786564,310.2618713378906,106.22225189208984,0.915273904800415,0.0,0.0,0.003722129389643669,299.08404541015625,134.02879333496094,0.9448583126068115,0.0,0.0,0.011132690124213696,310.2665100097656,136.17576599121094,0.852203905582428,0.0,0.0,0.13088874518871307,312.0129089355469,152.97120666503906,0.7580711841583252,0.0,0.0,0.08119605481624603,310.671875,178.76307678222656,0.6274820566177368,0.0,0.0,0.05793595314025879,0.0,0.0,0.31833070516586304
10,True,0.0,0.0,0.10610407590866089,0.0,0.0,0.01996016688644886,0.0,0.0,0.1597786545753479,0.0,0.0,0.020575907081365585,0.0,0.0,0.4018770456314087,0.0,0.0,0.12606044113636017,312.06787109375,104.58485412597656,0.8488917350769043,0.0,0.0,0.03282606974244118,299.59881591796875,130.62881469726562,0.8601443767547607,0.0,0.0,0.04847196117043495,310.5314025878906,135.16799926757812,0.7126188278198242,0.0,0.0,0.2934848368167877,314.078369140625,151.405517578125,0.7229480147361755,0.0,0.0,0.09633558988571167,0.0,0.0,0.3850601017475128,0.0,0.0,0.04492778703570366,0.0,0.0,0.13569477200508118
11,True,0.0,0.0,0.02273775264620781,0.0,0.0,0.0019410455133765936,0.0,0.0,0.04054335504770279,0.0,0.0,0.002305935835465789,0.0,0.0,0.2816466689109802,0.0,0.0,0.07765326648950577,312.1351013183594,104.26563262939453,0.6955539584159851,0.0,0.0,0.03180772811174393,298.7471618652344,131.2337188720703,0.9075927138328552,0.0,0.0,0.047500379383563995,310.9156494140625,134.86190795898438,0.7611940503120422,0.0,0.0,0.30176037549972534,311.76416015625,156.1099395751953,0.7023943066596985,0.0,0.0,0.03326219692826271,0.0,0.0,0.1744185984134674,0.0,0.0,0.007354701403528452,0.0,0.0,0.027717169374227524
12,True,0.0,0.0,0.02678266353905201,0.0,0.0,0.0036660938058048487,0.0,0.0,0.04296296462416649,0.0,0.0,0.00644932733848691,0.0,0.0,0.19177423417568207,0.0,0.0,0.022206850349903107,312.5037536621094,102.23477172851562,0.7807378172874451,0.0,0.0,0.009382984600961208,299.21966552734375,129.69305419921875,0.9217804074287415,0.0,0.0,0.02804742567241192,311.72979736328125,131.19883728027344,0.8457465171813965,0.0,0.0,0.245369091629982,310.324951171875,150.76101684570312,0.803541362285614,0.0,0.0,0.14301608502864838,305.949462890625,180.40719604492188,0.6608843207359314,0.0,0.0,0.07910595834255219,0.0,0.0,0.31789326667785645
13,True,0.0,0.0,0.029959872364997864,0.0,0.0,0.004447323735803366,0.0,0.0,0.044810701161623,0.0,0.0,0.006866850424557924,0.0,0.0,0.18452885746955872,0.0,0.0,0.034135542809963226,313.1330261230469,103.26834106445312,0.7441426515579224,0.0,0.0,0.014357981272041798,300.23443603515625,130.6659393310547,0.8798190951347351,0.0,0.0,0.03778399899601936,312.08013916015625,131.62786865234375,0.7984734773635864,0.0,0.0,0.16164261102676392,314.0277404785156,146.97975158691406,0.6391512751579285,0.0,0.0,0.10466422140598297,0.0,0.0,0.4976639151573181,0.0,0.0,0.0784323662519455,0.0,0.0,0.2679870128631592
14,True,0.0,0.0,0.05579336732625961,0.0,0.0,0.0050791907124221325,0.0,0.0,0.10430298745632172,0.0,0.0,0.0036894232034683228,0.0,0.0,0.3956177830696106,0.0,0.0,0.12550783157348633,310.36798095703125,103.6968765258789,0.7685444951057434,0.0,0.0,0.050126686692237854,298.4367370605469,130.79739379882812,0.923665463924408,0.0,0.0,0.07512138783931732,311.9563903808594,130.10203552246094,0.8134355545043945,0.0,0.0,0.23888622224330902,310.38421630859375,146.7421417236328,0.6127581596374512,0.0,0.0,0.07844583690166473,0.0,0.0,0.3208410441875458,0.0,0.0,0.033836860209703445,0.0,0.0,0.1088719516992569
15,True,0.0,0.0,0.17487992346286774,0.0,0.0,0.01605883613228798,0.0,0.0,0.43245232105255127,0.0,0.0,0.0024857455864548683,313.5791931152344,117.20904541015625,0.6492523550987244,0.0,0.0,0.10587459057569504,307.1649475097656,123.22127532958984,0.7914599180221558,0.0,0.0,0.04300970956683159,298.6736755371094,131.71060180664062,0.9449676275253296,0.0,0.0,0.09125126153230667,311.59515380859375,129.92953491210938,0.8846787810325623,0.0,0.0,0.22088435292243958,307.7786560058594,155.30517578125,0.6156906485557556,0.0,0.0,0.04230010136961937,0.0,0.0,0.22173041105270386,0.0,0.0,0.018892662599682808,0.0,0.0,0.06976976245641708
16,True,0.0,0.0,0.15985989570617676,0.0,0.0,0.01650690659880638,0.0,0.0,0.2870071530342102,0.0,0.0,0.004143749829381704,0.0,0.0,0.45859822630882263,0.0,0.0,0.16388247907161713,309.5229797363281,130.03538513183594,0.7004240155220032,0.0,0.0,0.061830949038267136,299.6170654296875,150.82699584960938,0.8165885806083679,0.0,0.0,0.10208141058683395,312.3603820800781,127.66452026367188,0.7011309266090393,0.0,0.0,0.14160464704036713,0.0,0.0,0.3565542697906494,0.0,0.0,0.02121575176715851,0.0,0.0,0.06952282786369324,0.0,0.0,0.008949582464993,0.0,0.0,0.021845240145921707
17,True,0.0,0.0,0.13178236782550812,0.0,0.0,0.02527943253517151,0.0,0.0,0.15076319873332977,0.0,0.0,0.0260199923068285,0.0,0.0,0.36975812911987305,0.0,0.0,0.3221054971218109,312.9510803222656,130.08663940429688,0.5874404311180115,0.0,0.0,0.08106943219900131,0.0,0.0,0.32755354046821594,0.0,0.0,0.07636231929063797,0.0,0.0,0.20500171184539795,0.0,0.0,0.1946369856595993,0.0,0.0,0.2769699692726135,0.0,0.0,0.04653327912092209,0.0,0.0,0.06885574758052826,0.0,0.0,0.02343391813337803,0.0,0.0,0.031487658619880676
18,True,0.0,0.0,0.05680820718407631,0.0,0.0,0.013215823099017143,0.0,0.0,0.0489964559674263,0.0,0.0,0.020227031782269478,0.0,0.0,0.11920028924942017,0.0,0.0,0.08356298506259918,311.0921936035156,111.59467315673828,0.6291717886924744,0.0,0.0,0.0511954165995121,298.489501953125,137.94195556640625,0.75885009765625,0.0,0.0,0.1035289317369461,313.24932861328125,125.88286590576172,0.6919085383415222,0.0,0.0,0.17017796635627747,0.0,0.0,0.46456995606422424,0.0,0.0,0.0658082515001297,0.0,0.0,0.2103791981935501,0.0,0.0,0.039211977273225784,0.0,0.0,0.09173841774463654
19,False,0.0,0.0,0.0,0.0,0.0,0.0,0.0,0.0,0.0,0.0,0.0,0.0,0.0,0.0,0.0,0.0,0.0,0.0,0.0,0.0,0.0,0.0,0.0,0.0,0.0,0.0,0.0,0.0,0.0,0.0,0.0,0.0,0.0,0.0,0.0,0.0,0.0,0.0,0.0,0.0,0.0,0.0,0.0,0.0,0.0,0.0,0.0,0.0,0.0,0.0,0.0
20,True,0.0,0.0,0.040890686213970184,0.0,0.0,0.020784294232726097,0.0,0.0,0.005607690196484327,0.0,0.0,0.045245591551065445,0.0,0.0,0.008934804238379002,0.0,0.0,0.19069430232048035,0.0,0.0,0.09615302830934525,0.0,0.0,0.49435165524482727,0.0,0.0,0.14674672484397888,212.5413818359375,134.0113067626953,0.663923978805542,0.0,0.0,0.34657642245292664,0.0,0.0,0.14853326976299286,0.0,0.0,0.09422194957733154,0.0,0.0,0.03940591588616371,0.0,0.0,0.019457148388028145,0.0,0.0,0.00970096979290247,0.0,0.0,0.006144812796264887
21,True,0.0,0.0,0.04654964432120323,0.0,0.0,0.023703623563051224,0.0,0.0,0.006340081337839365,0.0,0.0,0.04540105536580086,0.0,0.0,0.009927392937242985,0.0,0.0,0.22607804834842682,0.0,0.0,0.0848911851644516,243.04331970214844,138.73587036132812,0.5339049100875854,0.0,0.0,0.1121663823723793,213.28709411621094,134.51058959960938,0.7024167776107788,0.0,0.0,0.30546048283576965,0.0,0.0,0.10752617567777634,0.0,0.0,0.0569753460586071,0.0,0.0,0.040027275681495667,0.0,0.0,0.01578979194164276,0.0,0.0,0.012819282710552216,0.0,0.0,0.00679244427010417
22,False,0.0,0.0,0.0,0.0,0.0,0.0,0.0,0.0,0.0,0.0,0.0,0.0,0.0,0.0,0.0,0.0,0.0,0.0,0.0,0.0,0.0,0.0,0.0,0.0,0.0,0.0,0.0,0.0,0.0,0.0,0.0,0.0,0.0,0.0,0.0,0.0,0.0,0.0,0.0,0.0,0.0,0.0,0.0,0.0,0.0,0.0,0.0,0.0,0.0,0.0,0.0
23,True,0.0,0.0,0.015781620517373085,0.0,0.0,0.005408907774835825,0.0,0.0,0.0008486162405461073,0.0,0.0,0.009546473622322083,0.0,0.0,0.001065287971869111,0.0,0.0,0.05432999134063721,0.0,0.0,0.13491196930408478,0.0,0.0,0.38287466764450073,222.86672973632812,71.52467346191406,0.5131610631942749,145.26629638671875,114.54446411132812,0.5807069540023804,147.020263671875,100.9587173461914,0.7266218662261963,0.0,0.0,0.19875678420066833,0.0,0.0,0.3054302930831909,0.0,0.0,0.012035774998366833,0.0,0.0,0.017041977494955063,0.0,0.0,0.0011377393966540694,0.0,0.0,0.0018058127025142312
24,True,0.0,0.0,0.0016567041166126728,0.0,0.0,0.0016245781444013119,0.0,0.0,2.315051096957177e-05,0.0,0.0,0.02538936957716942,0.0,0.0,0.00013301681610755622,0.0,0.0,0.17209477722644806,0.0,0.0,0.025894271209836006,195.57562255859375,91.77417755126953,0.8050641417503357,0.0,0.0,0.09942229837179184,116.44377899169922,108.20954132080078,0.7597677707672119,0.0,0.0,0.2595227360725403,294.6196594238281,174.6996612548828,0.5025469064712524,0.0,0.0,0.28842467069625854,0.0,0.0,0.0773991122841835,0.0,0.0,0.02876700833439827,0.0,0.0,0.004672474693506956,0.0,0.0,0.002978414762765169
25,True,0.0,0.0,0.015364786610007286,0.0,0.0,0.006442157551646233,0.0,0.0,0.0010764386970549822,0.0,0.0,0.013284558430314064,0.0,0.0,0.004329990595579147,0.0,0.0,0.14515067636966705,0.0,0.0,0.1625208854675293,0.0,0.0,0.49851128458976746,0.0,0.0,0.3093722462654114,0.0,0.0,0.39998966455459595,0.0,0.0,0.3643993139266968,0.0,0.0,0.3003056049346924,0.0,0.0,0.3336861729621887,0.0,0.0,0.04129825904965401,0.0,0.0,0.030039722099900246,0.0,0.0,0.007225050590932369,0.0,0.0,0.006893188692629337
26,True,0.0,0.0,0.0013466284144669771,0.0,0.0,0.0004615369834937155,0.0,0.0,3.771614137804136e-05,0.0,0.0,0.003950187936425209,0.0,0.0,0.0003387484175618738,0.0,0.0,0.05237501114606857,0.0,0.0,0.03243854641914368,175.30186462402344,65.50786590576172,0.667754590511322,0.0,0.0,0.2180987000465393,83.66674041748047,115.90953063964844,0.7482208609580994,99.19987487792969,112.0123062133789,0.5332484245300293,0.0,0.0,0.2882906198501587,0.0,0.0,0.23161080479621887,0.0,0.0,0.03133108466863632,0.0,0.0,0.01975707896053791,0.0,0.0,0.0027757184579968452,0.0,0.0,0.0025920725893229246
27,True,0.0,0.0,0.0016014004359021783,0.0,0.0,0.0006766381557099521,0.0,0.0,3.3172160328831524e-05,0.0,0.0,0.005363547708839178,0.0,0.0,0.00031956532620824873,0.0,0.0,0.0723157674074173,0.0,0.0,0.019068505614995956,157.67306518554688,72.2957992553711,0.7384853959083557,0.0,0.0,0.10171568393707275,74.46016693115234,120.87713623046875,0.7684900164604187,0.0,0.0,0.34923356771469116,0.0,0.0,0.20592288672924042,0.0,0.0,0.11284239590167999,0.0,0.0,0.014649695716798306,0.0,0.0,0.005555456504225731,0.0,0.0,0.0010193450143560767,0.0,0.0,0.0006785065634176135
28,True,0.0,0.0,0.001577793969772756,0.0,0.0,0.0005525258020497859,0.0,0.0,4.904900197288953e-05,0.0,0.0,0.006765167228877544,0.0,0.0,0.000688267289660871,0.0,0.0,0.08391805738210678,0.0,0.0,0.041536472737789154,148.79019165039062,69.53971099853516,0.6651106476783752,0.0,0.0,0.1549658477306366,76.7282943725586,121.58103942871094,0.6545746326446533,0.0,0.0,0.3795316517353058,0.0,0.0,0.3225513994693756,0.0,0.0,0.2323073148727417,0.0,0.0,0.026355158537626266,0.0,0.0,0.013876359909772873,0.0,0.0,0.001703662914223969,0.0,0.0,0.0014072197955101728
29,True,0.0,0.0,0.0005222136387601495,0.0,0.0,0.0001414909347658977,0.0,0.0,2.4019340344239026e-05,0.0,0.0,0.003378355409950018,0.0,0.0,0.0009082525502890348,0.0,0.0,0.058066364377737045,0.0,0.0,0.0488734245300293,137.69810485839844,73.96436309814453,0.6188558340072632,0.0,0.0,0.26179027557373047,90.9889144897461,118.42341613769531,0.5745810270309448,0.0,0.0,0.47379162907600403,0.0,0.0,0.37067100405693054,0.0,0.0,0.32675355672836304,0.0,0.0,0.013815398328006268,0.0,0.0,0.009358007460832596,0.0,0.0,0.0005531481001526117,0.0,0.0,0.0005326718674041331
30,True,0.0,0.0,0.0022875454742461443,0.0,0.0,0.0008562146686017513,0.0,0.0,0.00010082748485729098,0.0,0.0,0.008349277079105377,0.0,0.0,0.0012374110519886017,0.0,0.0,0.07876772433519363,0.0,0.0,0.05279267951846123,159.39935302734375,63.309547424316406,0.5875000953674316,0.0,0.0,0.2050667256116867,91.12100982666016,117.62909698486328,0.5552959442138672,0.0,0.0,0.4017556309700012,0.0,0.0,0.394428014755249,0.0,0.0,0.3485546112060547,0.0,0.0,0.021596362814307213,0.0,0.0,0.014632175676524639,0.0,0.0,0.0009907868225127459,0.0,0.0,0.0009780424879863858
31,True,0.0,0.0,0.0021234892774373293,0.0,0.0,0.00041943672113120556,0.0,0.0,0.00010410864342702553,0.0,0.0,0.0026582537684589624,0.0,0.0,0.0012650038115680218,0.0,0.0,0.09941038489341736,0.0,0.0,0.13695399463176727,171.22584533691406,75.93017578125,0.7816282510757446,175.966552734375,73.220703125,0.6469652056694031,87.47508239746094,120.30970001220703,0.8213556408882141,98.76815795898438,117.6807632446289,0.8342576026916504,282.3150939941406,169.0191650390625,0.5301263332366943,277.1435852050781,168.784423828125,0.5460613965988159,0.0,0.0,0.020227424800395966,0.0,0.0,0.018881648778915405,0.0,0.0,0.000628390465863049,0.0,0.0,0.0007568146102130413
32,True,0.0,0.0,0.002716336166486144,0.0,0.0,0.0005673727719113231,0.0,0.0,0.00013047958782408386,0.0,0.0,0.00378276314586401,0.0,0.0,0.001646230579353869,0.0,0.0,0.137751504778862,0.0,0.0,0.172196626663208,167.03524780273438,79.59199523925781,0.8095003962516785,175.54689025878906,74.69892883300781,0.6593400835990906,85.78721618652344,119.59879302978516,0.8276424407958984,100.92504119873047,115.74636840820312,0.828127920627594,280.50146484375,165.8385009765625,0.5560388565063477,276.68194580078125,165.08189392089844,0.5639751553535461,0.0,0.0,0.029912905767560005,0.0,0.0,0.026554757729172707,0.0,0.0,0.0010755832772701979,0.0,0.0,0.001247262116521597
33,True,0.0,0.0,0.010267933830618858,0.0,0.0,0.0024303209502249956,0.0,0.0,0.0005938434042036533,0.0,0.0,0.004962045233696699,0.0,0.0,0.002384188352152705,0.0,0.0,0.2310170978307724,0.0,0.0,0.17430339753627777,200.5458221435547,84.96189880371094,0.8500087261199951,200.1173095703125,77.3358154296875,0.5944367051124573,93.9916000366211,119.88683319091797,0.8346404433250427,99.65973663330078,119.44880676269531,0.7230291366577148,267.3385314941406,168.16751098632812,0.5418781638145447,254.3226776123047,160.88150024414062,0.5016357898712158,0.0,0.0,0.05154300853610039,0.0,0.0,0.036394789814949036,0.0,0.0,0.004028741270303726,0.0,0.0,0.0038756742142140865
34,True,0.0,0.0,0.1977587640285492,0.0,0.0,0.11442461609840393,0.0,0.0,0.004647109657526016,0.0,0.0,0.07413189113140106,0.0,0.0,0.0009049591608345509,0.0,0.0,0.19844010472297668,0.0,0.0,0.354503333568573,222.28048706054688,97.82707214355469,0.741870641708374,213.6167449951172,85.56661987304688,0.7304602265357971,109.75486755371094,119.47209930419922,0.9327421188354492,115.9057846069336,115.29362487792969,0.9302757382392883,0.0,0.0,0.21154989302158356,0.0,0.0,0.28882578015327454,0.0,0.0,0.008930109441280365,0.0,0.0,0.011951825581490993,0.0,0.0,0.0003772956843022257,0.0,0.0,0.0006427059997804463
35,True,0.0,0.0,0.27073848247528076,0.0,0.0,0.2067338526248932,0.0,0.0,0.007169851567596197,0.0,0.0,0.21877160668373108,0.0,0.0,0.0017356921453028917,0.0,0.0,0.25263309478759766,0.0,0.0,0.423570454120636,221.17462158203125,113.20333099365234,0.6150205731391907,218.92529296875,93.50033569335938,0.6550720930099487,127.49088287353516,115.440185546875,0.8998427987098694,124.0363998413086,113.53397369384766,0.8974069952964783,0.0,0.0,0.11743048578500748,0.0,0.0,0.17479926347732544,0.0,0.0,0.005150950979441404,0.0,0.0,0.007295653223991394,0.0,0.0,0.0002772775769699365,0.0,0.0,0.00047873627045191824
36,True,0.0,0.0,0.32038116455078125,0.0,0.0,0.2563650608062744,0.0,0.0,0.009460299275815487,0.0,0.0,0.3169381618499756,0.0,0.0,0.0022410121746361256,0.0,0.0,0.32771986722946167,253.86605834960938,70.25989532470703,0.6195886135101318,244.6586151123047,117.21385955810547,0.5228545069694519,218.24761962890625,86.95492553710938,0.7082023620605469,148.13644409179688,104.88871765136719,0.8499879240989685,134.782470703125,104.95325469970703,0.8985084891319275,0.0,0.0,0.18423886597156525,0.0,0.0,0.31174248456954956,0.0,0.0,0.006748088635504246,0.0,0.0,0.012491504661738873,0.0,0.0,0.0003106330113951117,0.0,0.0,0.0006641658837907016
37,True,0.0,0.0,0.030570970848202705,0.0,0.0,0.017005575820803642,0.0,0.0,0.0009276253986172378,0.0,0.0,0.06429910659790039,0.0,0.0,0.0007636538939550519,0.0,0.0,0.20370876789093018,0.0,0.0,0.21874910593032837,256.53790283203125,92.55133819580078,0.6952019333839417,249.5480194091797,74.65248107910156,0.6286787986755371,177.66201782226562,96.005859375,0.8496492505073547,175.31787109375,92.88297271728516,0.8220330476760864,0.0,0.0,0.46547654271125793,271.57281494140625,168.39598083496094,0.5007086396217346,0.0,0.0,0.0170730147510767,0.0,0.0,0.021694261580705643,0.0,0.0,0.0005236336728557944,0.0,0.0,0.0008227528305724263
38,True,0.0,0.0,0.17507652938365936,0.0,0.0,0.21891942620277405,0.0,0.0,0.004313180688768625,240.96829223632812,34.69292449951172,0.5381874442100525,0.0,0.0,0.0015280480729416013,0.0,0.0,0.46226468682289124,0.0,0.0,0.46328043937683105,249.4425048828125,86.36778259277344,0.6026849746704102,250.87628173828125,73.87583923339844,0.5313407778739929,187.65773010253906,86.55323028564453,0.7138885855674744,183.19488525390625,87.85267639160156,0.6750895977020264,274.9865417480469,175.0116424560547,0.6265992522239685,278.38641357421875,165.78045654296875,0.6797516942024231,0.0,0.0,0.04859430715441704,0.0,0.0,0.06743589043617249,0.0,0.0,0.002099683042615652,0.0,0.0,0.0036935547832399607
39,True,0.0,0.0,0.0017082927515730262,0.0,0.0,0.000676557538099587,0.0,0.0,6.739850505255163e-05,0.0,0.0,0.009448304772377014,0.0,0.0,0.00025575951440259814,0.0,0.0,0.14489968121051788,0.0,0.0,0.05916936323046684,260.317138671875,81.3484878540039,0.8155556321144104,0.0,0.0,0.46275949478149414,186.8868865966797,81.0621566772461,0.8607179522514343,184.07736206054688,80.26084899902344,0.672791600227356,267.679443359375,158.55966186523438,0.7932392358779907,260.221923828125,150.46023559570312,0.7027804255485535,0.0,0.0,0.0467771515250206,0.0,0.0,0.03468399494886398,0.0,0.0,0.000911146227736026,0.0,0.0,0.0009037506533786654
40,True,0.0,0.0,0.002005527261644602,0.0,0.0,0.0005371012957766652,0.0,0.0,0.00014023880066815764,0.0,0.0,0.0036784829571843147,0.0,0.0,0.00046448924695141613,0.0,0.0,0.1302298903465271,0.0,0.0,0.085596464574337,257.0632629394531,82.8178939819336,0.8318241238594055,236.88502502441406,65.16561126708984,0.6605973243713379,187.53656005859375,77.1747817993164,0.8881774544715881,182.85345458984375,76.51632690429688,0.8093541860580444,264.8927001953125,152.2410888671875,0.8449512720108032,244.84579467773438,144.5333709716797,0.798612654209137,0.0,0.0,0.06317682564258575,0.0,0.0,0.05158661678433418,0.0,0.0,0.001238746684975922,0.0,0.0,0.0012558127054944634
41,True,0.0,0.0,0.0007059556664898992,0.0,0.0,0.0003038385766558349,0.0,0.0,2.5839670342975296e-05,0.0,0.0,0.006156816612929106,0.0,0.0,0.00015041472215671092,0.0,0.0,0.09608205407857895,0.0,0.0,0.03329439088702202,249.27915954589844,79.99674224853516,0.7633723020553589,0.0,0.0,0.35762664675712585,177.13905334472656,78.62704467773438,0.8111312985420227,171.08779907226562,76.95021057128906,0.5835107564926147,266.23309326171875,155.56317138671875,0.7516392469406128,258.01434326171875,146.90679931640625,0.6474881768226624,0.0,0.0,0.045167215168476105,0.0,0.0,0.03255109116435051,0.0,0.0,0.00095932133262977,0.0,0.0,0.0009312995825894177
42,True,0.0,0.0,0.00046913791447877884,0.0,0.0,0.00021491826919373125,0.0,0.0,1.6746844266890548e-05,0.0,0.0,0.004932817071676254,0.0,0.0,0.00010748334170784801,0.0,0.0,0.06405813992023468,0.0,0.0,0.02143266797065735,251.01211547851562,80.34445190429688,0.726774275302887,0.0,0.0,0.3085314631462097,182.3446044921875,77.68675231933594,0.8037832379341125,174.61903381347656,77.5669174194336,0.5577312111854553,266.77679443359375,152.681884765625,0.7086521983146667,260.0379333496094,144.09622192382812,0.5925471186637878,0.0,0.0,0.04868180677294731,0.0,0.0,0.03411024063825607,0.0,0.0,0.0011996523244306445,0.0,0.0,0.0011328905820846558
43,True,0.0,0.0,0.0005653247353620827,0.0,0.0,0.00023829209385439754,0.0,0.0,2.3744696591165848e-05,0.0,0.0,0.003624002216383815,0.0,0.0,0.00010929253039648756,0.0,0.0,0.05861200392246246,0.0,0.0,0.014896809123456478,259.8596496582031,85.86966705322266,0.7456674575805664,0.0,0.0,0.2719668745994568,188.535400390625,80.69725799560547,0.8305652737617493,190.5025177001953,76.48495483398438,0.5546680092811584,268.51043701171875,156.73683166503906,0.6722442507743835,258.15875244140625,148.47528076171875,0.5128998160362244,0.0,0.0,0.03537070378661156,0.0,0.0,0.023425230756402016,0.0,0.0,0.0008754176669754088,0.0,0.0,0.0007884834194555879
44,True,0.0,0.0,0.0030178045853972435,0.0,0.0,0.0014025364071130753,0.0,0.0,0.00010043730435427278,0.0,0.0,0.006051726173609495,0.0,0.0,0.00012667395640164614,0.0,0.0,0.09552070498466492,0.0,0.0,0.018558884039521217,267.5242004394531,87.92056274414062,0.8336331844329834,0.0,0.0,0.252515971660614,187.31015014648438,80.25629425048828,0.9206292629241943,190.52920532226562,78.94084167480469,0.6093984842300415,270.1961669921875,165.84536743164062,0.6473315954208374,0.0,0.0,0.42972153425216675,0.0,0.0,0.03894595801830292,0.0,0.0,0.019082341343164444,0.0,0.0,0.0010101036168634892,0.0,0.0,0.0007510536815971136
45,True,0.0,0.0,0.0003973674902226776,0.0,0.0,0.0001729524228721857,0.0,0.0,1.3021277482039295e-05,0.0,0.0,0.0024465525057166815,0.0,0.0,5.120938294567168e-05,0.0,0.0,0.031959861516952515,0.0,0.0,0.00825598556548357,260.71044921875,91.01568603515625,0.6878421306610107,0.0,0.0,0.22253471612930298,185.76397705078125,79.42051696777344,0.8272848725318909,186.1315460205078,77.10183715820312,0.5494769811630249,272.71697998046875,166.3078155517578,0.5306030511856079,0.0,0.0,0.3819168508052826,0.0,0.0,0.02321954257786274,0.0,0.0,0.015679094940423965,0.0,0.0,0.0007041206699796021,0.0,0.0,0.000659339944832027
46,True,0.0,0.0,0.003831335110589862,0.0,0.0,0.0014471999602392316,0.0,0.0,0.00012992795382160693,0.0,0.0,0.004872792400419712,0.0,0.0,0.0001513573806732893,0.0,0.0,0.06034635007381439,0.0,0.0,0.02587204985320568,264.9360656738281,90.760986328125,0.711858332157135,0.0,0.0,0.34880074858665466,183.60794067382812,80.41688537597656,0.8829649090766907,185.830078125,78.0501708984375,0.7106680274009705,0.0,0.0,0.42163410782814026,0.0,0.0,0.3260188698768616,0.0,0.0,0.01974881999194622,0.0,0.0,0.015261213295161724,0.0,0.0,0.0006506009958684444,0.0,0.0,0.0006840435089543462
47,True,0.0,0.0,0.002241353038698435,0.0,0.0,0.0006995838484726846,0.0,0.0,7.799662853358313e-05,0.0,0.0,0.002736975671723485,0.0,0.0,0.00011899589298991486,0.0,0.0,0.03705878555774689,0.0,0.0,0.023752834647893906,263.22125244140625,84.68405151367188,0.6618437170982361,0.0,0.0,0.42384448647499084,185.18023681640625,79.28131103515625,0.882072389125824,186.90786743164062,73.64097595214844,0.7865332365036011,0.0,0.0,0.37610331177711487,0.0,0.0,0.3245912790298462,0.0,0.0,0.013115431182086468,0.0,0.0,0.012303533032536507,0.0,0.0,0.00039929262129589915,0.0,0.0,0.0004783786425832659
48,True,0.0,0.0,0.0006407446344383061,0.0,0.0,0.00020786347158718854,0.0,0.0,2.067000968963839e-05,0.0,0.0,0.0015191292623057961,0.0,0.0,5.1662798796314746e-05,0.0,0.0,0.023417089134454727,0.0,0.0,0.012027041055262089,265.5818786621094,84.20929718017578,0.7005858421325684,0.0,0.0,0.4041496515274048,187.60247802734375,80.15234375,0.8976340293884277,189.9569854736328,67.28084564208984,0.7816479206085205,0.0,0.0,0.4467466473579407,0.0,0.0,0.36638790369033813,0.0,0.0,0.016539737582206726,0.0,0.0,0.01398385502398014,0.0,0.0,0.0004924747045151889,0.0,0.0,0.000543185044080019
49,True,0.0,0.0,0.0007455833256244659,0.0,0.0,0.00022550685389433056,0.0,0.0,2.309141927980818e-05,0.0,0.0,0.0014267978258430958,0.0,0.0,5.445653368951753e-05,0.0,0.0,0.02422299236059189,0.0,0.0,0.013725992292165756,265.6200866699219,85.9679183959961,0.6918423771858215,0.0,0.0,0.4249073266983032,186.2220001220703,79.9209976196289,0.8947767615318298,187.16075134277344,67.26959991455078,0.7929095029830933,0.0,0.0,0.3859354555606842,0.0,0.0,0.3252757787704468,0.0,0.0,0.012965284287929535,0.0,0.0,0.011507405899465084,0.0,0.0,0.0004283309099264443,0.0,0.0,0.000490160717163235
50,True,0.0,0.0,0.0005621754098683596,0.0,0.0,0.00022013882698956877,0.0,0.0,1.4708204616908915e-05,0.0,0.0,0.0015108658699318767,0.0,0.0,2.4723542082938366e-05,0.0,0.0,0.017215300351381302,0.0,0.0,0.006519098300486803,270.3782958984375,96.17359161376953,0.6776390671730042,0.0,0.0,0.29285475611686707,188.3278350830078,81.66062927246094,0.9000920057296753,189.11474609375,67.67645263671875,0.7225971221923828,0.0,0.0,0.3493851125240326,0.0,0.0,0.2619520127773285,0.0,0.0,0.016480188816785812,0.0,0.0,0.011962558142840862,0.0,0.0,0.0007642221171408892,0.0,0.0,0.0007536368211731315
51,True,0.0,0.0,0.0009703323594294488,0.0,0.0,0.0003347993770148605,0.0,0.0,2.5662364350864664e-05,0.0,0.0,0.0023334980942308903,0.0,0.0,5.7796478358795866e-05,0.0,0.0,0.05849093571305275,0.0,0.0,0.015285403467714787,267.76873779296875,97.74373626708984,0.8409615159034729,0.0,0.0,0.33666056394577026,189.58123779296875,84.71641540527344,0.9412999153137207,193.79132080078125,67.70317840576172,0.7300505638122559,275.603759765625,183.00071716308594,0.5119771361351013,0.0,0.0,0.3345714509487152,0.0,0.0,0.022864611819386482,0.0,0.0,0.011826799251139164,0.0,0.0,0.0007892509456723928,0.0,0.0,0.0006118319579400122
52,True,0.0,0.0,0.001396335195749998,0.0,0.0,0.0005032646004110575,0.0,0.0,3.641892544692382e-05,0.0,0.0,0.002626935951411724,0.0,0.0,4.550406083581038e-05,0.0,0.0,0.03967050835490227,0.0,0.0,0.015455156564712524,275.3973388671875,114.42357635498047,0.7379966974258423,0.0,0.0,0.3854650557041168,195.80679321289062,88.34724426269531,0.923714280128479,197.71011352539062,72.3283920288086,0.7801526188850403,0.0,0.0,0.3673931956291199,0.0,0.0,0.28343793749809265,0.0,0.0,0.024694127961993217,0.0,0.0,0.01811421476304531,0.0,0.0,0.001268537133000791,0.0,0.0,0.0012476119445636868
53,True,0.0,0.0,0.001497555640526116,0.0,0.0,0.0005844649858772755,0.0,0.0,4.0075003198580816e-05,0.0,0.0,0.00352175603620708,0.0,0.0,5.815806071041152e-05,0.0,0.0,0.055925820022821426,0.0,0.0,0.01722809299826622,272.7940979003906,119.97428894042969,0.7535049915313721,0.0,0.0,0.35027649998664856,198.22308349609375,93.15559387207031,0.916202962398529,204.88954162597656,71.50482177734375,0.7403559684753418,0.0,0.0,0.41653838753700256,0.0,0.0,0.30136361718177795,0.0,0.0,0.02449887804687023,0.0,0.0,0.01718037948012352,0.0,0.0,0.001012861030176282,0.0,0.0,0.0009623913210816681
54,True,0.0,0.0,0.0016086040996015072,0.0,0.0,0.0006605610833503306,0.0,0.0,3.7600071664201096e-05,0.0,0.0,0.004969011526554823,0.0,0.0,6.376324745360762e-05,0.0,0.0,0.061805885285139084,0.0,0.0,0.021542785689234734,272.2508544921875,111.5658950805664,0.7654694318771362,0.0,0.0,0.3763076066970825,201.40792846679688,97.99195098876953,0.9164062738418579,208.4236297607422,78.3083267211914,0.7394503355026245,0.0,0.0,0.39260774850845337,0.0,0.0,0.2889333665370941,0.0,0.0,0.023238467052578926,0.0,0.0,0.016108950600028038,0.0,0.0,0.0009523963672108948,0.0,0.0,0.000904135697055608
55,True,0.0,0.0,0.001546519692055881,0.0,0.0,0.0005538650439120829,0.0,0.0,4.0952025301521644e-05,0.0,0.0,0.0032554995268583298,0.0,0.0,6.02864456595853e-05,0.0,0.0,0.0682401955127716,0.0,0.0,0.018679359927773476,275.3165588378906,123.67142486572266,0.8087542653083801,0.0,0.0,0.3860953152179718,204.45758056640625,102.74307250976562,0.9407401084899902,211.43902587890625,84.76972961425781,0.7785340547561646,0.0,0.0,0.4221150577068329,0.0,0.0,0.2889082133769989,0.0,0.0,0.030248137190937996,0.0,0.0,0.018971504643559456,0.0,0.0,0.001258842647075653,0.0,0.0,0.001089173718355596
56,True,0.0,0.0,0.0023187305778265,0.0,0.0,0.0008443357655778527,0.0,0.0,5.8428558986634016e-05,0.0,0.0,0.004812848288565874,0.0,0.0,0.00010637904779287055,0.0,0.0,0.1134519949555397,0.0,0.0,0.015423544682562351,270.7433166503906,128.81134033203125,0.8250523209571838,0.0,0.0,0.17257796227931976,204.33018493652344,102.07823181152344,0.919751763343811,205.14291381835938,96.55197143554688,0.5312837362289429,0.0,0.0,0.23756740987300873,0.0,0.0,0.10295658558607101,0.0,0.0,0.018183711916208267,0.0,0.0,0.007317639887332916,0.0,0.0,0.0010382096515968442,0.0,0.0,0.0006548925884999335
57,True,0.0,0.0,0.001892485306598246,0.0,0.0,0.0007579199154861271,0.0,0.0,3.986904994235374e-05,0.0,0.0,0.004510357975959778,0.0,0.0,6.725315324729308e-05,0.0,0.0,0.08912666887044907,0.0,0.0,0.01261937990784645,274.10357666015625,121.87239074707031,0.8535776734352112,0.0,0.0,0.22072221338748932,205.72137451171875,107.8922119140625,0.9506188631057739,213.7266387939453,86.95101928710938,0.6665095090866089,0.0,0.0,0.2735627591609955,0.0,0.0,0.12610654532909393,0.0,0.0,0.010729021392762661,0.0,0.0,0.004509238060563803,0.0,0.0,0.00045225571375340223,0.0,0.0,0.0002986094041261822
58,True,0.0,0.0,0.0007681857096031308,0.0,0.0,0.00017488186131231487,0.0,0.0,3.0794471967965364e-05,0.0,0.0,0.0008923242567107081,0.0,0.0,6.149394903331995e-05,0.0,0.0,0.03986471891403198,0.0,0.0,0.01629122532904148,280.2178039550781,128.90155029296875,0.8213698863983154,267.82843017578125,67.16154479980469,0.5356466770172119,204.90997314453125,109.31257629394531,0.9593039155006409,214.63375854492188,84.86257934570312,0.8883801698684692,0.0,0.0,0.4075137674808502,0.0,0.0,0.302720844745636,0.0,0.0,0.016271864995360374,0.0,0.0,0.011553737334907055,0.0,0.0,0.000578892941121012,0.0,0.0,0.0005295420996844769
59,True,0.0,0.0,0.009547709487378597,0.0,0.0,0.007193777710199356,0.0,0.0,0.00018034550885204226,0.0,0.0,0.020630452781915665,0.0,0.0,9.659948409534991e-05,0.0,0.0,0.14766322076320648,0.0,0.0,0.015585746616125107,273.2297058105469,121.44727325439453,0.8809553980827332,0.0,0.0,0.17209741473197937,201.19989013671875,107.18195343017578,0.9650538563728333,218.27423095703125,83.24971771240234,0.6400861740112305,0.0,0.0,0.3181193470954895,0.0,0.0,0.12980438768863678,0.0,0.0,0.015527247451245785,0.0,0.0,0.005409564822912216,0.0,0.0,0.0006947283982299268,0.0,0.0,0.0004130192974116653
60,True,0.0,0.0,0.0032834012527018785,0.0,0.0,0.001104738679714501,0.0,0.0,8.245783828897402e-05,0.0,0.0,0.004278793465346098,0.0,0.0,8.681555482326075e-05,0.0,0.0,0.0889870673418045,0.0,0.0,0.023789040744304657,278.79974365234375,129.74781799316406,0.8407321572303772,0.0,0.0,0.3935326039791107,198.72030639648438,107.2906265258789,0.9540368914604187,217.28143310546875,89.96713256835938,0.7972716093063354,0.0,0.0,0.32369670271873474,0.0,0.0,0.2050166130065918,0.0,0.0,0.016997097060084343,0.0,0.0,0.009949077852070332,0.0,0.0,0.0007377068395726383,0.0,0.0,0.0006137324380688369
61,True,0.0,0.0,0.002658209530636668,0.0,0.0,0.0011210531229153275,0.0,0.0,5.933442298555747e-05,0.0,0.0,0.004724143538624048,0.0,0.0,7.40390969440341e-05,0.0,0.0,0.10018279403448105,0.0,0.0,0.013760007917881012,278.3115539550781,126.00786590576172,0.8790826797485352,0.0,0.0,0.2766072452068329,196.1368408203125,106.68412017822266,0.9656463861465454,213.06671142578125,86.39266967773438,0.7514117360115051,0.0,0.0,0.39971494674682617,0.0,0.0,0.20616750419139862,0.0,0.0,0.01756628043949604,0.0,0.0,0.007938005961477757,0.0,0.0,0.0006418924895115197,0.0,0.0,0.00044563537812791765
62,True,0.0,0.0,0.009553234092891216,0.0,0.0,0.0054020993411540985,0.0,0.0,0.00021234464657027274,0.0,0.0,0.014176370576024055,0.0,0.0,0.00013108429266139865,0.0,0.0,0.1365317404270172,0.0,0.0,0.025594070553779602,276.88641357421875,116.72921752929688,0.8564347624778748,0.0,0.0,0.275639146566391,196.69569396972656,103.18111419677734,0.9620251059532166,213.5885467529297,83.7222900390625,0.7452790141105652,0.0,0.0,0.42201805114746094,0.0,0.0,0.23747865855693817,0.0,0.0,0.022146878764033318,0.0,0.0,0.010480009019374847,0.0,0.0,0.0008588298223912716,0.0,0.0,0.0006271946476772428
63,True,0.0,0.0,0.00667243218049407,0.0,0.0,0.0027200072072446346,0.0,0.0,0.00015987746883183718,0.0,0.0,0.008914929814636707,0.0,0.0,0.00013612651673611253,0.0,0.0,0.11654490977525711,0.0,0.0,0.03655320033431053,278.2706604003906,123.78939819335938,0.8368848562240601,0.0,0.0,0.41677430272102356,195.6459503173828,100.48799133300781,0.9563503265380859,215.98501586914062,78.04920196533203,0.8067328333854675,0.0,0.0,0.3750629425048828,0.0,0.0,0.2542099058628082,0.0,0.0,0.019862757995724678,0.0,0.0,0.011940197087824345,0.0,0.0,0.0007183527923189104,0.0,0.0,0.0006255753105506301
64,True,0.0,0.0,0.04123805835843086,0.0,0.0,0.02924172207713127,0.0,0.0,0.0008810237050056458,0.0,0.0,0.07208184897899628,0.0,0.0,0.00035117403604090214,0.0,0.0,0.30016857385635376,0.0,0.0,0.09273472428321838,274.0119934082031,121.16896057128906,0.8576913475990295,0.0,0.0,0.3668273687362671,195.52899169921875,100.38064575195312,0.949065625667572,215.64947509765625,78.63209533691406,0.7296504974365234,0.0,0.0,0.46196067333221436,0.0,0.0,0.3088981807231903,0.0,0.0,0.027729226276278496,0.0,0.0,0.01570572890341282,0.0,0.0,0.001064324751496315,0.0,0.0,0.0009134436259046197
65,True,0.0,0.0,0.005083812400698662,0.0,0.0,0.0022591915912926197,0.0,0.0,0.0001243539445567876,0.0,0.0,0.007950151339173317,0.0,0.0,0.0001281121076317504,0.0,0.0,0.1138070598244667,0.0,0.0,0.02866527810692787,277.1700744628906,117.34648895263672,0.8457741737365723,0.0,0.0,0.35532742738723755,197.1741180419922,97.64427947998047,0.9560535550117493,212.56533813476562,78.3414306640625,0.781212329864502,0.0,0.0,0.4704926908016205,0.0,0.0,0.30648669600486755,0.0,0.0,0.021624209359288216,0.0,0.0,0.01192254014313221,0.0,0.0,0.0007201514672487974,0.0,0.0,0.0005841219099238515
66,True,0.0,0.0,0.0071580116637051105,0.0,0.0,0.0032175378873944283,0.0,0.0,0.00017286404909100384,0.0,0.0,0.014238766394555569,0.0,0.0,0.00019694263755809516,0.0,0.0,0.13238272070884705,0.0,0.0,0.04426620155572891,276.7630920410156,110.20011901855469,0.7959388494491577,0.0,0.0,0.3432042598724365,197.44017028808594,97.02804565429688,0.9255319833755493,208.91287231445312,80.54003143310547,0.7084422707557678,0.0,0.0,0.37997695803642273,0.0,0.0,0.2586386203765869,0.0,0.0,0.017242729663848877,0.0,0.0,0.010705639608204365,0.0,0.0,0.0006032253731973469,0.0,0.0,0.0005416255444288254
67,True,0.0,0.0,0.004837933462113142,0.0,0.0,0.001925977529026568,0.0,0.0,0.00011536049714777619,0.0,0.0,0.008956842124462128,0.0,0.0,0.00011786883260356262,0.0,0.0,0.09489396959543228,0.0,0.0,0.03954850509762764,277.4485778808594,125.45535278320312,0.7637156248092651,0.0,0.0,0.42047861218452454,200.81686401367188,101.23809814453125,0.9189613461494446,206.3764190673828,82.51249694824219,0.760898232460022,0.0,0.0,0.35428398847579956,0.0,0.0,0.27546754479408264,0.0,0.0,0.019537879154086113,0.0,0.0,0.01436575036495924,0.0,0.0,0.0008042219560593367,0.0,0.0,0.0008051593904383481
68,True,0.0,0.0,0.007080419920384884,0.0,0.0,0.002922761719673872,0.0,0.0,0.00013685834710486233,0.0,0.0,0.014295251108705997,0.0,0.0,0.00013210104953031987,0.0,0.0,0.13492171466350555,0.0,0.0,0.07690557092428207,275.9327697753906,114.37130737304688,0.8442137837409973,271.388916015625,69.83148956298828,0.6038731932640076,197.36734008789062,99.21405029296875,0.9542049765586853,200.1285858154297,70.62771606445312,0.8636824488639832,0.0,0.0,0.4785709083080292,0.0,0.0,0.40906310081481934,0.0,0.0,0.024828091263771057,0.0,0.0,0.01883082278072834,0.0,0.0,0.0007017322932370007,0.0,0.0,0.0007400449248962104
69,True,0.0,0.0,0.002911882009357214,0.0,0.0,0.0011760006891563535,0.0,0.0,6.258104258449748e-05,0.0,0.0,0.008038531988859177,0.0,0.0,8.376375626539811e-05,0.0,0.0,0.08491507917642593,0.0,0.0,0.043585434556007385,274.29547119140625,114.63628387451172,0.8027037382125854,270.78436279296875,68.11155700683594,0.5426664352416992,197.69229125976562,96.05836486816406,0.9323439598083496,198.92669677734375,65.91792297363281,0.8235433101654053,0.0,0.0,0.45630013942718506,0.0,0.0,0.39018213748931885,0.0,0.0,0.02396252006292343,0.0,0.0,0.01891605369746685,0.0,0.0,0.0007622709963470697,0.0,0.0,0.000815459992736578
70,True,0.0,0.0,0.003948511090129614,0.0,0.0,0.0013361667515709996,0.0,0.0,0.00011226010974496603,0.0,0.0,0.0034363921731710434,0.0,0.0,8.192143286578357e-05,0.0,0.0,0.07207801192998886,0.0,0.0,0.026052238419651985,281.51129150390625,123.26771545410156,0.8386728763580322,267.67034912109375,61.800025939941406,0.5149450302124023,197.00025939941406,97.13304901123047,0.9599676132202148,198.08779907226562,68.81251525878906,0.8692556023597717,0.0,0.0,0.46898841857910156,0.0,0.0,0.3634779155254364,0.0,0.0,0.019693022593855858,0.0,0.0,0.013540323823690414,0.0,0.0,0.0006360090337693691,0.0,0.0,0.0005901288241147995
71,True,0.0,0.0,0.0067507135681807995,0.0,0.0,0.0026284370105713606,0.0,0.0,0.0001639859692659229,0.0,0.0,0.008463126607239246,0.0,0.0,0.0001386751391692087,0.0,0.0,0.09618624299764633,0.0,0.0,0.05347742885351181,282.24078369140625,108.76170349121094,0.8070746660232544,268.383544921875,63.19874954223633,0.5631200075149536,197.85833740234375,97.74215698242188,0.9524160027503967,199.45855712890625,72.22444152832031,0.8816482424736023,0.0,0.0,0.4761996269226074,0.0,0.0,0.40525302290916443,0.0,0.0,0.01639357954263687,0.0,0.0,0.014032837003469467,0.0,0.0,0.0004264559829607606,0.0,0.0,0.0004863170615863055
72,True,0.0,0.0,0.005544482730329037,0.0,0.0,0.002422182122245431,0.0,0.0,0.00012613758735824376,0.0,0.0,0.012502497993409634,0.0,0.0,0.00014276430010795593,0.0,0.0,0.12192109227180481,0.0,0.0,0.042713578790426254,275.7142028808594,112.22206115722656,0.8079499006271362,0.0,0.0,0.4091799557209015,194.38882446289062,97.50225067138672,0.9255911111831665,198.3486328125,77.87602233886719,0.7501522898674011,0.0,0.0,0.4065813720226288,0.0,0.0,0.2967093288898468,0.0,0.0,0.019777586683630943,0.0,0.0,0.013878311030566692,0.0,0.0,0.0006448418134823442,0.0,0.0,0.0006308233714662492
73,True,0.0,0.0,0.010970456525683403,0.0,0.0,0.00632402952760458,0.0,0.0,0.00022073595027904958,0.0,0.0,0.029750777408480644,0.0,0.0,0.0002044669381575659,0.0,0.0,0.20642238855361938,0.0,0.0,0.06304904073476791,272.11114501953125,114.17782592773438,0.8636497259140015,0.0,0.0,0.41730374097824097,191.521484375,95.92112731933594,0.9521806836128235,199.31411743164062,77.0986328125,0.7761618494987488,278.59442138671875,185.5107421875,0.5029621124267578,0.0,0.0,0.35431531071662903,0.0,0.0,0.03170843422412872,0.0,0.0,0.019085340201854706,0.0,0.0,0.0009594758739694953,0.0,0.0,0.0008578278939239681
74,True,0.0,0.0,0.0029977743979543447,0.0,0.0,0.0015139731112867594,0.0,0.0,6.61164231132716e-05,0.0,0.0,0.016126690432429314,0.0,0.0,0.00017808304983191192,0.0,0.0,0.1949390470981598,0.0,0.0,0.03198511153459549,263.5802001953125,118.5571517944336,0.8563421964645386,0.0,0.0,0.2289007008075714,184.68508911132812,96.33418273925781,0.9158743619918823,196.67526245117188,78.92596435546875,0.5450567603111267,0.0,0.0,0.47120997309684753,0.0,0.0,0.26375412940979004,0.0,0.0,0.04022429138422012,0.0,0.0,0.018680032342672348,0.0,0.0,0.0014818536583334208,0.0,0.0,0.0010626099538058043
75,True,0.0,0.0,0.0027180237229913473,0.0,0.0,0.0009868635097518563,0.0,0.0,8.854711632011458e-05,0.0,0.0,0.010949327610433102,0.0,0.0,0.0004539704241324216,0.0,0.0,0.18807220458984375,0.0,0.0,0.056808460503816605,248.06625366210938,100.373046875,0.8224788904190063,0.0,0.0,0.2813473641872406,173.67431640625,92.68708038330078,0.8665293455123901,178.59402465820312,92.89314270019531,0.5445029735565186,0.0,0.0,0.48787781596183777,0.0,0.0,0.3141188621520996,0.0,0.0,0.030858615413308144,0.0,0.0,0.016217222437262535,0.0,0.0,0.0010465307859703898,0.0,0.0,0.000808772339951247
76,True,0.0,0.0,0.003212363924831152,0.0,0.0,0.001173039199784398,0.0,0.0,6.905062036821619e-05,0.0,0.0,0.009121955372393131,0.0,0.0,0.00022692714992444962,0.0,0.0,0.24486097693443298,0.0,0.0,0.052528150379657745,242.34437561035156,105.91516876220703,0.9437478184700012,0.0,0.0,0.4910198152065277,145.01986694335938,96.68519592285156,0.9751728177070618,198.01026916503906,62.13533020019531,0.8344249129295349,272.02960205078125,171.7618865966797,0.6598026156425476,0.0,0.0,0.4396956264972687,0.0,0.0,0.050759125500917435,0.0,0.0,0.025439580902457237,0.0,0.0,0.001033555599860847,0.0,0.0,0.000787696335464716
77,True,0.0,0.0,0.0028231306932866573,0.0,0.0,0.0011203560279682279,0.0,0.0,5.3400814067572355e-05,0.0,0.0,0.009637001901865005,0.0,0.0,0.00018777252989821136,0.0,0.0,0.23664240539073944,0.0,0.0,0.04225091636180878,244.75018310546875,106.40282440185547,0.9445069432258606,0.0,0.0,0.4316082298755646,144.4879150390625,96.95207214355469,0.9753307104110718,196.73849487304688,62.980133056640625,0.8045223355293274,272.0166015625,173.82806396484375,0.6360480785369873,0.0,0.0,0.39663687348365784,0.0,0.0,0.046357396990060806,0.0,0.0,0.021243633702397346,0.0,0.0,0.0009140379261225462,0.0,0.0,0.0006592259742319584
78,True,0.0,0.0,0.0010245938319712877,0.0,0.0,0.00027299660723656416,0.0,0.0,2.2796888515586033e-05,0.0,0.0,0.00234219734556973,0.0,0.0,0.00010466826643096283,0.0,0.0,0.07182684540748596,0.0,0.0,0.034068383276462555,234.0234375,91.29922485351562,0.9050018787384033,246.4701385498047,58.090850830078125,0.5864992737770081,134.05496215820312,109.63455200195312,0.9718722105026245,174.52142333984375,90.94255065917969,0.9066405296325684,280.27508544921875,183.0216064453125,0.5420163869857788,0.0,0.0,0.4188060760498047,0.0,0.0,0.014224357903003693,0.0,0.0,0.009411744773387909,0.0,0.0,0.0002544958551879972,0.0,0.0,0.00024057705013547093
79,True,0.0,0.0,0.004046255256980658,0.0,0.0,0.0013455335283651948,0.0,0.0,0.00011004201951436698,0.0,0.0,0.006837658118456602,0.0,0.0,0.00026199291460216045,0.0,0.0,0.07477822154760361,0.0,0.0,0.05722859129309654,240.76080322265625,93.50990295410156,0.7462789416313171,0.0,0.0,0.48603612184524536,146.3416748046875,112.84796142578125,0.9009374380111694,155.99440002441406,106.72564697265625,0.8147542476654053,0.0,0.0,0.3364107608795166,0.0,0.0,0.30110982060432434,0.0,0.0,0.010943163186311722,0.0,0.0,0.00991546269506216,0.0,0.0,0.0003527379303704947,0.0,0.0,0.00042540495633147657
80,True,0.0,0.0,0.007099577225744724,0.0,0.0,0.0026953055057674646,0.0,0.0,0.00018481204460840672,0.0,0.0,0.011099804192781448,0.0,0.0,0.00031265694997273386,0.0,0.0,0.08369003981351852,0.0,0.0,0.07208061963319778,239.03009033203125,95.25738525390625,0.7284500598907471,242.5184326171875,74.07708740234375,0.5155231356620789,146.38406372070312,112.96868133544922,0.8968154191970825,154.86363220214844,106.98705291748047,0.825147807598114,0.0,0.0,0.3110751211643219,0.0,0.0,0.29725298285484314,0.0,0.0,0.009609679691493511,0.0,0.0,0.009359638206660748,0.0,0.0,0.00034365151077508926,0.0,0.0,0.00044095228076912463
81,True,0.0,0.0,0.004101742058992386,0.0,0.0,0.0012861259747296572,0.0,0.0,0.00010494220623513684,0.0,0.0,0.004395350348204374,0.0,0.0,0.00010374434350524098,0.0,0.0,0.08727389574050903,0.0,0.0,0.046273648738861084,267.4567565917969,141.12078857421875,0.8186871409416199,262.16851806640625,89.52375030517578,0.6024020910263062,181.89950561523438,116.41189575195312,0.9480245113372803,196.50778198242188,97.40350341796875,0.8808275461196899,0.0,0.0,0.3665759265422821,0.0,0.0,0.3124886453151703,0.0,0.0,0.014956524595618248,0.0,0.0,0.013073842041194439,0.0,0.0,0.0005297589232213795,0.0,0.0,0.0005965055897831917
82,True,0.0,0.0,0.0028163972310721874,0.0,0.0,0.001008695224300027,0.0,0.0,5.78357903577853e-05,0.0,0.0,0.006303303875029087,0.0,0.0,0.00011266483488725498,0.0,0.0,0.2011333853006363,0.0,0.0,0.027245713397860527,259.9232482910156,134.00509643554688,0.9301809668540955,0.0,0.0,0.3640088140964508,185.76724243164062,122.71578979492188,0.9728618264198303,210.70526123046875,88.74207305908203,0.7814652323722839,0.0,0.0,0.4459582269191742,0.0,0.0,0.2201347053050995,0.0,0.0,0.02013513259589672,0.0,0.0,0.008334429934620857,0.0,0.0,0.0005954448133707047,0.0,0.0,0.0003919356968253851
83,True,0.0,0.0,0.002647619228810072,0.0,0.0,0.0009386909659951925,0.0,0.0,5.203263572184369e-05,0.0,0.0,0.006166273728013039,0.0,0.0,0.00010979277431033552,0.0,0.0,0.20695540308952332,0.0,0.0,0.026632238179445267,258.84869384765625,135.40560913085938,0.9334579706192017,0.0,0.0,0.3552277386188507,185.3195343017578,122.62091827392578,0.9732561707496643,210.72938537597656,88.39295196533203,0.7743949294090271,0.0,0.0,0.42663732171058655,0.0,0.0,0.20267190039157867,0.0,0.0,0.017467958852648735,0.0,0.0,0.0069745369255542755,0.0,0.0,0.0005011000321246684,0.0,0.0,0.00032253426616080105
84,True,0.0,0.0,0.0008290178375318646,0.0,0.0,0.00030146099743433297,0.0,0.0,1.6434247299912386e-05,0.0,0.0,0.004434844944626093,0.0,0.0,8.124956366373226e-05,0.0,0.0,0.09632492065429688,0.0,0.0,0.020569726824760437,260.1089172363281,121.51332092285156,0.8443748950958252,0.0,0.0,0.36578720808029175,189.8616485595703,125.04751586914062,0.9344872832298279,204.63226318359375,86.23430633544922,0.7488919496536255,0.0,0.0,0.39062342047691345,0.0,0.0,0.24729889631271362,0.0,0.0,0.016036096960306168,0.0,0.0,0.009678494185209274,0.0,0.0,0.00046928637311793864,0.0,0.0,0.0004094948526471853
85,True,0.0,0.0,0.003612086409702897,0.0,0.0,0.0014329813420772552,0.0,0.0,7.755489059491083e-05,0.0,0.0,0.010290224105119705,0.0,0.0,0.0001478433987358585,0.0,0.0,0.150424987077713,0.0,0.0,0.040299784392118454,263.3868103027344,113.08692932128906,0.8554098010063171,0.0,0.0,0.4114391505718231,191.25643920898438,124.65441131591797,0.9372744560241699,196.7603759765625,91.57960510253906,0.7693583369255066,0.0,0.0,0.44293051958084106,0.0,0.0,0.30062711238861084,0.0,0.0,0.01644810661673546,0.0,0.0,0.010447945445775986,0.0,0.0,0.00046644240501336753,0.0,0.0,0.0004279840213712305
86,True,0.0,0.0,0.002428596606478095,0.0,0.0,0.0010798403527587652,0.0,0.0,4.761290256283246e-05,0.0,0.0,0.0118031557649374,0.0,0.0,0.00013489792763721198,0.0,0.0,0.1396709531545639,0.0,0.0,0.02958718128502369,261.7861022949219,111.04781341552734,0.8255335688591003,0.0,0.0,0.26779165863990784,194.35812377929688,125.26216125488281,0.9068977236747742,189.43338012695312,92.40831756591797,0.6144934296607971,0.0,0.0,0.41079333424568176,0.0,0.0,0.24620355665683746,0.0,0.0,0.015245434828102589,0.0,0.0,0.008312487043440342,0.0,0.0,0.00045496385428123176,0.0,0.0,0.0003758756793104112
87,True,0.0,0.0,0.0026321271434426308,0.0,0.0,0.0010627644369378686,0.0,0.0,5.6450699048582464e-05,0.0,0.0,0.008571761660277843,0.0,0.0,0.00010786014900077134,0.0,0.0,0.08706214278936386,0.0,0.0,0.03439007326960564,260.26177978515625,111.77203369140625,0.7752934098243713,0.0,0.0,0.40357184410095215,192.8139190673828,123.47645568847656,0.9058137536048889,185.769775390625,89.97567749023438,0.7469387650489807,0.0,0.0,0.3611766993999481,0.0,0.0,0.2727468013763428,0.0,0.0,0.011807131581008434,0.0,0.0,0.008632842451334,0.0,0.0,0.0003980034089181572,0.0,0.0,0.0004021906934212893
88,True,0.0,0.0,0.0018291734158992767,0.0,0.0,0.0008208639919757843,0.0,0.0,3.54754738509655e-05,0.0,0.0,0.009693025611341,0.0,0.0,8.344303205376491e-05,0.0,0.0,0.10651684552431107,0.0,0.0,0.036335818469524384,262.1050109863281,107.55081176757812,0.8398985862731934,0.0,0.0,0.43942973017692566,195.3152618408203,123.4124526977539,0.9282294511795044,186.59024047851562,88.53935241699219,0.759228527545929,267.839111328125,183.38946533203125,0.547896683216095,0.0,0.0,0.4134553372859955,0.0,0.0,0.020292110741138458,0.0,0.0,0.013172496110200882,0.0,0.0,0.000539973727427423,0.0,0.0,0.0005008213920518756
89,True,0.0,0.0,0.003281694371253252,0.0,0.0,0.0016627215081825852,0.0,0.0,6.0935479268664494e-05,0.0,0.0,0.012716683559119701,0.0,0.0,8.08069744380191e-05,0.0,0.0,0.11109486222267151,0.0,0.0,0.03567071259021759,262.58551025390625,115.1416244506836,0.833221971988678,0.0,0.0,0.41968396306037903,194.97494506835938,126.93998718261719,0.9292687177658081,185.5210418701172,87.05555725097656,0.7529699802398682,0.0,0.0,0.4925907254219055,0.0,0.0,0.36387214064598083,0.0,0.0,0.019451245665550232,0.0,0.0,0.0124669773504138,0.0,0.0,0.0006335941725410521,0.0,0.0,0.0005856845527887344
90,True,0.0,0.0,0.001370353507809341,0.0,0.0,0.0005967711913399398,0.0,0.0,2.7810863684862852e-05,0.0,0.0,0.0060308147221803665,0.0,0.0,5.358251291909255e-05,0.0,0.0,0.06378699839115143,0.0,0.0,0.024236179888248444,266.5421447753906,112.56659698486328,0.806672990322113,0.0,0.0,0.4291841387748718,197.13827514648438,127.05860900878906,0.922601044178009,185.05072021484375,90.15565490722656,0.7642177939414978,269.3122253417969,185.0239715576172,0.5095264911651611,0.0,0.0,0.3924146294593811,0.0,0.0,0.016011016443371773,0.0,0.0,0.010836491361260414,0.0,0.0,0.0004297044069971889,0.0,0.0,0.00041007791878655553
91,True,0.0,0.0,0.0013059189077466726,0.0,0.0,0.0005400669178925455,0.0,0.0,2.6572872229735367e-05,0.0,0.0,0.007480322383344173,0.0,0.0,7.97456013970077e-05,0.0,0.0,0.09846866875886917,0.0,0.0,0.04215375334024429,259.2919616699219,117.14356231689453,0.8145272731781006,0.0,0.0,0.4985549747943878,198.60302734375,126.03376770019531,0.9111851453781128,184.6579132080078,85.94972229003906,0.7806830406188965,269.31475830078125,184.60641479492188,0.518498420715332,0.0,0.0,0.4181697964668274,0.0,0.0,0.016870202496647835,0.0,0.0,0.012584877200424671,0.0,0.0,0.00047667764010839164,0.0,0.0,0.0004894533776678145
92,True,0.0,0.0,0.00358241586945951,0.0,0.0,0.0010755551047623158,0.0,0.0,0.00010598072549328208,0.0,0.0,0.00634882552549243,0.0,0.0,0.00014622951857745647,0.0,0.0,0.08562169224023819,0.0,0.0,0.11391273140907288,260.0576477050781,99.94766998291016,0.7845675945281982,246.84494018554688,73.5018539428711,0.8001226186752319,206.5876922607422,129.9634246826172,0.9210624694824219,191.05908203125,84.99583435058594,0.9192794561386108,265.10821533203125,182.5494842529297,0.5592538118362427,250.51597595214844,172.0947265625,0.586689829826355,0.0,0.0,0.013752263970673084,0.0,0.0,0.015939319506287575,0.0,0.0,0.0004143482947256416,0.0,0.0,0.000579706160351634
93,True,0.0,0.0,0.0011534710647538304,0.0,0.0,0.0004521639202721417,0.0,0.0,2.6005944164353423e-05,0.0,0.0,0.0055833980441093445,0.0,0.0,5.968006735201925e-05,0.0,0.0,0.05810878425836563,0.0,0.0,0.03985152766108513,263.5432434082031,111.1275405883789,0.79740309715271,252.21234130859375,66.56708526611328,0.6305899620056152,206.9931182861328,131.48989868164062,0.9257939457893372,192.8192901611328,86.02706146240234,0.862982988357544,266.2872619628906,180.99398803710938,0.6086034774780273,261.1098327636719,168.3783416748047,0.5582402348518372,0.0,0.0,0.01804930903017521,0.0,0.0,0.015783658251166344,0.0,0.0,0.0004715057439170778,0.0,0.0,0.0005409190198406577
94,True,0.0,0.0,0.0019497362663969398,0.0,0.0,0.0007877196767367423,0.0,0.0,4.5466887968359515e-05,0.0,0.0,0.006505382247269154,0.0,0.0,6.65088664391078e-05,0.0,0.0,0.07298236340284348,0.0,0.0,0.03990980610251427,269.91229248046875,104.17780303955078,0.8232768177986145,254.62442016601562,62.345001220703125,0.5971783399581909,206.1554718017578,134.60105895996094,0.9389481544494629,195.30592346191406,83.3035888671875,0.8634589314460754,269.2349853515625,181.84036254882812,0.6563693881034851,260.1394958496094,170.11395263671875,0.5773655772209167,0.0,0.0,0.01915510930120945,0.0,0.0,0.015646550804376602,0.0,0.0,0.00041447748662903905,0.0,0.0,0.0004536166088655591
95,True,0.0,0.0,0.0020513993222266436,0.0,0.0,0.0008331826538778841,0.0,0.0,4.8315225285477936e-05,0.0,0.0,0.0067963795736432076,0.0,0.0,6.853623199276626e-05,0.0,0.0,0.07679092884063721,0.0,0.0,0.041529636830091476,270.3056640625,103.41957092285156,0.8279826045036316,254.3731689453125,62.580055236816406,0.6003316640853882,206.18019104003906,134.47427368164062,0.9402756690979004,195.23040771484375,83.13682556152344,0.8640033602714539,268.1983947753906,181.28628540039062,0.6741371154785156,258.79766845703125,169.75222778320312,0.5937833786010742,0.0,0.0,0.020558932796120644,0.0,0.0,0.016684336587786674,0.0,0.0,0.00043690690654329956,0.0,0.0,0.0004746418271679431
96,True,0.0,0.0,0.0018196061719208956,0.0,0.0,0.000722835655324161,0.0,0.0,4.31937187386211e-05,0.0,0.0,0.006113821640610695,0.0,0.0,6.922632019268349e-05,0.0,0.0,0.06986935436725616,0.0,0.0,0.03791365772485733,268.8511962890625,104.4263916015625,0.8186855912208557,254.91925048828125,61.983184814453125,0.5884534120559692,206.07174682617188,134.7053680419922,0.937545657157898,195.3441162109375,83.57838439941406,0.8610890507698059,269.49481201171875,180.95614624023438,0.6404643058776855,261.5187072753906,169.230712890625,0.559459388256073,0.0,0.0,0.018219998106360435,0.0,0.0,0.014817740768194199,0.0,0.0,0.0003958860761485994,0.0,0.0,0.00043068884406238794
97,True,0.0,0.0,0.002416837029159069,0.0,0.0,0.0009265653789043427,0.0,0.0,4.962718958267942e-05,0.0,0.0,0.009337813593447208,0.0,0.0,0.00012867712939623743,0.0,0.0,0.15012127161026,0.0,0.0,0.06921524554491043,253.55514526367188,104.71304321289062,0.9025788903236389,258.6072082519531,65.01725769042969,0.656197190284729,186.59976196289062,134.9481964111328,0.965781569480896,207.02606201171875,75.8607177734375,0.8973594903945923,269.60662841796875,178.27516174316406,0.7064273357391357,267.1939392089844,168.35671997070312,0.5903077125549316,0.0,0.0,0.02232237718999386,0.0,0.0,0.01575401797890663,0.0,0.0,0.0003323462442494929,0.0,0.0,0.00032366072991862893
98,True,0.0,0.0,0.0022142301313579082,0.0,0.0,0.0010101021034643054,0.0,0.0,3.923857002519071e-05,0.0,0.0,0.010036967694759369,0.0,0.0,9.111152030527592e-05,0.0,0.0,0.15894916653633118,0.0,0.0,0.03955671191215515,250.1826629638672,110.67770385742188,0.9306029677391052,259.5250244140625,61.027748107910156,0.5269507169723511,174.70660400390625,136.93141174316406,0.9740121960639954,206.25128173828125,74.21693420410156,0.8541954159736633,267.01708984375,178.2163848876953,0.733883798122406,263.19708251953125,165.49725341796875,0.5487791299819946,0.0,0.0,0.031363822519779205,0.0,0.0,0.015899309888482094,0.0,0.0,0.0005167446797713637,0.0,0.0,0.0003985256189480424
99,True,0.0,0.0,0.0020079738460481167,0.0,0.0,0.0009325178107246757,0.0,0.0,3.34657852363307e-05,0.0,0.0,0.010723364539444447,0.0,0.0,8.39439089759253e-05,0.0,0.0,0.17328205704689026,0.0,0.0,0.042922768741846085,249.397705078125,110.4068374633789,0.935409665107727,259.4423828125,61.134185791015625,0.5389296412467957,173.78140258789062,136.60572814941406,0.9751269817352295,206.9335174560547,73.47953033447266,0.8587711453437805,266.1728820800781,178.0,0.7734969258308411,262.60052490234375,165.55343627929688,0.5968334674835205,0.0,0.0,0.03628954663872719,0.0,0.0,0.018679970875382423,0.0,0.0,0.0005540910642594099,0.0,0.0,0.00043297928641550243
100,True,0.0,0.0,0.00368219125084579,0.0,0.0,0.0019202844705432653,0.0,0.0,5.8664056268753484e-05,0.0,0.0,0.022185593843460083,0.0,0.0,0.00019131050794385374,0.0,0.0,0.3336891829967499,0.0,0.0,0.06242876499891281,237.3773193359375,113.73344421386719,0.9448850154876709,0.0,0.0,0.38327744603157043,156.589111328125,129.09852600097656,0.966556966304779,206.11769104003906,65.95462799072266,0.716465175151825,267.80523681640625,173.42047119140625,0.7493555545806885,269.7839050292969,161.181396484375,0.5063263773918152,0.0,0.0,0.07007844746112823,0.0,0.0,0.026942407712340355,0.0,0.0,0.001512222457677126,0.0,0.0,0.0009502771426923573
101,True,0.0,0.0,0.0031481722835451365,0.0,0.0,0.0013286503963172436,0.0,0.0,5.6531080190325156e-05,0.0,0.0,0.009891430847346783,0.0,0.0,0.00017997718532569706,0.0,0.0,0.17999783158302307,0.0,0.0,0.032092854380607605,239.70469665527344,114.631103515625,0.9221299886703491,0.0,0.0,0.32257845997810364,151.3229217529297,130.700927734375,0.9634661674499512,165.65306091308594,113.8586654663086,0.7072879076004028,0.0,0.0,0.48927098512649536,0.0,0.0,0.26517266035079956,0.0,0.0,0.014776324853301048,0.0,0.0,0.0055727967992424965,0.0,0.0,0.00031159521313384175,0.0,0.0,0.00019857820007018745
102,True,0.0,0.0,0.002161499112844467,0.0,0.0,0.00098992302082479,0.0,0.0,3.2372983696404845e-05,0.0,0.0,0.010319485329091549,0.0,0.0,0.00013806886272504926,0.0,0.0,0.22763948142528534,0.0,0.0,0.025427261367440224,235.27557373046875,116.39319610595703,0.9431114196777344,0.0,0.0,0.2663353383541107,151.15628051757812,130.65525817871094,0.9708431363105774,189.95596313476562,87.62129211425781,0.6710873246192932,266.28924560546875,187.26589965820312,0.5732209086418152,0.0,0.0,0.27995458245277405,0.0,0.0,0.023815743625164032,0.0,0.0,0.007440399844199419,0.0,0.0,0.0004475041350815445,0.0,0.0,0.0002459958486724645
103,True,0.0,0.0,0.002025935798883438,0.0,0.0,0.0008696640143170953,0.0,0.0,3.180849671480246e-05,0.0,0.0,0.009409735910594463,0.0,0.0,0.00014974955411162227,0.0,0.0,0.23383568227291107,0.0,0.0,0.027351588010787964,235.03565979003906,116.15166473388672,0.9455545544624329,0.0,0.0,0.287352591753006,151.2630615234375,130.6172332763672,0.9716529250144958,193.076416015625,85.57011413574219,0.688564121723175,266.50994873046875,185.9895477294922,0.6007429957389832,0.0,0.0,0.30553138256073,0.0,0.0,0.025249384343624115,0.0,0.0,0.008039151318371296,0.0,0.0,0.0004505152173805982,0.0,0.0,0.0002496794331818819
104,True,0.0,0.0,0.005556005518883467,0.0,0.0,0.002403588267043233,0.0,0.0,6.690542795695364e-05,0.0,0.0,0.014849524013698101,0.0,0.0,0.00012035640247631818,0.0,0.0,0.29843586683273315,0.0,0.0,0.0802106112241745,237.82516479492188,112.24821472167969,0.9670863747596741,267.84844970703125,57.133544921875,0.6512240767478943,146.38827514648438,128.9798583984375,0.9886101484298706,214.3815155029297,62.876739501953125,0.915450930595398,276.468994140625,185.53646850585938,0.7668659090995789,272.3046875,172.23101806640625,0.5837687253952026,0.0,0.0,0.04543548822402954,0.0,0.0,0.02164696902036667,0.0,0.0,0.0006666998378932476,0.0,0.0,0.0004971874295733869
105,True,0.0,0.0,0.004338899627327919,0.0,0.0,0.0020277141593396664,0.0,0.0,3.993503196397796e-05,0.0,0.0,0.01666160859167576,0.0,0.0,7.926862599560991e-05,0.0,0.0,0.33702701330184937,0.0,0.0,0.07982038706541061,237.4925079345703,112.29810333251953,0.9730327725410461,266.7804260253906,56.28699493408203,0.6271323561668396,147.812744140625,127.86705017089844,0.9904370903968811,209.77362060546875,61.285247802734375,0.9116373658180237,279.0345153808594,188.03712463378906,0.7863677740097046,277.1320495605469,174.4525146484375,0.589787483215332,0.0,0.0,0.0673205554485321,0.0,0.0,0.029269075021147728,0.0,0.0,0.0011202743044123054,0.0,0.0,0.0007883781800046563
106,True,0.0,0.0,0.0027166411746293306,0.0,0.0,0.0011084694415330887,0.0,0.0,3.133167410851456e-05,0.0,0.0,0.010349835269153118,0.0,0.0,8.172542584361508e-05,0.0,0.0,0.26406803727149963,0.0,0.0,0.0623324029147625,237.0301513671875,113.02493286132812,0.9702366590499878,265.3228454589844,55.249420166015625,0.6469627618789673,148.3175048828125,129.6892852783203,0.9890316128730774,213.359375,61.752197265625,0.9148942828178406,274.4131164550781,183.252685546875,0.799370527267456,269.736328125,170.90606689453125,0.6113779544830322,0.0,0.0,0.04176878556609154,0.0,0.0,0.019596640020608902,0.0,0.0,0.0005250020185485482,0.0,0.0,0.000387549283914268
107,True,0.0,0.0,0.0019264521542936563,0.0,0.0,0.0007320040604099631,0.0,0.0,2.2731759599992074e-05,0.0,0.0,0.007724156603217125,0.0,0.0,7.263713632710278e-05,0.0,0.0,0.250418484210968,0.0,0.0,0.05207438766956329,241.63848876953125,112.79753112792969,0.9701462388038635,269.3564758300781,54.237464904785156,0.6237758994102478,152.2408905029297,131.91275024414062,0.9886950850486755,214.63198852539062,61.17754364013672,0.9058536887168884,272.37255859375,182.7675018310547,0.7945196032524109,269.26446533203125,170.41693115234375,0.5925222039222717,0.0,0.0,0.0458950474858284,0.0,0.0,0.020728880539536476,0.0,0.0,0.000591732095927,0.0,0.0,0.00041946591227315366
108,True,0.0,0.0,0.002287142677232623,0.0,0.0,0.0009160691988654435,0.0,0.0,2.3954102289280854e-05,0.0,0.0,0.007886695675551891,0.0,0.0,5.577476986218244e-05,0.0,0.0,0.2180454134941101,0.0,0.0,0.04175027459859848,244.777587890625,119.32131958007812,0.9681817889213562,269.7234802246094,53.50895690917969,0.5914802551269531,155.06015014648438,135.37611389160156,0.9897106289863586,210.564453125,62.67591857910156,0.9066922664642334,274.93560791015625,189.26333618164062,0.7261736392974854,271.9229431152344,175.33370971679688,0.5006675124168396,0.0,0.0,0.03890075907111168,0.0,0.0,0.016828369349241257,0.0,0.0,0.0005976460524834692,0.0,0.0,0.0004175025678705424
109,True,0.0,0.0,0.0027706034015864134,0.0,0.0,0.0011449531884863973,0.0,0.0,3.0761511879973114e-05,0.0,0.0,0.00821005366742611,0.0,0.0,5.843647522851825e-05,0.0,0.0,0.20149248838424683,0.0,0.0,0.040041495114564896,246.05923461914062,118.61137390136719,0.9625121355056763,268.6893005371094,54.1448974609375,0.5708164572715759,155.1993865966797,135.31439208984375,0.9879712462425232,208.2944793701172,64.25285339355469,0.8978677988052368,275.7943115234375,190.06167602539062,0.6960715055465698,0.0,0.0,0.47453373670578003,0.0,0.0,0.036482181400060654,0.0,0.0,0.016201868653297424,0.0,0.0,0.0006314103957265615,0.0,0.0,0.00045198676525615156
110,True,0.0,0.0,0.0027627754025161266,0.0,0.0,0.0014125885209068656,0.0,0.0,2.4877746909623966e-05,0.0,0.0,0.01275196485221386,0.0,0.0,4.7756962885614485e-05,0.0,0.0,0.2085261046886444,0.0,0.0,0.03883359581232071,245.41134643554688,120.22946166992188,0.9593092799186707,269.06695556640625,52.56525421142578,0.5022062659263611,156.0171661376953,135.12704467773438,0.9857600331306458,200.50950622558594,62.750457763671875,0.8587798476219177,275.1006774902344,189.2170867919922,0.7043075561523438,0.0,0.0,0.47990795969963074,0.0,0.0,0.04661902040243149,0.0,0.0,0.018993401899933815,0.0,0.0,0.0009119101450778544,0.0,0.0,0.0006235354230739176
111,True,0.0,0.0,0.0014814628520980477,0.0,0.0,0.0005754620651714504,0.0,0.0,1.4556339920090977e-05,0.0,0.0,0.005145675502717495,0.0,0.0,3.2736155844759196e-05,0.0,0.0,0.16218692064285278,0.0,0.0,0.03483204171061516,251.09344482421875,121.16334533691406,0.9637701511383057,264.223388671875,46.76750946044922,0.6033352613449097,158.33663940429688,136.20628356933594,0.99017333984375,202.7162322998047,52.862579345703125,0.9180487394332886,276.7451171875,190.75270080566406,0.7338282465934753,270.9570617675781,176.1864471435547,0.5303038954734802,0.0,0.0,0.0501750148832798,0.0,0.0,0.02290472202003002,0.0,0.0,0.0008606185438111424,0.0,0.0,0.0006214180612005293
112,True,0.0,0.0,0.0010389783419668674,0.0,0.0,0.00038579609827138484,0.0,0.0,8.01745136413956e-06,0.0,0.0,0.0052283029071986675,0.0,0.0,2.721054079302121e-05,0.0,0.0,0.1931055337190628,0.0,0.0,0.042737800627946854,248.04440307617188,119.44326782226562,0.9703220725059509,264.4576110839844,45.24267578125,0.6446349024772644,158.4356689453125,136.1139678955078,0.9914880990982056,199.71847534179688,50.86913299560547,0.9278357028961182,276.19622802734375,192.31683349609375,0.7275190949440002,277.0666809082031,177.62393188476562,0.5238164067268372,0.0,0.0,0.04329221323132515,0.0,0.0,0.01967615634202957,0.0,0.0,0.0006336201331578195,0.0,0.0,0.00046103837667033076
113,True,0.0,0.0,0.0018288532737642527,0.0,0.0,0.0006953198462724686,0.0,0.0,1.7500287867733277e-05,0.0,0.0,0.0059742555022239685,0.0,0.0,3.770610419451259e-05,0.0,0.0,0.17537258565425873,0.0,0.0,0.048460107296705246,248.3120574951172,119.23253631591797,0.9664245843887329,262.7345275878906,45.088890075683594,0.703650176525116,159.2681427001953,136.7061309814453,0.9912704229354858,201.45094299316406,50.68531799316406,0.9424474835395813,275.3771667480469,191.53268432617188,0.7305343151092529,269.51904296875,177.50547790527344,0.5585395097732544,0.0,0.0,0.03473665565252304,0.0,0.0,0.018106603994965553,0.0,0.0,0.0004968704888597131,0.0,0.0,0.0003966822405345738
114,True,0.0,0.0,0.0011492003686726093,0.0,0.0,0.00036419127718545496,0.0,0.0,1.093056289391825e-05,0.0,0.0,0.003984689712524414,0.0,0.0,3.688965807668865e-05,0.0,0.0,0.167548269033432,0.0,0.0,0.04614102467894554,247.14675903320312,118.79112243652344,0.9658926725387573,260.3719787597656,39.85984802246094,0.7063234448432922,158.78952026367188,136.9129638671875,0.990882396697998,199.1381378173828,49.60540008544922,0.944911539554596,275.8360595703125,191.3424835205078,0.6826810836791992,273.7231140136719,177.19882202148438,0.501587986946106,0.0,0.0,0.024204665794968605,0.0,0.0,0.013070391491055489,0.0,0.0,0.00031509934342466295,0.0,0.0,0.00025881995679810643
115,True,0.0,0.0,0.0024690667632967234,0.0,0.0,0.0008573274244554341,0.0,0.0,2.92949680442689e-05,0.0,0.0,0.005239822901785374,0.0,0.0,5.512485222425312e-05,0.0,0.0,0.183394655585289,0.0,0.0,0.048897236585617065,249.78530883789062,118.26447296142578,0.9662862420082092,259.58734130859375,38.99401092529297,0.6945580244064331,160.00489807128906,136.7420654296875,0.991031289100647,199.29270935058594,50.9891357421875,0.941648542881012,278.0450134277344,192.3360595703125,0.7106273770332336,268.8752746582031,178.17630004882812,0.5277405381202698,0.0,0.0,0.028025763109326363,0.0,0.0,0.014447377994656563,0.0,0.0,0.0004221900017000735,0.0,0.0,0.0003329237224534154
116,True,0.0,0.0,0.0027114241383969784,0.0,0.0,0.0009366467711515725,0.0,0.0,3.1388171919388697e-05,0.0,0.0,0.005994372069835663,0.0,0.0,5.977866385364905e-05,0.0,0.0,0.20902983844280243,0.0,0.0,0.05957605689764023,250.3724365234375,117.96047973632812,0.9681283831596375,260.435791015625,40.18024444580078,0.716018795967102,160.19863891601562,136.39413452148438,0.9912881255149841,199.54586791992188,51.77252960205078,0.9449290633201599,278.417236328125,191.39305114746094,0.7280124425888062,270.0185546875,177.56336975097656,0.5535477995872498,0.0,0.0,0.030800307169556618,0.0,0.0,0.01624717004597187,0.0,0.0,0.0004433870781213045,0.0,0.0,0.00035529042361304164
117,True,0.0,0.0,0.001548737520352006,0.0,0.0,0.0004644688742700964,0.0,0.0,1.6528538253623992e-05,0.0,0.0,0.0028585803229361773,0.0,0.0,3.5314162232680246e-05,0.0,0.0,0.1369643360376358,0.0,0.0,0.040279652923345566,255.03855895996094,123.42350769042969,0.9626291990280151,257.7435607910156,37.564414978027344,0.7262666821479797,160.93792724609375,136.99374389648438,0.9920431971549988,197.77281188964844,49.34337615966797,0.9552794694900513,280.0599365234375,195.74032592773438,0.6024718880653381,0.0,0.0,0.43458065390586853,0.0,0.0,0.021048255264759064,0.0,0.0,0.011619716882705688,0.0,0.0,0.0003487296053208411,0.0,0.0,0.00028813467361032963
118,True,0.0,0.0,0.0009763117996044457,0.0,0.0,0.000277412444120273,0.0,0.0,9.822831088968087e-06,0.0,0.0,0.0022607247810810804,0.0,0.0,3.039641524082981e-05,0.0,0.0,0.13112996518611908,0.0,0.0,0.03480041027069092,250.6718292236328,122.94488525390625,0.9654294848442078,259.57513427734375,36.326324462890625,0.7172262668609619,159.83181762695312,136.54849243164062,0.9924519658088684,197.9849090576172,47.82202911376953,0.9554413557052612,278.4878845214844,195.2177734375,0.6412396430969238,0.0,0.0,0.4606349766254425,0.0,0.0,0.022457048296928406,0.0,0.0,0.012109874747693539,0.0,0.0,0.00032456638291478157,0.0,0.0,0.00026333396090194583
119,True,0.0,0.0,0.0010618666419759393,0.0,0.0,0.00030235183658078313,0.0,0.0,1.1028085282305256e-05,0.0,0.0,0.002258425345644355,0.0,0.0,2.8117539841332473e-05,0.0,0.0,0.12435732781887054,0.0,0.0,0.039949145168066025,251.23275756835938,121.51911926269531,0.9671173691749573,255.5364227294922,37.705589294433594,0.7690359950065613,159.47616577148438,136.55047607421875,0.9933156371116638,196.90554809570312,46.764503479003906,0.9654167890548706,279.6170654296875,193.903564453125,0.6733346581459045,268.96875,178.87442016601562,0.5149809718132019,0.0,0.0,0.024005383253097534,0.0,0.0,0.013780723325908184,0.0,0.0,0.00034160344512201846,0.0,0.0,0.00028893325361423194
120,True,0.0,0.0,0.0010349033400416374,0.0,0.0,0.0003075934655498713,0.0,0.0,1.052298739523394e-05,0.0,0.0,0.0019127175910398364,0.0,0.0,2.0783902073162608e-05,0.0,0.0,0.09173425287008286,0.0,0.0,0.031597867608070374,248.79734802246094,121.4487075805664,0.9643380641937256,248.93511962890625,38.856224060058594,0.7783786058425903,159.17724609375,137.13507080078125,0.9933939576148987,193.69168090820312,45.976715087890625,0.9701378345489502,282.6551513671875,196.4742889404297,0.6791747808456421,268.01312255859375,182.39007568359375,0.5328437089920044,0.0,0.0,0.018931936472654343,0.0,0.0,0.011574067175388336,0.0,0.0,0.00024402470444329083,0.0,0.0,0.00021926782210357487
121,True,0.0,0.0,0.0008320347405970097,0.0,0.0,0.00023323166533373296,0.0,0.0,8.237046131398529e-06,0.0,0.0,0.0016344019677489996,0.0,0.0,1.942362723639235e-05,0.0,0.0,0.09052232652902603,0.0,0.0,0.03067459724843502,250.04457092285156,123.43125915527344,0.9644699096679688,252.0885772705078,39.97430419921875,0.776768147945404,159.58689880371094,136.9553680419922,0.9936949610710144,194.43429565429688,46.474220275878906,0.970536470413208,282.0440368652344,195.98788452148438,0.6534203290939331,269.9419250488281,180.78631591796875,0.5037342309951782,0.0,0.0,0.02129753679037094,0.0,0.0,0.012664783746004105,0.0,0.0,0.0002963820588774979,0.0,0.0,0.0002595501719042659
122,True,0.0,0.0,0.0012860940769314766,0.0,0.0,0.00040255970088765025,0.0,0.0,1.3438558198686223e-05,0.0,0.0,0.0024707079865038395,0.0,0.0,2.5325716705992818e-05,0.0,0.0,0.10812116414308548,0.0,0.0,0.037151142954826355,249.19625854492188,120.84077453613281,0.9624818563461304,249.756103515625,39.281097412109375,0.7672002911567688,160.19436645507812,137.072509765625,0.9925129413604736,194.2628631591797,46.34746551513672,0.9659979343414307,283.0296630859375,194.64874267578125,0.6908983588218689,268.7676696777344,180.5334014892578,0.5459620952606201,0.0,0.0,0.022117620334029198,0.0,0.0,0.013503343798220158,0.0,0.0,0.0002951225033029914,0.0,0.0,0.0002653188130352646
123,True,0.0,0.0,0.0010715388925746083,0.0,0.0,0.00033958005951717496,0.0,0.0,9.75936563918367e-06,0.0,0.0,0.0024484351743012667,0.0,0.0,2.0418779968167655e-05,0.0,0.0,0.11657585203647614,0.0,0.0,0.0339575856924057,250.29437255859375,122.83905792236328,0.9667320847511292,251.07931518554688,38.54585266113281,0.7435104250907898,160.52012634277344,137.58067321777344,0.993133544921875,194.40945434570312,45.240150451660156,0.9616497159004211,281.05841064453125,196.82286071777344,0.6754785776138306,268.81768798828125,181.52035522460938,0.5086953043937683,0.0,0.0,0.023358317092061043,0.0,0.0,0.012832130305469036,0.0,0.0,0.00033953023375943303,0.0,0.0,0.0002837007341440767
124,True,0.0,0.0,0.0009832315845414996,0.0,0.0,0.00029572920175269246,0.0,0.0,9.234339813701808e-06,0.0,0.0,0.0019915075972676277,0.0,0.0,2.0619490896933712e-05,0.0,0.0,0.09723324328660965,0.0,0.0,0.028650810942053795,249.6446533203125,121.37553405761719,0.9588464498519897,251.9385528564453,36.08831787109375,0.7116377949714661,160.2371826171875,137.32754516601562,0.992141842842102,193.44918823242188,44.94396209716797,0.9590641260147095,281.87677001953125,196.19586181640625,0.6098095178604126,0.0,0.0,0.4444487690925598,0.0,0.0,0.021669834852218628,0.0,0.0,0.012269032187759876,0.0,0.0,0.00034665720886550844,0.0,0.0,0.0002956840908154845
125,True,0.0,0.0,0.0010701647261157632,0.0,0.0,0.0003533326671458781,0.0,0.0,1.1053111848013941e-05,0.0,0.0,0.0022378445137292147,0.0,0.0,2.0063745978404768e-05,0.0,0.0,0.0950612798333168,0.0,0.0,0.0252581387758255,251.36151123046875,117.30692291259766,0.9618651866912842,248.54478454589844,32.99181365966797,0.6897144913673401,161.06430053710938,137.44505310058594,0.9922698736190796,192.35543823242188,44.93968963623047,0.9543857574462891,280.95257568359375,192.4088134765625,0.692798376083374,267.0552978515625,177.6285400390625,0.5142543911933899,0.0,0.0,0.024861542508006096,0.0,0.0,0.013347610831260681,0.0,0.0,0.00036254667793400586,0.0,0.0,0.00029879994690418243
126,True,0.0,0.0,0.0010345475748181343,0.0,0.0,0.00032922113314270973,0.0,0.0,9.852177754510194e-06,0.0,0.0,0.0020381922367960215,0.0,0.0,1.6978181520244107e-05,0.0,0.0,0.0883977860212326,0.0,0.0,0.02319210395216942,253.93972778320312,118.29566955566406,0.9614847302436829,251.00527954101562,34.231292724609375,0.6847720742225647,161.82679748535156,137.405029296875,0.9927696585655212,192.52359008789062,45.24346160888672,0.95622718334198,281.0027770996094,195.39210510253906,0.6536657214164734,0.0,0.0,0.47073665261268616,0.0,0.0,0.020999759435653687,0.0,0.0,0.011323656886816025,0.0,0.0,0.00030441672424785793,0.0,0.0,0.0002526442112866789
127,True,0.0,0.0,0.001206943765282631,0.0,0.0,0.000379884906578809,0.0,0.0,1.189363047160441e-05,0.0,0.0,0.0021811434999108315,0.0,0.0,1.9621418687165715e-05,0.0,0.0,0.09561526030302048,0.0,0.0,0.02723039872944355,254.10079956054688,118.76366424560547,0.9605172276496887,249.9929962158203,36.365089416503906,0.7035942077636719,161.82757568359375,137.2820587158203,0.992500364780426,192.34661865234375,45.83660125732422,0.9582540988922119,282.01361083984375,196.7398223876953,0.6471019387245178,0.0,0.0,0.47430482506752014,0.0,0.0,0.021059557795524597,0.0,0.0,0.011753048747777939,0.0,0.0,0.0003166134119965136,0.0,0.0,0.0002693761489354074
128,True,0.0,0.0,0.001146421069279313,0.0,0.0,0.0003588982217479497,0.0,0.0,1.1957945389440283e-05,0.0,0.0,0.0019933092407882214,0.0,0.0,1.8810816982295364e-05,0.0,0.0,0.08017835021018982,0.0,0.0,0.026272030547261238,254.57872009277344,117.10685729980469,0.9564772844314575,250.06275939941406,36.227272033691406,0.7204870581626892,161.69056701660156,137.2877655029297,0.9919514656066895,192.09107971191406,45.5977783203125,0.9605353474617004,283.38275146484375,196.0821533203125,0.654394268989563,0.0,0.0,0.49913135170936584,0.0,0.0,0.020114479586482048,0.0,0.0,0.011935023590922356,0.0,0.0,0.0003029468352906406,0.0,0.0,0.00026959969545714557
129,True,0.0,0.0,0.000942859856877476,0.0,0.0,0.0003003175661433488,0.0,0.0,9.694691470940597e-06,0.0,0.0,0.001857271301560104,0.0,0.0,1.6221052646869794e-05,0.0,0.0,0.077940434217453,0.0,0.0,0.024417728185653687,256.26141357421875,116.58702087402344,0.95864337682724,250.36782836914062,36.781700134277344,0.7130100131034851,161.2414093017578,137.14688110351562,0.9920998215675354,191.28570556640625,43.23384094238281,0.9582846164703369,283.3409729003906,194.3511199951172,0.6885195374488831,266.2364501953125,179.68759155273438,0.5295750498771667,0.0,0.0,0.024951156228780746,0.0,0.0,0.014208146370947361,0.0,0.0,0.0003806022577919066,0.0,0.0,0.00032898044446483254
130,True,0.0,0.0,0.0009119675378315151,0.0,0.0,0.00029540713876485825,0.0,0.0,9.676559784566052e-06,0.0,0.0,0.0017666638595983386,0.0,0.0,1.5711679225205444e-05,0.0,0.0,0.0697307139635086,0.0,0.0,0.02259994111955166,256.7779541015625,116.41753387451172,0.9554755091667175,249.47023010253906,34.95783233642578,0.7102533578872681,161.14260864257812,137.33648681640625,0.9916715025901794,191.05130004882812,43.53662872314453,0.9580367207527161,283.8609619140625,194.02020263671875,0.6843080520629883,265.1863098144531,179.1013641357422,0.5309396982192993,0.0,0.0,0.02336905151605606,0.0,0.0,0.013656264171004295,0.0,0.0,0.0003587793617043644,0.0,0.0,0.0003164281661156565
131,True,0.0,0.0,0.0008744901861064136,0.0,0.0,0.0002617457357700914,0.0,0.0,8.699444151716307e-06,0.0,0.0,0.0016919440822675824,0.0,0.0,1.556488496134989e-05,0.0,0.0,0.0788254514336586,0.0,0.0,0.024916736409068108,253.63238525390625,119.99810791015625,0.9600589275360107,249.51242065429688,34.698646545410156,0.7259581685066223,159.63433837890625,136.93942260742188,0.9928839206695557,190.9784698486328,42.41459655761719,0.9639085531234741,282.8601379394531,195.9199676513672,0.6851975321769714,267.6869201660156,181.40628051757812,0.5266688466072083,0.0,0.0,0.023290211334824562,0.0,0.0,0.013768946751952171,0.0,0.0,0.00032377708703279495,0.0,0.0,0.0002868196170311421
132,True,0.0,0.0,0.0009604558581486344,0.0,0.0,0.0002842191606760025,0.0,0.0,1.0910057426372077e-05,0.0,0.0,0.001417367486283183,0.0,0.0,1.659109148022253e-05,0.0,0.0,0.05934400111436844,0.0,0.0,0.019815718755126,255.74119567871094,119.12669372558594,0.9503328204154968,248.31146240234375,33.367576599121094,0.6972995400428772,160.64920043945312,138.01132202148438,0.9916199445724487,189.6174774169922,41.46582794189453,0.9590339660644531,283.3381042480469,198.14427185058594,0.5908147692680359,0.0,0.0,0.4354189932346344,0.0,0.0,0.015819208696484566,0.0,0.0,0.009238828904926777,0.0,0.0,0.0002640648162923753,0.0,0.0,0.00023069142480380833
133,True,0.0,0.0,0.0009501400054432452,0.0,0.0,0.00029904305119998753,0.0,0.0,1.195900586026255e-05,0.0,0.0,0.001311875181272626,0.0,0.0,1.527261883893516e-05,0.0,0.0,0.04603699967265129,0.0,0.0,0.01640401780605316,257.82110595703125,117.87881469726562,0.9382664561271667,246.17774963378906,31.198623657226562,0.6688119173049927,162.05694580078125,137.89669799804688,0.9900756478309631,191.4990234375,40.25511932373047,0.9547824859619141,285.65533447265625,198.0436553955078,0.5933945775032043,0.0,0.0,0.44671380519866943,0.0,0.0,0.01622958853840828,0.0,0.0,0.009755021892488003,0.0,0.0,0.0002878751838579774,0.0,0.0,0.0002570816723164171
134,True,0.0,0.0,0.0012315917992964387,0.0,0.0,0.0004039231571368873,0.0,0.0,1.6874455468496308e-05,0.0,0.0,0.0016001040348783135,0.0,0.0,1.9078615878243e-05,0.0,0.0,0.052414670586586,0.0,0.0,0.018877165392041206,260.42315673828125,120.72398376464844,0.9391405582427979,244.87631225585938,28.18920135498047,0.681167721748352,162.24253845214844,138.3438262939453,0.9900806546211243,189.17172241210938,40.670631408691406,0.955369234085083,285.69677734375,198.37548828125,0.6205671429634094,0.0,0.0,0.47808709740638733,0.0,0.0,0.016833728179335594,0.0,0.0,0.010335661470890045,0.0,0.0,0.000295975711196661,0.0,0.0,0.00026915717171505094
135,True,0.0,0.0,0.0010190119501203299,0.0,0.0,0.00032407601247541606,0.0,0.0,1.5596773664583452e-05,0.0,0.0,0.0012985910288989544,0.0,0.0,1.9486913515720516e-05,0.0,0.0,0.03985917195677757,0.0,0.0,0.016378263011574745,260.8488464355469,114.98017883300781,0.9172524809837341,242.35549926757812,24.3299560546875,0.6363244652748108,162.80027770996094,138.01400756835938,0.9865824580192566,186.71389770507812,41.29667663574219,0.947756290435791,288.0639953613281,194.90847778320312,0.5859792232513428,0.0,0.0,0.45514434576034546,0.0,0.0,0.015405778773128986,0.0,0.0,0.01008626725524664,0.0,0.0,0.0002818738284986466,0.0,0.0,0.00026760395849123597
136,True,0.0,0.0,0.0011610210640355945,0.0,0.0,0.000363697181455791,0.0,0.0,1.8130889657186344e-05,0.0,0.0,0.00137465784791857,0.0,0.0,2.1779907910968177e-05,0.0,0.0,0.040314655750989914,0.0,0.0,0.01865195855498314,260.6523132324219,112.63067626953125,0.9107905626296997,241.12823486328125,25.49530029296875,0.6493252515792847,162.64578247070312,138.45669555664062,0.9850986003875732,185.61578369140625,41.433021545410156,0.9482409358024597,288.6862487792969,194.7694854736328,0.5623204708099365,0.0,0.0,0.44509223103523254,0.0,0.0,0.012968463823199272,0.0,0.0,0.008993057534098625,0.0,0.0,0.00023583072470501065,0.0,0.0,0.00023311963013838977
137,True,0.0,0.0,0.0012282119132578373,0.0,0.0,0.00039547827327623963,0.0,0.0,1.8772198018268682e-05,0.0,0.0,0.001469859154894948,0.0,0.0,2.166826197935734e-05,0.0,0.0,0.04231027141213417,0.0,0.0,0.01855458691716194,261.3523254394531,113.36251831054688,0.9149532318115234,241.81968688964844,24.890487670898438,0.6447075009346008,162.67733764648438,138.5605926513672,0.98576420545578,185.8415069580078,41.335975646972656,0.947224497795105,288.84423828125,195.05035400390625,0.5649508237838745,0.0,0.0,0.44240424036979675,0.0,0.0,0.013338558375835419,0.0,0.0,0.008958674967288971,0.0,0.0,0.000244499824475497,0.0,0.0,0.000236678562941961
138,True,0.0,0.0,0.0009280187077820301,0.0,0.0,0.00030147077632136643,0.0,0.0,1.245360999746481e-05,0.0,0.0,0.0012362577253952622,0.0,0.0,1.5519945009145886e-05,0.0,0.0,0.04150565341114998,0.0,0.0,0.013019662350416183,258.4681701660156,114.22222900390625,0.9220932722091675,242.0905303955078,20.608840942382812,0.574036180973053,162.68728637695312,138.31881713867188,0.9869140982627869,184.6793212890625,38.521339416503906,0.9390530586242676,287.6632995605469,195.6586456298828,0.582050085067749,0.0,0.0,0.42367270588874817,0.0,0.0,0.016067970544099808,0.0,0.0,0.00975031591951847,0.0,0.0,0.0002906822192016989,0.0,0.0,0.00026400768547318876
139,True,0.0,0.0,0.0011447110446169972,0.0,0.0,0.00036435379297472537,0.0,0.0,1.7006283087539487e-05,0.0,0.0,0.0013407837832346559,0.0,0.0,1.99001697183121e-05,0.0,0.0,0.04532570764422417,0.0,0.0,0.015603111125528812,259.1377258300781,114.80084228515625,0.9210551977157593,239.6990966796875,21.28044891357422,0.5902374386787415,162.7008514404297,138.3147430419922,0.9865224957466125,184.92813110351562,37.81304168701172,0.940108597278595,288.5533447265625,196.38916015625,0.5767175555229187,0.0,0.0,0.42472830414772034,0.0,0.0,0.014989874325692654,0.0,0.0,0.009169700555503368,0.0,0.0,0.00027534866239875555,0.0,0.0,0.0002494852524250746
140,True,0.0,0.0,0.0015769725432619452,0.0,0.0,0.0005777355981990695,0.0,0.0,2.2000729586579837e-05,0.0,0.0,0.001712788944132626,0.0,0.0,1.8995518985320814e-05,0.0,0.0,0.04404205083847046,0.0,0.0,0.01348470151424408,260.901123046875,115.23798370361328,0.9161220192909241,241.45803833007812,19.12054443359375,0.5499705672264099,163.12167358398438,138.78506469726562,0.9860914349555969,185.08651733398438,35.807456970214844,0.9318654537200928,288.9141540527344,196.2613525390625,0.5578723549842834,0.0,0.0,0.4031144976615906,0.0,0.0,0.01697961799800396,0.0,0.0,0.00993247888982296,0.0,0.0,0.00035870022838935256,0.0,0.0,0.0003195781318936497
141,True,0.0,0.0,0.0017454297048971057,0.0,0.0,0.0006789797334931791,0.0,0.0,2.274635153298732e-05,0.0,0.0,0.0019870742689818144,0.0,0.0,1.7849564756033942e-05,0.0,0.0,0.046185534447431564,0.0,0.0,0.012175342068076134,259.17529296875,115.47614288330078,0.9215347170829773,243.26763916015625,18.371437072753906,0.5190608501434326,162.52923583984375,139.02947998046875,0.9870712161064148,186.2017822265625,36.04450988769531,0.9258368611335754,286.43927001953125,197.44619750976562,0.5403077602386475,0.0,0.0,0.37022295594215393,0.0,0.0,0.016659695655107498,0.0,0.0,0.009052803739905357,0.0,0.0,0.00036654589348472655,0.0,0.0,0.0003105743962805718
142,True,0.0,0.0,0.0014278771122917533,0.0,0.0,0.0004968356806784868,0.0,0.0,1.9075503587373532e-05,0.0,0.0,0.0016047294484451413,0.0,0.0,1.723725836200174e-05,0.0,0.0,0.04118637368083,0.0,0.0,0.013047044165432453,260.66656494140625,113.82136535644531,0.9178672432899475,243.64041137695312,17.51604461669922,0.568098783493042,162.25732421875,138.78781127929688,0.9872583746910095,185.89588928222656,35.28473663330078,0.9394963383674622,287.66571044921875,196.8159637451172,0.5152374505996704,0.0,0.0,0.367744117975235,0.0,0.0,0.0132974274456501,0.0,0.0,0.008109543472528458,0.0,0.0,0.00027070826035924256,0.0,0.0,0.0002482412091922015
143,True,0.0,0.0,0.001253782189451158,0.0,0.0,0.0004342511238064617,0.0,0.0,1.715922189760022e-05,0.0,0.0,0.0014423219254240394,0.0,0.0,1.696672370599117e-05,0.0,0.0,0.039022963494062424,0.0,0.0,0.01181501243263483,260.6546325683594,115.03459930419922,0.9143553972244263,244.21400451660156,16.752182006835938,0.5464690327644348,161.8699951171875,138.88487243652344,0.9866061806678772,186.18324279785156,35.75181579589844,0.9348892569541931,288.1609802246094,195.68365478515625,0.5110737681388855,0.0,0.0,0.36102408170700073,0.0,0.0,0.014634649269282818,0.0,0.0,0.008732310496270657,0.0,0.0,0.0003134591970592737,0.0,0.0,0.0002821491798385978
144,True,0.0,0.0,0.0019337106496095657,0.0,0.0,0.000786042248364538,0.0,0.0,2.524708179407753e-05,0.0,0.0,0.0023396904580295086,0.0,0.0,1.8518076103646308e-05,0.0,0.0,0.04424595087766647,0.0,0.0,0.01432432048022747,260.8919372558594,116.18157958984375,0.9124671816825867,241.775634765625,16.11180877685547,0.5705211758613586,162.1606903076172,139.32444763183594,0.9865583777427673,184.40267944335938,34.61792755126953,0.9377608895301819,285.875,195.1860809326172,0.5286131501197815,0.0,0.0,0.3891085088253021,0.0,0.0,0.015129386447370052,0.0,0.0,0.009458860382437706,0.0,0.0,0.0003198826452717185,0.0,0.0,0.00030184120987541974
145,True,0.0,0.0,0.0014303650241345167,0.0,0.0,0.0004923597443848848,0.0,0.0,2.0169856725260615e-05,0.0,0.0,0.0016881683841347694,0.0,0.0,2.030677023867611e-05,0.0,0.0,0.0494326613843441,0.0,0.0,0.01617918163537979,262.09759521484375,123.24134063720703,0.9203973412513733,242.6278839111328,19.037338256835938,0.6196298003196716,162.87066650390625,138.97242736816406,0.9876843690872192,184.25152587890625,38.1209716796875,0.9476577639579773,284.3442687988281,193.69004821777344,0.5584790706634521,0.0,0.0,0.4213496446609497,0.0,0.0,0.017155148088932037,0.0,0.0,0.011173304170370102,0.0,0.0,0.0003376647364348173,0.0,0.0,0.0003232441085856408
146,True,0.0,0.0,0.0013384311459958553,0.0,0.0,0.00043528102105483413,0.0,0.0,1.7233758626389317e-05,0.0,0.0,0.0015478795394301414,0.0,0.0,1.8143689885619096e-05,0.0,0.0,0.056248269975185394,0.0,0.0,0.01717609539628029,261.9963073730469,123.68839263916016,0.9350314736366272,240.9393310546875,16.69061279296875,0.6496067047119141,163.0555877685547,139.37191772460938,0.9898893237113953,183.32659912109375,34.99952697753906,0.9545078277587891,284.4118347167969,198.10110473632812,0.5821236371994019,0.0,0.0,0.4356003999710083,0.0,0.0,0.015604017302393913,0.0,0.0,0.00991484522819519,0.0,0.0,0.0002699839824344963,0.0,0.0,0.0002548967895563692
147,True,0.0,0.0,0.001963463146239519,0.0,0.0,0.0007226007874123752,0.0,0.0,2.4597229639766738e-05,0.0,0.0,0.0020943963900208473,0.0,0.0,1.9104889361187816e-05,0.0,0.0,0.05262920260429382,0.0,0.0,0.01945348083972931,263.2579040527344,126.5658187866211,0.9238544702529907,239.09039306640625,18.4884033203125,0.6741445660591125,164.32383728027344,140.6417999267578,0.9890106320381165,182.15939331054688,35.9935302734375,0.9575271606445312,286.37158203125,200.04891967773438,0.5268389582633972,0.0,0.0,0.41365256905555725,0.0,0.0,0.014907028526067734,0.0,0.0,0.010128537192940712,0.0,0.0,0.0003168000257574022,0.0,0.0,0.000316624908009544
148,True,0.0,0.0,0.0020489876624196768,0.0,0.0,0.0007144830306060612,0.0,0.0,2.8792932425858453e-05,0.0,0.0,0.0019213715568184853,0.0,0.0,2.1375486539909616e-05,0.0,0.0,0.05211732164025307,0.0,0.0,0.020462293177843094,264.8736267089844,132.78131103515625,0.9175378084182739,238.56996154785156,16.669105529785156,0.6902113556861877,167.6509552001953,139.82704162597656,0.9884269833564758,183.36788940429688,34.600830078125,0.9588740468025208,283.2318115234375,204.21795654296875,0.5287553071975708,0.0,0.0,0.42557844519615173,0.0,0.0,0.01461981050670147,0.0,0.0,0.010458254255354404,0.0,0.0,0.0003235465846955776,0.0,0.0,0.0003322410921100527
149,True,0.0,0.0,0.0036482291761785746,0.0,0.0,0.0014602405717596412,0.0,0.0,4.539318979368545e-05,0.0,0.0,0.00345391733571887,0.0,0.0,2.2025900761946104e-05,0.0,0.0,0.07012192904949188,0.0,0.0,0.02575368992984295,266.1337890625,143.49810791015625,0.9206607937812805,237.35311889648438,15.71075439453125,0.6921429634094238,169.5486297607422,141.18109130859375,0.9895381927490234,186.06068420410156,34.334373474121094,0.9582810997962952,0.0,0.0,0.4847075045108795,0.0,0.0,0.38518768548965454,0.0,0.0,0.013964485377073288,0.0,0.0,0.009673596359789371,0.0,0.0,0.0003403702867217362,0.0,0.0,0.0003414466918911785
150,True,0.0,0.0,0.003625707235187292,0.0,0.0,0.0013932177098467946,0.0,0.0,4.756796988658607e-05,0.0,0.0,0.0031160188373178244,0.0,0.0,2.321139254490845e-05,0.0,0.0,0.0630272701382637,0.0,0.0,0.025331631302833557,266.632080078125,143.66860961914062,0.910437285900116,238.02944946289062,15.362617492675781,0.6961872577667236,169.84848022460938,141.1131591796875,0.9885299801826477,186.11367797851562,34.006103515625,0.9588388800621033,0.0,0.0,0.4550285041332245,0.0,0.0,0.3697916269302368,0.0,0.0,0.012668630108237267,0.0,0.0,0.009274170733988285,0.0,0.0,0.00032112133339978755,0.0,0.0,0.0003338508540764451
151,True,0.0,0.0,0.005006244406104088,0.0,0.0,0.0022529233247041702,0.0,0.0,0.00011211933451704681,0.0,0.0,0.005081900395452976,0.0,0.0,6.120435864431784e-05,0.0,0.0,0.06762903183698654,0.0,0.0,0.023618869483470917,264.3324279785156,130.04840087890625,0.8457872271537781,239.70448303222656,15.981155395507812,0.5287744402885437,175.67807006835938,144.27635192871094,0.9603331685066223,189.7614288330078,40.26902770996094,0.8830267786979675,285.068115234375,191.70977783203125,0.5055755376815796,0.0,0.0,0.4161504805088043,0.0,0.0,0.022277552634477615,0.0,0.0,0.016601411625742912,0.0,0.0,0.0008567932527512312,0.0,0.0,0.0008779976633377373
152,True,0.0,0.0,0.0021832420025020838,0.0,0.0,0.0008085847366601229,0.0,0.0,4.3383075535530224e-05,0.0,0.0,0.002608268754556775,0.0,0.0,2.789325480989646e-05,0.0,0.0,0.04341666400432587,0.0,0.0,0.022658979520201683,271.95526123046875,125.97618103027344,0.8710818290710449,235.78875732421875,16.090469360351562,0.6654202938079834,186.3542022705078,144.4297332763672,0.9780187010765076,186.09228515625,34.76243591308594,0.9416653513908386,278.398681640625,197.7051544189453,0.5617672801017761,0.0,0.0,0.4831129014492035,0.0,0.0,0.014582598581910133,0.0,0.0,0.01187142077833414,0.0,0.0,0.00035454228054732084,0.0,0.0,0.0003901984018739313
153,True,0.0,0.0,0.002157904440537095,0.0,0.0,0.0007037249160930514,0.0,0.0,6.752595072612166e-05,0.0,0.0,0.0029552122578024864,0.0,0.0,6.850029603810981e-05,0.0,0.0,0.06436943262815475,0.0,0.0,0.04317796602845192,267.4378662109375,113.83722686767578,0.8770837783813477,229.28350830078125,17.868927001953125,0.75105881690979,194.0135955810547,144.48736572265625,0.961999773979187,175.70925903320312,33.111305236816406,0.9342091679573059,275.064453125,183.28138732910156,0.7610775232315063,244.49722290039062,170.16537475585938,0.7110028862953186,0.0,0.0,0.021176621317863464,0.0,0.0,0.01946512795984745,0.0,0.0,0.00040311747579835355,0.0,0.0,0.00047306541819125414
154,True,0.0,0.0,0.0013574148761108518,0.0,0.0,0.0003988536191172898,0.0,0.0,4.892109427601099e-05,0.0,0.0,0.0021579586900770664,0.0,0.0,6.879376451252028e-05,0.0,0.0,0.04228099063038826,0.0,0.0,0.04644649848341942,270.1769104003906,97.59663391113281,0.7756355404853821,229.77891540527344,17.538841247558594,0.7245131731033325,204.04605102539062,147.1142578125,0.919888436794281,178.31753540039062,33.842247009277344,0.9132871031761169,277.529541015625,176.87164306640625,0.7216899394989014,250.212890625,166.81576538085938,0.7115680575370789,0.0,0.0,0.019968390464782715,0.0,0.0,0.022546643391251564,0.0,0.0,0.00045435293577611446,0.0,0.0,0.0006151821580715477
155,True,0.0,0.0,0.0009424161980859935,0.0,0.0,0.00024796565412543714,0.0,0.0,3.582332647056319e-05,0.0,0.0,0.0014853926841169596,0.0,0.0,6.339734682114795e-05,0.0,0.0,0.039001014083623886,0.0,0.0,0.03913711756467819,272.1688232421875,97.64387512207031,0.777143120765686,230.85836791992188,16.618148803710938,0.6977551579475403,210.08070373535156,146.15463256835938,0.9179447889328003,176.5728302001953,33.06068420410156,0.9030755162239075,276.5733642578125,176.41424560546875,0.7191283106803894,250.53038024902344,166.8461151123047,0.6932796835899353,0.0,0.0,0.019710354506969452,0.0,0.0,0.02095949463546276,0.0,0.0,0.00043898611329495907,0.0,0.0,0.0005596647970378399
156,True,0.0,0.0,0.0009495409321971238,0.0,0.0,0.00021409994224086404,0.0,0.0,3.8249716453719884e-05,0.0,0.0,0.0010697121033445,0.0,0.0,6.314188794931397e-05,0.0,0.0,0.03238297998905182,0.0,0.0,0.04031410068273544,277.68780517578125,102.53282165527344,0.7579247951507568,231.5675048828125,17.30615997314453,0.734311580657959,212.02145385742188,146.63546752929688,0.9193201661109924,176.67132568359375,33.24491882324219,0.9205983281135559,279.6322326660156,188.51707458496094,0.6460821628570557,250.8168487548828,178.43292236328125,0.6413288712501526,0.0,0.0,0.010446255095303059,0.0,0.0,0.012361427769064903,0.0,0.0,0.00022319599520415068,0.0,0.0,0.00030676438473165035
157,True,0.0,0.0,0.0008492504130117595,0.0,0.0,0.0001917648914968595,0.0,0.0,3.219829159206711e-05,0.0,0.0,0.0010238727554678917,0.0,0.0,5.541653445106931e-05,0.0,0.0,0.03170032426714897,0.0,0.0,0.0384555421769619,276.7124328613281,102.70553588867188,0.7711547017097473,231.75961303710938,16.57715606689453,0.741655707359314,211.56100463867188,146.18548583984375,0.9262779951095581,176.9688262939453,33.00286102294922,0.9254542589187622,279.843505859375,189.85556030273438,0.6447994112968445,251.23773193359375,179.75314331054688,0.6376115083694458,0.0,0.0,0.009591897018253803,0.0,0.0,0.011257058009505272,0.0,0.0,0.00019669097673613578,0.0,0.0,0.00026936817448586226
158,True,0.0,0.0,0.0009687001584097743,0.0,0.0,0.00024218641920015216,0.0,0.0,4.4226671889191493e-05,0.0,0.0,0.0011978716356679797,0.0,0.0,6.684764957753941e-05,0.0,0.0,0.017187096178531647,0.0,0.0,0.03823327273130417,271.871337890625,96.04021453857422,0.5912702083587646,229.44393920898438,12.466293334960938,0.7295500636100769,205.8309326171875,145.71588134765625,0.8607710599899292,180.93751525878906,32.9998779296875,0.9157125353813171,284.9078369140625,186.00140380859375,0.5437624454498291,257.48809814453125,176.8707275390625,0.6214193105697632,0.0,0.0,0.008872436359524727,0.0,0.0,0.013652609661221504,0.0,0.0,0.00026535525103099644,0.0,0.0,0.00043650722363963723
159,True,0.0,0.0,0.0011465925490483642,0.0,0.0,0.0002894289791584015,0.0,0.0,4.2225339711876586e-05,0.0,0.0,0.0012705776607617736,0.0,0.0,5.8254423493053764e-05,0.0,0.0,0.03065473958849907,0.0,0.0,0.033779606223106384,272.9068908691406,103.78843688964844,0.7437016367912292,230.48483276367188,16.264381408691406,0.6934096813201904,205.28880310058594,145.69937133789062,0.9212960600852966,177.54856872558594,33.753753662109375,0.9165104031562805,279.63482666015625,185.0694580078125,0.5746017694473267,252.74952697753906,174.3350830078125,0.5644562840461731,0.0,0.0,0.00996791198849678,0.0,0.0,0.011532681994140148,0.0,0.0,0.00023647535999771208,0.0,0.0,0.0003214022144675255
160,True,0.0,0.0,0.0018698463682085276,0.0,0.0,0.0005016295472159982,0.0,0.0,6.131066766101867e-05,0.0,0.0,0.00196571066044271,0.0,0.0,6.795131048420444e-05,0.0,0.0,0.049681153148412704,0.0,0.0,0.050678152590990067,274.48248291015625,115.28475952148438,0.8052310347557068,229.3076629638672,14.734809875488281,0.7579091191291809,202.86721801757812,143.67831420898438,0.9452943205833435,177.42959594726562,32.29756164550781,0.9368124008178711,276.9344177246094,188.67091369628906,0.6420505046844482,248.42149353027344,175.10678100585938,0.6326006054878235,0.0,0.0,0.013633289374411106,0.0,0.0,0.015584093518555164,0.0,0.0,0.00030460921698249876,0.0,0.0,0.0004135821363888681
161,True,0.0,0.0,0.0011402458185330033,0.0,0.0,0.00030918288393877447,0.0,0.0,3.6495064705377445e-05,0.0,0.0,0.001384087256155908,0.0,0.0,4.2511685023782775e-05,0.0,0.0,0.030924759805202484,0.0,0.0,0.03025560826063156,277.8943176269531,111.36988067626953,0.7914270162582397,233.24623107910156,19.5443115234375,0.723285973072052,201.63194274902344,143.8706512451172,0.9476173520088196,178.7354278564453,36.238136291503906,0.9342670440673828,277.6160888671875,192.9647979736328,0.5715876817703247,246.66098022460938,179.9235076904297,0.5524091124534607,0.0,0.0,0.00896513368934393,0.0,0.0,0.009981171227991581,0.0,0.0,0.00020909353042952716,0.0,0.0,0.0002804988471325487
162,True,0.0,0.0,0.001379390829242766,0.0,0.0,0.000504976196680218,0.0,0.0,2.65736580331577e-05,0.0,0.0,0.0026159773115068674,0.0,0.0,2.484578908479307e-05,0.0,0.0,0.0359114408493042,0.0,0.0,0.028785506263375282,266.54571533203125,106.31565856933594,0.8085606098175049,234.5413360595703,12.904495239257812,0.6472064852714539,194.13735961914062,144.89962768554688,0.9596940279006958,183.99679565429688,34.863372802734375,0.9242499470710754,280.15606689453125,187.04263305664062,0.5562331080436707,257.4841613769531,173.23016357421875,0.516130805015564,0.0,0.0,0.02069668285548687,0.0,0.0,0.01916927471756935,0.0,0.0,0.0006797382375225425,0.0,0.0,0.0008236960857175291
163,True,0.0,0.0,0.0019164920086041093,0.0,0.0,0.0008038277737796307,0.0,0.0,3.844308957923204e-05,0.0,0.0,0.00554359145462513,0.0,0.0,5.8383840951137245e-05,0.0,0.0,0.08451905846595764,0.0,0.0,0.03484813868999481,257.49481201171875,96.67411041259766,0.8470475077629089,0.0,0.0,0.4997650384902954,185.19284057617188,146.36456298828125,0.9452052712440491,189.65390014648438,41.565406799316406,0.8456311821937561,283.3611755371094,171.39385986328125,0.6089915037155151,0.0,0.0,0.49863722920417786,0.0,0.0,0.038915932178497314,0.0,0.0,0.027547720819711685,0.0,0.0,0.0013347320491448045,0.0,0.0,0.0013144341064617038
164,True,0.0,0.0,0.0021640819031745195,0.0,0.0,0.001006510341539979,0.0,0.0,3.945661592297256e-05,0.0,0.0,0.007105270400643349,0.0,0.0,5.3429033869178966e-05,0.0,0.0,0.08520996570587158,0.0,0.0,0.03404327109456062,256.2563781738281,98.10291290283203,0.8289833068847656,0.0,0.0,0.46461278200149536,185.1112060546875,146.50355529785156,0.9360489845275879,189.74200439453125,41.580116271972656,0.8207650780677795,281.2320251464844,174.44302368164062,0.5663299560546875,0.0,0.0,0.4585293233394623,0.0,0.0,0.036582101136446,0.0,0.0,0.026211608201265335,0.0,0.0,0.0014395865146070719,0.0,0.0,0.001445487141609192
165,True,0.0,0.0,0.000980863464064896,0.0,0.0,0.0003882807504851371,0.0,0.0,1.7962624042411335e-05,0.0,0.0,0.003105978714302182,0.0,0.0,2.9746777727268636e-05,0.0,0.0,0.04690108820796013,0.0,0.0,0.021255088970065117,260.2615966796875,99.38638305664062,0.8122552037239075,0.0,0.0,0.48346972465515137,185.48959350585938,145.2824249267578,0.940929651260376,189.90235900878906,41.051177978515625,0.8536417484283447,285.0712585449219,180.71112060546875,0.5770988464355469,0.0,0.0,0.48175451159477234,0.0,0.0,0.025009989738464355,0.0,0.0,0.019627399742603302,0.0,0.0,0.0007246903260238469,0.0,0.0,0.0007766518392600119
166,True,0.0,0.0,0.0009916183771565557,0.0,0.0,0.0004140505916438997,0.0,0.0,1.8977414583787322e-05,0.0,0.0,0.003931411076337099,0.0,0.0,3.71790119970683e-05,0.0,0.0,0.055612847208976746,0.0,0.0,0.0254522655159235,257.69024658203125,93.44098663330078,0.812511682510376,0.0,0.0,0.47436103224754333,185.57797241210938,145.11578369140625,0.9319130778312683,190.30697631835938,40.50233459472656,0.8303176760673523,283.24896240234375,172.95201110839844,0.6382021307945251,273.0101318359375,162.18728637695312,0.5414591431617737,0.0,0.0,0.03810294717550278,0.0,0.0,0.029190000146627426,0.0,0.0,0.0011791789438575506,0.0,0.0,0.0012344550341367722
167,True,0.0,0.0,0.0012492167297750711,0.0,0.0,0.0004888998810201883,0.0,0.0,2.489020516804885e-05,0.0,0.0,0.0029457842465490103,0.0,0.0,3.3462303690612316e-05,0.0,0.0,0.04146750271320343,0.0,0.0,0.021101541817188263,260.62225341796875,104.30517578125,0.7907295823097229,241.73890686035156,13.221656799316406,0.5031007528305054,186.6609344482422,144.26583862304688,0.9390689134597778,190.64671325683594,38.855072021484375,0.8645398616790771,285.78240966796875,184.45823669433594,0.5369601845741272,0.0,0.0,0.46200814843177795,0.0,0.0,0.021412376314401627,0.0,0.0,0.017849592491984367,0.0,0.0,0.0006823120056651533,0.0,0.0,0.0007601105025969446
168,True,0.0,0.0,0.0015993524575605989,0.0,0.0,0.0006825584569014609,0.0,0.0,3.4126496757380664e-05,0.0,0.0,0.0032242892775684595,0.0,0.0,3.300224125268869e-05,0.0,0.0,0.036507416516542435,0.0,0.0,0.020523522049188614,265.9981689453125,109.99542999267578,0.7746110558509827,239.71231079101562,12.219917297363281,0.5021128058433533,188.055908203125,143.75918579101562,0.9378560781478882,188.68553161621094,38.481956481933594,0.860673725605011,286.4935302734375,184.4776153564453,0.5399951338768005,0.0,0.0,0.4772540330886841,0.0,0.0,0.024357015267014503,0.0,0.0,0.020043710246682167,0.0,0.0,0.0008901648106984794,0.0,0.0,0.0009831098141148686
169,True,0.0,0.0,0.002341799670830369,0.0,0.0,0.0010104774264618754,0.0,0.0,4.1461215005256236e-05,0.0,0.0,0.004111213609576225,0.0,0.0,3.3886033634189516e-05,0.0,0.0,0.05375148355960846,0.0,0.0,0.022723907604813576,264.057861328125,118.39935302734375,0.8308817744255066,241.92257690429688,11.003440856933594,0.5145466327667236,185.19041442871094,143.6161651611328,0.9565969109535217,189.23251342773438,36.428314208984375,0.8782432675361633,286.3516845703125,190.01199340820312,0.539453387260437,0.0,0.0,0.4514724016189575,0.0,0.0,0.02469317428767681,0.0,0.0,0.018713241443037987,0.0,0.0,0.0008166003390215337,0.0,0.0,0.0008551987120881677
170,True,0.0,0.0,0.002428534207865596,0.0,0.0,0.0011029236484318972,0.0,0.0,3.9876536902738735e-05,0.0,0.0,0.004294870886951685,0.0,0.0,2.8707139790640213e-05,0.0,0.0,0.05370505899190903,0.0,0.0,0.020384211093187332,264.6429748535156,115.62108612060547,0.845715343952179,0.0,0.0,0.4946718215942383,187.68324279785156,143.71722412109375,0.9615442156791687,188.79925537109375,35.705535888671875,0.8751696348190308,285.29034423828125,190.81497192382812,0.5753514170646667,0.0,0.0,0.47004634141921997,0.0,0.0,0.029600679874420166,0.0,0.0,0.020618632435798645,0.0,0.0,0.0010289802448824048,0.0,0.0,0.001019635470584035
171,True,0.0,0.0,0.0020446632988750935,0.0,0.0,0.0008941677515394986,0.0,0.0,3.997824023826979e-05,0.0,0.0,0.003394370898604393,0.0,0.0,2.960699930554256e-05,0.0,0.0,0.03854862228035927,0.0,0.0,0.020255541428923607,268.00421142578125,117.83847045898438,0.8038794994354248,239.53536987304688,10.256866455078125,0.5338624715805054,187.63815307617188,143.39353942871094,0.9529785513877869,188.58718872070312,36.554054260253906,0.8861302733421326,287.00250244140625,189.29576110839844,0.5650819540023804,0.0,0.0,0.4986470639705658,0.0,0.0,0.026310373097658157,0.0,0.0,0.021453389897942543,0.0,0.0,0.0009212865843437612,0.0,0.0,0.0010167364962399006
172,True,0.0,0.0,0.002262235153466463,0.0,0.0,0.001119166612625122,0.0,0.0,4.144082049606368e-05,0.0,0.0,0.004179291892796755,0.0,0.0,2.6933419576380402e-05,0.0,0.0,0.039701856672763824,0.0,0.0,0.019301172345876694,267.8812561035156,120.24793243408203,0.8017820715904236,239.88327026367188,7.592254638671875,0.5177107453346252,188.01544189453125,143.40309143066406,0.9518516659736633,188.07577514648438,35.782508850097656,0.8782503008842468,287.4043884277344,187.5677490234375,0.5949311852455139,265.41876220703125,170.0322265625,0.529346764087677,0.0,0.0,0.0326608307659626,0.0,0.0,0.026373662054538727,0.0,0.0,0.0011817084159702063,0.0,0.0,0.0013081764336675406
173,True,0.0,0.0,0.0019464320503175259,0.0,0.0,0.0009178376058116555,0.0,0.0,3.765389556065202e-05,0.0,0.0,0.0037472734693437815,0.0,0.0,2.885948561015539e-05,0.0,0.0,0.04224680736660957,0.0,0.0,0.020474625751376152,267.0774230957031,123.26473236083984,0.803382158279419,237.94570922851562,9.957611083984375,0.5268611311912537,187.24237060546875,143.54930114746094,0.9510228037834167,187.15628051757812,35.97480010986328,0.8806191682815552,287.1498718261719,187.7119140625,0.5970105528831482,264.3974609375,169.8282470703125,0.529681384563446,0.0,0.0,0.034069325774908066,0.0,0.0,0.02767164073884487,0.0,0.0,0.001228269306011498,0.0,0.0,0.0013568345457315445
174,True,0.0,0.0,0.0023445060942322016,0.0,0.0,0.0010572064202278852,0.0,0.0,5.732365752919577e-05,0.0,0.0,0.0034341327846050262,0.0,0.0,3.872357410728e-05,0.0,0.0,0.032628219574689865,0.0,0.0,0.021979589015245438,269.0801086425781,121.22372436523438,0.7519389390945435,236.1321563720703,8.978202819824219,0.5497496128082275,186.04086303710938,143.5642852783203,0.9391682147979736,187.7353057861328,36.02101135253906,0.8851785659790039,288.68438720703125,188.26068115234375,0.5711289048194885,261.461669921875,171.18569946289062,0.5396292209625244,0.0,0.0,0.02743888832628727,0.0,0.0,0.02543576993048191,0.0,0.0,0.0010456314776092768,0.0,0.0,0.0012580803595483303
175,True,0.0,0.0,0.0019526666728779674,0.0,0.0,0.0008075389778241515,0.0,0.0,5.032509216107428e-05,0.0,0.0,0.0029765856452286243,0.0,0.0,4.2024563299492e-05,0.0,0.0,0.034793104976415634,0.0,0.0,0.023909341543912888,267.6424255371094,117.8667221069336,0.7640470266342163,233.87850952148438,9.604942321777344,0.5606175065040588,185.83999633789062,143.4461669921875,0.937994658946991,186.11093139648438,35.71147918701172,0.8843780755996704,287.9646301269531,186.63107299804688,0.5947670936584473,261.6707458496094,170.572998046875,0.5567429661750793,0.0,0.0,0.026912499219179153,0.0,0.0,0.024508822709321976,0.0,0.0,0.0009401167626492679,0.0,0.0,0.0011089097242802382
176,True,0.0,0.0,0.0021395159419625998,0.0,0.0,0.0008293978753499687,0.0,0.0,6.422601290978491e-05,0.0,0.0,0.0029303324408829212,0.0,0.0,5.490131661645137e-05,0.0,0.0,0.03306683897972107,0.0,0.0,0.031210152432322502,268.8865966796875,114.16110229492188,0.7398433089256287,229.1877899169922,12.591583251953125,0.6282855272293091,186.78359985351562,143.36251831054688,0.9309919476509094,184.36680603027344,36.257171630859375,0.9034129977226257,290.1806640625,189.3717041015625,0.5817189812660217,259.682861328125,175.0419464111328,0.5770944356918335,0.0,0.0,0.019746826961636543,0.0,0.0,0.02073928341269493,0.0,0.0,0.0006574477883987129,0.0,0.0,0.0008575970423407853
177,True,0.0,0.0,0.0020116388332098722,0.0,0.0,0.0007542482344433665,0.0,0.0,5.6270593631779775e-05,0.0,0.0,0.002541270339861512,0.0,0.0,4.474098022910766e-05,0.0,0.0,0.030819103121757507,0.0,0.0,0.026250192895531654,272.5333557128906,115.86682891845703,0.74073725938797,231.9065704345703,10.406051635742188,0.6019893884658813,190.2618865966797,142.48387145996094,0.9389240741729736,185.50721740722656,35.194305419921875,0.9049888849258423,290.1824645996094,191.34439086914062,0.5228123664855957,261.1089172363281,176.5426788330078,0.5082489252090454,0.0,0.0,0.01742633618414402,0.0,0.0,0.017638439312577248,0.0,0.0,0.0005964621086604893,0.0,0.0,0.0007552983588539064
178,True,0.0,0.0,0.0022211074829101562,0.0,0.0,0.0008255249122157693,0.0,0.0,5.875290298718028e-05,0.0,0.0,0.00279003893956542,0.0,0.0,4.7091532906051725e-05,0.0,0.0,0.038380216807127,0.0,0.0,0.028434518724679947,270.3808288574219,114.60761260986328,0.7824481129646301,232.1415557861328,8.6593017578125,0.6015871167182922,189.47116088867188,142.55126953125,0.9482183456420898,186.3214111328125,34.25751495361328,0.9059807658195496,289.4953918457031,191.02786254882812,0.555779218673706,262.5702209472656,176.2935791015625,0.5194989442825317,0.0,0.0,0.019758399575948715,0.0,0.0,0.018277663737535477,0.0,0.0,0.0006492355023510754,0.0,0.0,0.0007695205858908594
179,True,0.0,0.0,0.0016708432231098413,0.0,0.0,0.0005630833329632878,0.0,0.0,4.949084541294724e-05,0.0,0.0,0.002100710291415453,0.0,0.0,4.996115239919163e-05,0.0,0.0,0.030688680708408356,0.0,0.0,0.02822459489107132,269.6511535644531,108.08287048339844,0.7434988617897034,230.30886840820312,8.13018798828125,0.6131942272186279,189.24169921875,142.63880920410156,0.9356927275657654,184.9887237548828,33.40313720703125,0.9066706895828247,290.849853515625,188.81455993652344,0.549643337726593,263.7022705078125,175.91062927246094,0.5353605151176453,0.0,0.0,0.01742962747812271,0.0,0.0,0.017939796671271324,0.0,0.0,0.0005556059768423438,0.0,0.0,0.0007069770363159478
180,True,0.0,0.0,0.0019224846037104726,0.0,0.0,0.0007232745992951095,0.0,0.0,5.145869727130048e-05,0.0,0.0,0.002419607248157263,0.0,0.0,4.202937270747498e-05,0.0,0.0,0.030447613447904587,0.0,0.0,0.02286006137728691,271.9483947753906,111.54788970947266,0.7524745464324951,232.18450927734375,7.3990020751953125,0.5661184191703796,188.6998748779297,143.39219665527344,0.9426387548446655,186.02345275878906,33.544403076171875,0.9000528454780579,292.0084228515625,188.98452758789062,0.518374502658844,0.0,0.0,0.4869617819786072,0.0,0.0,0.018279511481523514,0.0,0.0,0.017322899773716927,0.0,0.0,0.0006278534419834614,0.0,0.0,0.0007608906598761678
181,True,0.0,0.0,0.0022970987483859062,0.0,0.0,0.0008614053367637098,0.0,0.0,6.469157233368605e-05,0.0,0.0,0.0027422441635280848,0.0,0.0,5.233979391050525e-05,0.0,0.0,0.03488663583993912,0.0,0.0,0.02826819382607937,269.5386047363281,113.8981704711914,0.7667027711868286,228.1626739501953,9.203720092773438,0.6072564125061035,187.8897247314453,142.8217315673828,0.9440036416053772,183.22503662109375,33.82201385498047,0.9094279408454895,292.8581848144531,189.6123504638672,0.5516122579574585,264.3836364746094,175.67396545410156,0.5265681743621826,0.0,0.0,0.017652135342359543,0.0,0.0,0.017245007678866386,0.0,0.0,0.0005525784799829125,0.0,0.0,0.0006842404254712164
182,True,0.0,0.0,0.0024226014502346516,0.0,0.0,0.0008560572750866413,0.0,0.0,7.402024493785575e-05,0.0,0.0,0.0025993119925260544,0.0,0.0,6.17178957327269e-05,0.0,0.0,0.033727291971445084,0.0,0.0,0.03188878297805786,269.8692626953125,109.4364013671875,0.7498842477798462,225.54776000976562,10.226051330566406,0.6227655410766602,189.54685974121094,143.7095489501953,0.9388744831085205,184.31192016601562,34.524253845214844,0.9109418988227844,293.48040771484375,190.02734375,0.5208287239074707,264.2451171875,176.82369995117188,0.5100882649421692,0.0,0.0,0.015507775358855724,0.0,0.0,0.015478558838367462,0.0,0.0,0.0005223689367994666,0.0,0.0,0.0006523602642118931
183,True,0.0,0.0,0.001931005041114986,0.0,0.0,0.0007115822518244386,0.0,0.0,5.563782178796828e-05,0.0,0.0,0.002351813716813922,0.0,0.0,4.511574297794141e-05,0.0,0.0,0.02709762193262577,0.0,0.0,0.025143742561340332,271.4309387207031,109.11790466308594,0.7325327396392822,228.85748291015625,10.939750671386719,0.6022977828979492,188.28915405273438,144.130859375,0.9367684721946716,183.9488525390625,35.39788818359375,0.9074880480766296,293.0853576660156,189.41441345214844,0.5176435708999634,263.53704833984375,175.99407958984375,0.5086974501609802,0.0,0.0,0.016401216387748718,0.0,0.0,0.016687622293829918,0.0,0.0,0.0005602887249551713,0.0,0.0,0.0007154225604608655
184,True,0.0,0.0,0.001916418899782002,0.0,0.0,0.0006933691911399364,0.0,0.0,5.8192126743961126e-05,0.0,0.0,0.002254900522530079,0.0,0.0,4.772181637235917e-05,0.0,0.0,0.025694679468870163,0.0,0.0,0.025977039709687233,272.3778991699219,108.99362182617188,0.7137842774391174,228.12423706054688,11.012619018554688,0.6075836420059204,188.26998901367188,144.08465576171875,0.9311737418174744,183.33468627929688,34.964988708496094,0.9070103168487549,293.4444274902344,189.31301879882812,0.5139995813369751,262.8720703125,175.92987060546875,0.5157297253608704,0.0,0.0,0.016387876123189926,0.0,0.0,0.017331723123788834,0.0,0.0,0.0005740232882089913,0.0,0.0,0.0007528095738962293
185,True,0.0,0.0,0.0019842509645968676,0.0,0.0,0.0007312531233765185,0.0,0.0,5.5151038395706564e-05,0.0,0.0,0.002268967917189002,0.0,0.0,4.3900010496145114e-05,0.0,0.0,0.028301429003477097,0.0,0.0,0.023882325738668442,272.55712890625,114.61727142333984,0.7457200288772583,229.938232421875,9.675758361816406,0.5986786484718323,188.114501953125,143.84201049804688,0.9460729956626892,186.22274780273438,35.399391174316406,0.9144249558448792,0.0,0.0,0.49607613682746887,0.0,0.0,0.4795690178871155,0.0,0.0,0.017360366880893707,0.0,0.0,0.017134210094809532,0.0,0.0,0.0006270299782045186,0.0,0.0,0.0007783337496221066
186,True,0.0,0.0,0.0023836735635995865,0.0,0.0,0.0009050614899024367,0.0,0.0,6.0350470448611304e-05,0.0,0.0,0.002794940024614334,0.0,0.0,4.714441456599161e-05,0.0,0.0,0.04206749051809311,0.0,0.0,0.025498967617750168,272.83880615234375,115.67953491210938,0.7975262999534607,231.18966674804688,9.138023376464844,0.5591747760772705,187.9146270751953,143.38941955566406,0.9553747773170471,186.31915283203125,35.15434265136719,0.9031152725219727,291.36260986328125,188.0483856201172,0.5256825089454651,0.0,0.0,0.46894264221191406,0.0,0.0,0.024850619956851006,0.0,0.0,0.0206327922642231,0.0,0.0,0.0009251582669094205,0.0,0.0,0.0010152675677090883
187,True,0.0,0.0,0.002122313715517521,0.0,0.0,0.0008088968461379409,0.0,0.0,5.057676389697008e-05,0.0,0.0,0.002532512880861759,0.0,0.0,3.966135409427807e-05,0.0,0.0,0.03929414227604866,0.0,0.0,0.020642170682549477,271.5020751953125,117.59943389892578,0.8134216070175171,233.66641235351562,8.224334716796875,0.5437145233154297,187.1626739501953,143.2223663330078,0.9604348540306091,187.58168029785156,34.33385467529297,0.9046134352684021,291.1916809082031,189.50726318359375,0.5345892906188965,0.0,0.0,0.46149998903274536,0.0,0.0,0.02234368398785591,0.0,0.0,0.017893599346280098,0.0,0.0,0.0007439977489411831,0.0,0.0,0.0007974465843290091
188,True,0.0,0.0,0.002597071463242173,0.0,0.0,0.0010172523325309157,0.0,0.0,5.902234261156991e-05,0.0,0.0,0.002926427172496915,0.0,0.0,4.135743802180514e-05,0.0,0.0,0.044626351445913315,0.0,0.0,0.02129395864903927,271.1556396484375,117.49286651611328,0.8216977715492249,234.4237518310547,8.9119873046875,0.5265604853630066,186.56222534179688,143.56690979003906,0.9622412919998169,187.64871215820312,34.78706359863281,0.9004614353179932,290.8585510253906,191.3509521484375,0.5076379776000977,0.0,0.0,0.42561817169189453,0.0,0.0,0.02151337079703808,0.0,0.0,0.016471534967422485,0.0,0.0,0.000752177438698709,0.0,0.0,0.0007821822073310614
189,True,0.0,0.0,0.003847515443339944,0.0,0.0,0.0016784677281975746,0.0,0.0,7.460715278284624e-05,0.0,0.0,0.004970296751707792,0.0,0.0,4.4372929551173e-05,0.0,0.0,0.0683506429195404,0.0,0.0,0.030186476185917854,270.2663879394531,114.38949584960938,0.846059262752533,233.5757293701172,8.692672729492188,0.5229355096817017,187.23748779296875,143.61859130859375,0.9638633728027344,185.330810546875,34.65430450439453,0.889164388179779,289.4436950683594,187.53968811035156,0.5547085404396057,0.0,0.0,0.4611903429031372,0.0,0.0,0.03504914417862892,0.0,0.0,0.024566657841205597,0.0,0.0,0.00135879369918257,0.0,0.0,0.0013366166967898607
190,True,0.0,0.0,0.0022530280984938145,0.0,0.0,0.0009005092433653772,0.0,0.0,4.532156526693143e-05,0.0,0.0,0.0030692678410559893,0.0,0.0,3.53972427546978e-05,0.0,0.0,0.048768337815999985,0.0,0.0,0.02108716405928135,268.56988525390625,114.97455596923828,0.8328261375427246,235.5126190185547,7.605682373046875,0.5023457407951355,186.7591094970703,143.04965209960938,0.9626682996749878,186.36636352539062,34.822540283203125,0.8913401365280151,290.9241027832031,188.8963623046875,0.5286438465118408,0.0,0.0,0.43209367990493774,0.0,0.0,0.025474131107330322,0.0,0.0,0.018454568460583687,0.0,0.0,0.0008655919809825718,0.0,0.0,0.0008698454475961626
191,True,0.0,0.0,0.0027879979461431503,0.0,0.0,0.0011279784375801682,0.0,0.0,5.810933362226933e-05,0.0,0.0,0.0034930214751511812,0.0,0.0,4.011465352959931e-05,0.0,0.0,0.050033170729875565,0.0,0.0,0.02372647635638714,269.8078308105469,113.70089721679688,0.8243458867073059,234.74789428710938,8.034561157226562,0.516214907169342,186.92364501953125,143.3065643310547,0.9608062505722046,186.37933349609375,34.45738983154297,0.8934555053710938,290.45672607421875,189.4066162109375,0.5166357159614563,0.0,0.0,0.4314935803413391,0.0,0.0,0.02335946634411812,0.0,0.0,0.017617885023355484,0.0,0.0,0.0008070552139542997,0.0,0.0,0.0008347477414645255
192,True,0.0,0.0,0.002173203509300947,0.0,0.0,0.0008507359307259321,0.0,0.0,4.95890126330778e-05,0.0,0.0,0.002759538823738694,0.0,0.0,3.864669270114973e-05,0.0,0.0,0.03853531554341316,0.0,0.0,0.02058863267302513,269.59857177734375,114.00799560546875,0.7904848456382751,233.94204711914062,7.716217041015625,0.5103232264518738,187.00274658203125,143.32850646972656,0.9530279040336609,186.04110717773438,34.324974060058594,0.8915183544158936,0.0,0.0,0.4957602322101593,0.0,0.0,0.4263811707496643,0.0,0.0,0.019826075062155724,0.0,0.0,0.016294527798891068,0.0,0.0,0.0006691441521979868,0.0,0.0,0.0007349292864091694
193,True,0.0,0.0,0.002368401037529111,0.0,0.0,0.0009427762706764042,0.0,0.0,5.771320502390154e-05,0.0,0.0,0.0029847000259906054,0.0,0.0,4.183786586509086e-05,0.0,0.0,0.03649658337235451,0.0,0.0,0.024089308455586433,271.4035949707031,111.72781372070312,0.7680501937866211,231.26177978515625,8.618927001953125,0.5402140617370605,187.96141052246094,143.07435607910156,0.9481658339500427,185.30844116210938,35.175445556640625,0.8975613117218018,292.3705749511719,188.13095092773438,0.5066754817962646,0.0,0.0,0.4596310257911682,0.0,0.0,0.01995718479156494,0.0,0.0,0.017765231430530548,0.0,0.0,0.0006807019235566258,0.0,0.0,0.0007918238989077508
194,True,0.0,0.0,0.0017826274270191789,0.0,0.0,0.0006689681322313845,0.0,0.0,4.208215250400826e-05,0.0,0.0,0.0022570020519196987,0.0,0.0,3.47089116985444e-05,0.0,0.0,0.031129950657486916,0.0,0.0,0.01918674074113369,269.1543884277344,110.7315673828125,0.7825740575790405,231.90127563476562,7.924407958984375,0.5343632102012634,186.68692016601562,143.6136932373047,0.9538470506668091,186.36119079589844,35.243133544921875,0.9026296734809875,0.0,0.0,0.4981940984725952,0.0,0.0,0.4393586218357086,0.0,0.0,0.016424240544438362,0.0,0.0,0.014056541956961155,0.0,0.0,0.0005128815537318587,0.0,0.0,0.0005763955414295197
195,True,0.0,0.0,0.0020894394256174564,0.0,0.0,0.0008347377879545093,0.0,0.0,5.351893196348101e-05,0.0,0.0,0.002713770605623722,0.0,0.0,4.045166861033067e-05,0.0,0.0,0.03260081261396408,0.0,0.0,0.021110661327838898,271.55181884765625,111.40750122070312,0.7634918689727783,229.2874298095703,10.135635375976562,0.5275855660438538,186.7439422607422,143.7607421875,0.9463379979133606,184.7478790283203,35.9146728515625,0.8914394378662109,0.0,0.0,0.4798789918422699,0.0,0.0,0.43037623167037964,0.0,0.0,0.016100555658340454,0.0,0.0,0.013973891735076904,0.0,0.0,0.0005462795961648226,0.0,0.0,0.0006202984368428588
196,True,0.0,0.0,0.001995179569348693,0.0,0.0,0.0007757952553220093,0.0,0.0,5.406508716987446e-05,0.0,0.0,0.0027110374066978693,0.0,0.0,4.469317718758248e-05,0.0,0.0,0.03309093788266182,0.0,0.0,0.024294400587677956,271.5334777832031,109.91413879394531,0.7491375207901001,228.11053466796875,9.641471862792969,0.5451494455337524,187.79876708984375,143.31842041015625,0.9389839172363281,183.74395751953125,34.781517028808594,0.8895301222801208,290.83953857421875,186.50543212890625,0.5106397867202759,0.0,0.0,0.4723593592643738,0.0,0.0,0.017056841403245926,0.0,0.0,0.015627099201083183,0.0,0.0,0.0005540231941267848,0.0,0.0,0.0006521577015519142
197,True,0.0,0.0,0.0019150970038026571,0.0,0.0,0.0007610088214278221,0.0,0.0,4.7602778067812324e-05,0.0,0.0,0.0027465822640806437,0.0,0.0,3.9334332541329786e-05,0.0,0.0,0.040375929325819016,0.0,0.0,0.021231016144156456,271.42755126953125,114.9277572631836,0.7986730337142944,230.000244140625,9.390670776367188,0.5189054012298584,186.46157836914062,142.56256103515625,0.952191948890686,184.1766357421875,35.39574432373047,0.8861183524131775,289.4169921875,187.77023315429688,0.5256174802780151,0.0,0.0,0.45132413506507874,0.0,0.0,0.019234564155340195,0.0,0.0,0.015439954586327076,0.0,0.0,0.000605907931458205,0.0,0.0,0.0006491306703537703
198,True,0.0,0.0,0.0018579766619950533,0.0,0.0,0.0007337493589147925,0.0,0.0,4.555369014269672e-05,0.0,0.0,0.002676754491403699,0.0,0.0,3.7977806641720235e-05,0.0,0.0,0.03869445621967316,0.0,0.0,0.021177474409341812,270.97357177734375,113.99320983886719,0.7957574129104614,229.48915100097656,9.340446472167969,0.5192092657089233,186.51193237304688,143.04769897460938,0.9516516923904419,183.8292694091797,35.146873474121094,0.887018084526062,290.8409729003906,188.8167724609375,0.5146625638008118,0.0,0.0,0.4434441924095154,0.0,0.0,0.018048657104372978,0.0,0.0,0.014557774178683758,0.0,0.0,0.0005703393835574389,0.0,0.0,0.0006141384947113693
199,True,0.0,0.0,0.0018067901255562901,0.0,0.0,0.0007090525468811393,0.0,0.0,4.566703501041047e-05,0.0,0.0,0.0026498250663280487,0.0,0.0,3.926316276192665e-05,0.0,0.0,0.03669971227645874,0.0,0.0,0.022026346996426582,270.8018798828125,113.05973815917969,0.7773743867874146,229.24588012695312,10.429306030273438,0.5216095447540283,186.65081787109375,142.8227081298828,0.945220410823822,183.50930786132812,35.81694793701172,0.8827959895133972,290.8276672363281,188.21995544433594,0.5096029043197632,0.0,0.0,0.44938284158706665,0.0,0.0,0.017840130254626274,0.0,0.0,0.01497266348451376,0.0,0.0,0.0005775252939201891,0.0,0.0,0.0006401781574822962
200,True,0.0,0.0,0.0014311157865449786,0.0,0.0,0.0005495304940268397,0.0,0.0,3.5408280382398516e-05,0.0,0.0,0.0019359446596354246,0.0,0.0,2.972330003103707e-05,0.0,0.0,0.02440941333770752,0.0,0.0,0.015048904344439507,271.435302734375,113.26014709472656,0.7457035183906555,232.80020141601562,9.290641784667969,0.5003247261047363,186.73944091796875,144.08055114746094,0.9458365440368652,185.96701049804688,35.450279235839844,0.8912025690078735,0.0,0.0,0.4238710403442383,0.0,0.0,0.3750256299972534,0.0,0.0,0.012360396794974804,0.0,0.0,0.010930071584880352,0.0,0.0,0.0004145035636611283,0.0,0.0,0.0004779798327945173
201,True,0.0,0.0,0.0025910779368132353,0.0,0.0,0.0010228792671114206,0.0,0.0,5.6400764151476324e-05,0.0,0.0,0.0031660618260502815,0.0,0.0,4.129008812014945e-05,0.0,0.0,0.04936814680695534,0.0,0.0,0.02309294231235981,270.7778625488281,119.20378112792969,0.819709300994873,230.7665252685547,9.395561218261719,0.5060786008834839,186.50958251953125,143.8105010986328,0.9580858945846558,184.83956909179688,34.467018127441406,0.8873401880264282,0.0,0.0,0.4698803126811981,0.0,0.0,0.3870783746242523,0.0,0.0,0.01777314580976963,0.0,0.0,0.013258644379675388,0.0,0.0,0.0006106900982558727,0.0,0.0,0.0006268412107601762
202,True,0.0,0.0,0.0021756181959062815,0.0,0.0,0.0008834169711917639,0.0,0.0,4.471824286156334e-05,0.0,0.0,0.0030463242437690496,0.0,0.0,3.397896944079548e-05,0.0,0.0,0.04157700389623642,0.0,0.0,0.020643848925828934,266.9341735839844,113.66302490234375,0.8068603873252869,231.437744140625,9.291664123535156,0.5075832605361938,187.22494506835938,143.60365295410156,0.955292284488678,185.81935119628906,33.988555908203125,0.8900331854820251,0.0,0.0,0.46462246775627136,0.0,0.0,0.3883407413959503,0.0,0.0,0.014785301871597767,0.0,0.0,0.011708194389939308,0.0,0.0,0.00046380702406167984,0.0,0.0,0.0004984648548997939
203,True,0.0,0.0,0.0019980967044830322,0.0,0.0,0.0007694179657846689,0.0,0.0,4.306551636545919e-05,0.0,0.0,0.0025271920021623373,0.0,0.0,3.4071606933139265e-05,0.0,0.0,0.03859401121735573,0.0,0.0,0.018384253606200218,268.5869445800781,115.49421691894531,0.8158740997314453,234.32388305664062,7.15960693359375,0.5207528471946716,186.55276489257812,143.45458984375,0.9615389108657837,188.44790649414062,33.2022705078125,0.9035478830337524,0.0,0.0,0.4510212242603302,0.0,0.0,0.37365108728408813,0.0,0.0,0.01406027004122734,0.0,0.0,0.011165541596710682,0.0,0.0,0.00043825438478961587,0.0,0.0,0.000469882448669523
204,True,0.0,0.0,0.0027346780989319086,0.0,0.0,0.001167735899798572,0.0,0.0,6.268550350796431e-05,0.0,0.0,0.003308303654193878,0.0,0.0,3.891318556270562e-05,0.0,0.0,0.037122227251529694,0.0,0.0,0.018826285377144814,271.639892578125,115.78221130371094,0.7845062613487244,0.0,0.0,0.4992303252220154,185.96939086914062,144.28216552734375,0.9545953869819641,187.24974060058594,35.629051208496094,0.8938645124435425,0.0,0.0,0.42825737595558167,0.0,0.0,0.36367276310920715,0.0,0.0,0.013582182116806507,0.0,0.0,0.011431205086410046,0.0,0.0,0.0004489262937568128,0.0,0.0,0.0005042016273364425
205,True,0.0,0.0,0.0027852444909512997,0.0,0.0,0.0011675490532070398,0.0,0.0,6.044740803190507e-05,0.0,0.0,0.0032627054024487734,0.0,0.0,3.730327807716094e-05,0.0,0.0,0.04061328247189522,0.0,0.0,0.018507668748497963,271.080322265625,116.8028335571289,0.8037455677986145,0.0,0.0,0.49233970046043396,186.347900390625,144.286376953125,0.9590998888015747,187.76939392089844,35.38287353515625,0.8940427303314209,0.0,0.0,0.43503475189208984,0.0,0.0,0.358358770608902,0.0,0.0,0.01471485011279583,0.0,0.0,0.011709916405379772,0.0,0.0,0.0004931415314786136,0.0,0.0,0.000532138510607183
206,True,0.0,0.0,0.0024795248173177242,0.0,0.0,0.000897713063750416,0.0,0.0,5.8870340581052005e-05,0.0,0.0,0.0026038354262709618,0.0,0.0,4.425363295013085e-05,0.0,0.0,0.03826107829809189,0.0,0.0,0.021105194464325905,270.0357360839844,110.63727569580078,0.7959207892417908,237.26089477539062,6.682281494140625,0.5238297581672668,186.24862670898438,145.0891571044922,0.955392062664032,190.47927856445312,33.902076721191406,0.8993546366691589,0.0,0.0,0.44542765617370605,0.0,0.0,0.3807484209537506,0.0,0.0,0.014599691145122051,0.0,0.0,0.012203102931380272,0.0,0.0,0.0005016427021473646,0.0,0.0,0.000556610117200762
207,True,0.0,0.0,0.003752279095351696,0.0,0.0,0.0016941450303420424,0.0,0.0,7.178910163929686e-05,0.0,0.0,0.005881960503757,0.0,0.0,4.9948765081353486e-05,0.0,0.0,0.07698631286621094,0.0,0.0,0.03284955769777298,267.8296813964844,115.40679168701172,0.8509861826896667,237.4476776123047,14.497116088867188,0.5283696055412292,185.3210906982422,145.2115478515625,0.9602369666099548,189.96568298339844,39.14701843261719,0.8809725046157837,288.521728515625,186.6165313720703,0.5473714470863342,0.0,0.0,0.4506324231624603,0.0,0.0,0.026186607778072357,0.0,0.0,0.018819041550159454,0.0,0.0,0.000877438229508698,0.0,0.0,0.0008792488370090723
208,True,0.0,0.0,0.0014849924482405186,0.0,0.0,0.0005786438705399632,0.0,0.0,2.3986765882000327e-05,0.0,0.0,0.003846778767183423,0.0,0.0,3.304198617115617e-05,0.0,0.0,0.06400181353092194,0.0,0.0,0.02662532962858677,260.806396484375,106.10299682617188,0.8671846389770508,244.95135498046875,17.600296020507812,0.5403432250022888,183.39056396484375,146.39227294921875,0.9635125398635864,192.62831115722656,43.36261749267578,0.8890432119369507,285.4981384277344,183.9842071533203,0.5763998031616211,0.0,0.0,0.46741828322410583,0.0,0.0,0.024188131093978882,0.0,0.0,0.017286449670791626,0.0,0.0,0.0006512744585052133,0.0,0.0,0.0006484168116003275
209,True,0.0,0.0,0.001696719671599567,0.0,0.0,0.0006898554274812341,0.0,0.0,2.764121745713055e-05,0.0,0.0,0.004109455272555351,0.0,0.0,3.194453165633604e-05,0.0,0.0,0.059198956936597824,0.0,0.0,0.026993392035365105,262.0904235839844,105.8637924194336,0.8540186882019043,244.458251953125,17.72632598876953,0.5451442003250122,183.771728515625,146.59938049316406,0.961186945438385,192.2440643310547,43.45331573486328,0.8895764350891113,285.68817138671875,184.34568786621094,0.5646433234214783,0.0,0.0,0.46959614753723145,0.0,0.0,0.025145869702100754,0.0,0.0,0.018640100955963135,0.0,0.0,0.0007385872886516154,0.0,0.0,0.000756406516302377
210,True,0.0,0.0,0.0030369313899427652,0.0,0.0,0.0013382667675614357,0.0,0.0,3.99020646000281e-05,0.0,0.0,0.008524245582520962,0.0,0.0,5.288712418405339e-05,0.0,0.0,0.11852417141199112,0.0,0.0,0.042231764644384384,262.1847839355469,106.99144744873047,0.8815929293632507,251.45045471191406,27.170562744140625,0.546946108341217,185.72738647460938,149.8446044921875,0.9581753015518188,196.73301696777344,45.32334899902344,0.8672819137573242,287.31243896484375,187.76181030273438,0.5830758810043335,0.0,0.0,0.47162580490112305,0.0,0.0,0.0342179499566555,0.0,0.0,0.024807514622807503,0.0,0.0,0.0010155384661629796,0.0,0.0,0.0010532245505601168
211,True,0.0,0.0,0.0010000059846788645,0.0,0.0,0.00042551467777229846,0.0,0.0,1.1260187420703005e-05,0.0,0.0,0.0059762634336948395,0.0,0.0,2.9142660423531197e-05,0.0,0.0,0.11202984303236008,0.0,0.0,0.025980189442634583,257.3973083496094,120.0670166015625,0.9163774251937866,0.0,0.0,0.48881995677948,184.25018310546875,149.94241333007812,0.9715307950973511,197.2178955078125,54.15959930419922,0.863614559173584,282.5605773925781,191.01766967773438,0.5392479300498962,0.0,0.0,0.36115944385528564,0.0,0.0,0.019960321485996246,0.0,0.0,0.011237475089728832,0.0,0.0,0.00040589208947494626,0.0,0.0,0.000345833133906126
212,True,0.0,0.0,0.001322455587796867,0.0,0.0,0.0005548468325287104,0.0,0.0,1.4550761989085004e-05,0.0,0.0,0.0070045217871665955,0.0,0.0,3.4733482607407495e-05,0.0,0.0,0.13758043944835663,0.0,0.0,0.03035912476480007,259.6830749511719,121.86138916015625,0.9233858585357666,0.0,0.0,0.4869978427886963,184.2059326171875,149.3397674560547,0.972211480140686,196.81546020507812,54.42486572265625,0.8563491702079773,282.20965576171875,192.2498779296875,0.5303740501403809,0.0,0.0,0.34592869877815247,0.0,0.0,0.0186716690659523,0.0,0.0,0.010148751549422741,0.0,0.0,0.0003722886322066188,0.0,0.0,0.0003098016313742846
213,True,0.0,0.0,0.006473915185779333,0.0,0.0,0.0034796788822859526,0.0,0.0,5.844360566698015e-05,0.0,0.0,0.02515806257724762,0.0,0.0,8.783724479144439e-05,0.0,0.0,0.3041578233242035,0.0,0.0,0.04313560947775841,257.21820068359375,117.89794158935547,0.944074809551239,0.0,0.0,0.3688829243183136,185.71157836914062,148.85528564453125,0.9742832779884338,202.19749450683594,51.34318542480469,0.7698279619216919,0.0,0.0,0.4794694781303406,0.0,0.0,0.248573437333107,0.0,0.0,0.02142767608165741,0.0,0.0,0.009139376692473888,0.0,0.0,0.0005577498232014477,0.0,0.0,0.00040610553696751595
214,True,0.0,0.0,0.006074662785977125,0.0,0.0,0.0038827238604426384,0.0,0.0,8.799065835773945e-05,0.0,0.0,0.022846974432468414,0.0,0.0,8.245343633461744e-05,0.0,0.0,0.17487065494060516,0.0,0.0,0.045608751475811005,258.013671875,137.44168090820312,0.8484821915626526,0.0,0.0,0.40168023109436035,189.95838928222656,147.23374938964844,0.930730938911438,196.57347106933594,66.76628112792969,0.7405580878257751,0.0,0.0,0.4461856186389923,0.0,0.0,0.32017192244529724,0.0,0.0,0.0310486052185297,0.0,0.0,0.017965158447623253,0.0,0.0,0.0013257432729005814,0.0,0.0,0.0011734499130398035
215,True,0.0,0.0,0.003153599798679352,0.0,0.0,0.0017003322718665004,0.0,0.0,8.608942880528048e-05,0.0,0.0,0.01810551807284355,0.0,0.0,0.00020607183978427202,0.0,0.0,0.12337221950292587,0.0,0.0,0.060136113315820694,249.32022094726562,141.70716857910156,0.7100392580032349,0.0,0.0,0.4740212559700012,206.6530303955078,140.93589782714844,0.8200084567070007,192.73709106445312,67.71723175048828,0.7024900317192078,0.0,0.0,0.4790648818016052,0.0,0.0,0.42689353227615356,0.0,0.0,0.018953025341033936,0.0,0.0,0.016471296548843384,0.0,0.0,0.0006901786546222866,0.0,0.0,0.000803427305072546
216,True,0.0,0.0,0.005090024322271347,0.0,0.0,0.0034575697500258684,0.0,0.0,0.0001310464140260592,0.0,0.0,0.03076191619038582,0.0,0.0,0.0002410415036138147,0.0,0.0,0.1394418627023697,0.0,0.0,0.059490758925676346,245.67178344726562,145.8933868408203,0.680864691734314,0.0,0.0,0.39473941922187805,206.86300659179688,140.65029907226562,0.7743958830833435,192.58499145507812,68.47481536865234,0.5994799733161926,0.0,0.0,0.4102148115634918,0.0,0.0,0.35376784205436707,0.0,0.0,0.01825428195297718,0.0,0.0,0.01434091106057167,0.0,0.0,0.0009149083052761853,0.0,0.0,0.0009970616083592176
217,True,0.0,0.0,0.000470791885163635,0.0,0.0,0.00020359581685625017,0.0,0.0,2.235668944194913e-05,0.0,0.0,0.007368113379925489,0.0,0.0,0.00032823265064507723,0.0,0.0,0.0690639540553093,0.0,0.0,0.02441572956740856,234.10940551757812,83.07614135742188,0.577144980430603,0.0,0.0,0.18045549094676971,216.3378448486328,126.35250854492188,0.5968993306159973,0.0,0.0,0.3366827964782715,0.0,0.0,0.4397050142288208,0.0,0.0,0.30554065108299255,0.0,0.0,0.012856301851570606,0.0,0.0,0.00785903725773096,0.0,0.0,0.0005908506573177874,0.0,0.0,0.0005055185174569488
218,True,0.0,0.0,0.0005860374658368528,0.0,0.0,0.00022142082161735743,0.0,0.0,3.2521140383323655e-05,0.0,0.0,0.0065750014036893845,0.0,0.0,0.00043232928146608174,0.0,0.0,0.061675556004047394,0.0,0.0,0.03380199149250984,235.13229370117188,78.74700164794922,0.505266547203064,0.0,0.0,0.22896452248096466,216.14334106445312,127.45075225830078,0.5452321171760559,0.0,0.0,0.3861030042171478,0.0,0.0,0.4226059317588806,0.0,0.0,0.3382396697998047,0.0,0.0,0.01171031966805458,0.0,0.0,0.008852210827171803,0.0,0.0,0.0005709969555027783,0.0,0.0,0.0005637261201627553
219,True,0.0,0.0,0.002081730170175433,0.0,0.0,0.0006340423715300858,0.0,0.0,0.000164520344696939,0.0,0.0,0.006288045551627874,0.0,0.0,0.001191403716802597,0.0,0.0,0.0944291278719902,0.0,0.0,0.14530889689922333,0.0,0.0,0.4493299722671509,240.83853149414062,66.83090209960938,0.585411787033081,0.0,0.0,0.4643656313419342,183.26731872558594,84.7144775390625,0.648401141166687,285.4450378417969,163.1018524169922,0.6329566240310669,279.9820556640625,157.86239624023438,0.696210503578186,0.0,0.0,0.030513139441609383,0.0,0.0,0.03895498439669609,0.0,0.0,0.0012947600334882736,0.0,0.0,0.0018113314872607589
220,True,0.0,0.0,0.042511943727731705,0.0,0.0,0.04603061452507973,0.0,0.0,0.0013644242426380515,0.0,0.0,0.15654298663139343,0.0,0.0,0.000799270870629698,0.0,0.0,0.14533796906471252,0.0,0.0,0.13458485901355743,0.0,0.0,0.4314928352832794,0.0,0.0,0.33935290575027466,190.58547973632812,100.59528350830078,0.6422821283340454,180.92013549804688,90.85433959960938,0.5842639207839966,0.0,0.0,0.24158664047718048,0.0,0.0,0.2779855728149414,0.0,0.0,0.016687514260411263,0.0,0.0,0.019111303612589836,0.0,0.0,0.0011286621447652578,0.0,0.0,0.0016335260588675737
221,True,0.0,0.0,0.0006543996278196573,0.0,0.0,0.00016477704048156738,0.0,0.0,4.978679135092534e-05,0.0,0.0,0.001639801193960011,0.0,0.0,0.00027337478240951896,0.0,0.0,0.017933569848537445,0.0,0.0,0.05197075754404068,0.0,0.0,0.41181257367134094,249.2717742919922,72.45870971679688,0.7630023956298828,292.4547119140625,166.1994171142578,0.5926673412322998,172.69561767578125,92.31619262695312,0.8624804019927979,0.0,0.0,0.43073394894599915,277.7182922363281,170.24819946289062,0.5695472955703735,0.0,0.0,0.00459138723090291,0.0,0.0,0.009051892906427383,0.0,0.0,0.0001612203341210261,0.0,0.0,0.0003141413035336882
222,True,0.0,0.0,0.0433964729309082,0.0,0.0,0.0206245556473732,0.0,0.0,0.001968530472368002,0.0,0.0,0.04836922511458397,0.0,0.0,0.0016814674017950892,0.0,0.0,0.24392884969711304,0.0,0.0,0.26112252473831177,300.63763427734375,95.95930480957031,0.7159403562545776,246.0554656982422,77.58381652832031,0.6995729804039001,304.117431640625,153.40794372558594,0.8324304223060608,171.08920288085938,92.32328796386719,0.8432897329330444,287.05029296875,189.27938842773438,0.5862988233566284,275.06134033203125,182.8287353515625,0.5980982780456543,0.0,0.0,0.01819189451634884,0.0,0.0,0.022828107699751854,0.0,0.0,0.0005372269661165774,0.0,0.0,0.0007922574877738953
223,True,0.0,0.0,0.29502975940704346,0.0,0.0,0.24684852361679077,0.0,0.0,0.014450553804636002,0.0,0.0,0.24967479705810547,0.0,0.0,0.0029091890901327133,0.0,0.0,0.3982967436313629,0.0,0.0,0.49289247393608093,292.71832275390625,106.71131134033203,0.6647124290466309,237.46823120117188,81.12008666992188,0.7123233675956726,300.154541015625,154.9102783203125,0.7970327138900757,168.2577362060547,94.04389953613281,0.8301262855529785,289.09942626953125,193.02191162109375,0.5886895060539246,277.6103515625,186.25875854492188,0.6451579928398132,0.0,0.0,0.030505510047078133,0.0,0.0,0.04263624921441078,0.0,0.0,0.0012898497516289353,0.0,0.0,0.002130987821146846
224,True,0.0,0.0,0.48115336894989014,0.0,0.0,0.47073760628700256,0.0,0.0,0.02144782617688179,0.0,0.0,0.389896035194397,0.0,0.0,0.0017527504824101925,0.0,0.0,0.27182701230049133,268.7151794433594,55.267494201660156,0.5779260396957397,257.3021545410156,91.72384643554688,0.5094833970069885,237.98507690429688,82.99150085449219,0.6928814053535461,189.21347045898438,106.275390625,0.7840693593025208,168.6803436279297,93.1526107788086,0.847701370716095,0.0,0.0,0.42026984691619873,281.032470703125,196.54458618164062,0.5819175243377686,0.0,0.0,0.020111724734306335,0.0,0.0,0.03594959154725075,0.0,0.0,0.001030967105180025,0.0,0.0,0.0021521796006709337
225,True,0.0,0.0,0.4947121739387512,0.0,0.0,0.4277579188346863,0.0,0.0,0.03358927369117737,0.0,0.0,0.2912149429321289,0.0,0.0,0.0028954644221812487,0.0,0.0,0.3137158751487732,264.586181640625,51.298194885253906,0.5984522104263306,300.44976806640625,97.10894775390625,0.5158878564834595,238.46141052246094,82.17304992675781,0.765626072883606,292.6291198730469,141.81260681152344,0.7302016615867615,170.2910614013672,93.70845031738281,0.8588129878044128,0.0,0.0,0.4458579123020172,275.46026611328125,195.76385498046875,0.5989400148391724,0.0,0.0,0.016046077013015747,0.0,0.0,0.03208040073513985,0.0,0.0,0.0008010375895537436,0.0,0.0,0.0017330666305497289
226,True,0.0,0.0,0.4547308385372162,0.0,0.0,0.40372803807258606,0.0,0.0,0.02665483020246029,0.0,0.0,0.3351753056049347,0.0,0.0,0.0030774539336562157,0.0,0.0,0.3264198303222656,267.6200866699219,56.30998992919922,0.5961872339248657,0.0,0.0,0.49993300437927246,237.73330688476562,82.25634002685547,0.7195006608963013,263.1548767089844,124.06626892089844,0.7181535363197327,170.84228515625,93.30683135986328,0.8294305205345154,0.0,0.0,0.4091246426105499,279.17779541015625,197.76190185546875,0.5552461743354797,0.0,0.0,0.015048536472022533,0.0,0.0,0.028325267136096954,0.0,0.0,0.000763412332162261,0.0,0.0,0.0015925817424431443
227,True,0.0,0.0,0.49506014585494995,0.0,0.0,0.4463684558868408,0.0,0.0,0.03279736265540123,0.0,0.0,0.33150312304496765,0.0,0.0,0.0028334714006632566,0.0,0.0,0.2849709093570709,264.93505859375,54.04515075683594,0.6228981614112854,0.0,0.0,0.4610741436481476,237.7967529296875,83.74349975585938,0.7591243386268616,267.4339599609375,130.29586791992188,0.7030490636825562,171.5552215576172,93.40142059326172,0.8520182371139526,0.0,0.0,0.4532832205295563,276.28912353515625,192.8380126953125,0.6297223567962646,0.0,0.0,0.017020631581544876,0.0,0.0,0.03635825589299202,0.0,0.0,0.0008073847275227308,0.0,0.0,0.0018535708077251911
228,True,0.0,0.0,0.08446697890758514,0.0,0.0,0.058092761784791946,0.0,0.0,0.0038748460356146097,0.0,0.0,0.10101640969514847,0.0,0.0,0.0015456746332347393,0.0,0.0,0.17880047857761383,0.0,0.0,0.3224886953830719,288.64300537109375,93.65577697753906,0.5512925982475281,248.8528289794922,80.70233154296875,0.7349702715873718,295.2624206542969,141.6637725830078,0.719789445400238,171.15252685546875,94.21575927734375,0.8355978727340698,292.5749816894531,191.06312561035156,0.5312277674674988,282.9571228027344,186.11981201171875,0.6362035870552063,0.0,0.0,0.012273847125470638,0.0,0.0,0.021190617233514786,0.0,0.0,0.0004693275550380349,0.0,0.0,0.0008834587060846388
229,True,0.0,0.0,0.054715074598789215,0.0,0.0,0.03365907445549965,0.0,0.0,0.0021911978255957365,0.0,0.0,0.07679008692502975,0.0,0.0,0.001196488505229354,0.0,0.0,0.20157161355018616,0.0,0.0,0.297055721282959,291.961669921875,100.67032623291016,0.617318868637085,251.80886840820312,80.38174438476562,0.7269628047943115,293.5474548339844,149.94821166992188,0.7676034569740295,171.7884521484375,97.87306213378906,0.8446496725082397,288.64434814453125,191.6341552734375,0.5194851756095886,282.8262939453125,185.3347930908203,0.5950545072555542,0.0,0.0,0.01196110900491476,0.0,0.0,0.019109537824988365,0.0,0.0,0.00041880246135406196,0.0,0.0,0.0007360794697888196
230,True,0.0,0.0,0.005394068080931902,0.0,0.0,0.0019897730089724064,0.0,0.0,0.000265101611148566,0.0,0.0,0.00861082412302494,0.0,0.0,0.0005492912023328245,0.0,0.0,0.09199000149965286,0.0,0.0,0.09066634625196457,291.0711669921875,93.17618560791016,0.7138829827308655,264.71636962890625,79.93592834472656,0.6947571635246277,291.019775390625,153.77853393554688,0.8560205101966858,188.07058715820312,103.84152221679688,0.8713177442550659,294.115234375,185.44961547851562,0.5651264190673828,285.9871826171875,179.5771484375,0.566664457321167,0.0,0.0,0.015327756293118,0.0,0.0,0.018030419945716858,0.0,0.0,0.0004731371009256691,0.0,0.0,0.0006390820490196347
231,True,0.0,0.0,0.206466943025589,0.0,0.0,0.22077520191669464,0.0,0.0,0.006607506889849901,0.0,0.0,0.25872868299484253,0.0,0.0,0.0010223726276308298,0.0,0.0,0.3166665732860565,0.0,0.0,0.2741972804069519,247.0499267578125,127.89749145507812,0.5431790351867676,0.0,0.0,0.40230700373649597,200.01268005371094,111.22315979003906,0.7313162684440613,193.4744110107422,108.08500671386719,0.6421910524368286,0.0,0.0,0.3473144471645355,0.0,0.0,0.37359026074409485,0.0,0.0,0.02591600827872753,0.0,0.0,0.028232118114829063,0.0,0.0,0.002341500949114561,0.0,0.0,0.003209145041182637
232,True,0.0,0.0,0.22999992966651917,0.0,0.0,0.27357757091522217,0.0,0.0,0.0058769830502569675,0.0,0.0,0.3255044221878052,0.0,0.0,0.0006846784963272512,0.0,0.0,0.29879507422447205,0.0,0.0,0.17983290553092957,247.19625854492188,124.92707061767578,0.6967058181762695,0.0,0.0,0.3849393129348755,196.52500915527344,107.94336700439453,0.8659858107566833,195.48419189453125,107.02681732177734,0.6946638226509094,0.0,0.0,0.24067898094654083,0.0,0.0,0.21139906346797943,0.0,0.0,0.01094458345323801,0.0,0.0,0.009084136225283146,0.0,0.0,0.0007560789817944169,0.0,0.0,0.0008703208877705038
233,True,0.0,0.0,0.296625018119812,0.0,0.0,0.2781536877155304,0.0,0.0,0.014526702463626862,0.0,0.0,0.36941397190093994,0.0,0.0,0.002523804781958461,0.0,0.0,0.34410104155540466,0.0,0.0,0.4844745993614197,259.2039489746094,135.9130859375,0.5191773772239685,253.14195251464844,100.7811050415039,0.683789074420929,255.10662841796875,150.96636962890625,0.706398606300354,207.5718231201172,112.77912902832031,0.8029424548149109,0.0,0.0,0.33713623881340027,0.0,0.0,0.44460901618003845,0.0,0.0,0.01746523380279541,0.0,0.0,0.02747848816215992,0.0,0.0,0.001454598968848586,0.0,0.0,0.0025957475882023573
234,True,0.0,0.0,0.34009677171707153,0.0,0.0,0.27914121747016907,0.0,0.0,0.022230438888072968,0.0,0.0,0.26961448788642883,0.0,0.0,0.0034774241503328085,0.0,0.0,0.37587088346481323,269.3007507324219,57.70286560058594,0.5200942754745483,270.8715515136719,141.05174255371094,0.5014449954032898,251.67752075195312,97.93109130859375,0.6894925236701965,275.0652770996094,158.55154418945312,0.6782957911491394,209.2603759765625,113.10690307617188,0.8058875799179077,0.0,0.0,0.41196784377098083,276.5101318359375,189.53317260742188,0.51955246925354,0.0,0.0,0.027295339852571487,0.0,0.0,0.045373041182756424,0.0,0.0,0.0022085339296609163,0.0,0.0,0.0039289467968046665
235,True,0.0,0.0,0.2124936431646347,0.0,0.0,0.20846818387508392,0.0,0.0,0.006640955805778503,0.0,0.0,0.3292579650878906,0.0,0.0,0.00137188914231956,0.0,0.0,0.3449198603630066,0.0,0.0,0.310435026884079,255.4112548828125,144.84523010253906,0.5917623043060303,267.6998596191406,113.4940185546875,0.5120382308959961,222.48695373535156,116.91675567626953,0.8341206312179565,223.46566772460938,113.84215545654297,0.7745097875595093,0.0,0.0,0.2062595933675766,0.0,0.0,0.22579428553581238,0.0,0.0,0.012528587132692337,0.0,0.0,0.014391402713954449,0.0,0.0,0.0008298912434838712,0.0,0.0,0.0011798565974459052
236,True,0.0,0.0,0.15833619236946106,0.0,0.0,0.16078844666481018,0.0,0.0,0.004320132080465555,0.0,0.0,0.2227458357810974,0.0,0.0,0.0007086333353072405,0.0,0.0,0.27115142345428467,0.0,0.0,0.1689216047525406,263.5177307128906,131.1753387451172,0.6582034230232239,0.0,0.0,0.41505464911460876,225.6251678466797,115.34811401367188,0.8683184385299683,224.21595764160156,113.352783203125,0.7332794666290283,0.0,0.0,0.2437761425971985,0.0,0.0,0.21617940068244934,0.0,0.0,0.013043016195297241,0.0,0.0,0.012052836827933788,0.0,0.0,0.0008155046962201595,0.0,0.0,0.00098097650334239
237,True,0.0,0.0,0.16423141956329346,0.0,0.0,0.1695200353860855,0.0,0.0,0.006133692804723978,0.0,0.0,0.23905564844608307,0.0,0.0,0.001265826285816729,0.0,0.0,0.2785555124282837,0.0,0.0,0.18835052847862244,258.59051513671875,126.92971801757812,0.5232184529304504,0.0,0.0,0.35958901047706604,224.82565307617188,114.77457427978516,0.7102413773536682,223.62574768066406,111.03424072265625,0.6062319874763489,0.0,0.0,0.2181735783815384,0.0,0.0,0.21660909056663513,0.0,0.0,0.015920691192150116,0.0,0.0,0.017358779907226562,0.0,0.0,0.001509262016043067,0.0,0.0,0.0020284149795770645
238,True,0.0,0.0,0.07073955237865448,0.0,0.0,0.09298422187566757,0.0,0.0,0.001695061451755464,0.0,0.0,0.22861827909946442,0.0,0.0,0.0005551835056394339,0.0,0.0,0.28404876589775085,0.0,0.0,0.10103196650743484,254.41116333007812,123.96458435058594,0.6179491877555847,0.0,0.0,0.22022125124931335,222.85984802246094,112.0666275024414,0.7500429749488831,0.0,0.0,0.46722134947776794,0.0,0.0,0.316906601190567,0.0,0.0,0.2417052835226059,0.0,0.0,0.02374127134680748,0.0,0.0,0.017237961292266846,0.0,0.0,0.001990153919905424,0.0,0.0,0.002037151949480176
239,True,0.0,0.0,0.00129507586825639,0.0,0.0,0.0004653929208870977,0.0,0.0,6.039076833985746e-05,0.0,0.0,0.004078171215951443,0.0,0.0,0.0002888974267989397,0.0,0.0,0.07811606675386429,0.0,0.0,0.032803233712911606,250.1693878173828,117.31238555908203,0.6302627325057983,0.0,0.0,0.3348767161369324,220.0864715576172,107.14555358886719,0.7474273443222046,221.86427307128906,106.26464080810547,0.598092794418335,0.0,0.0,0.4058593511581421,0.0,0.0,0.3261978328227997,0.0,0.0,0.015774281695485115,0.0,0.0,0.011717290617525578,0.0,0.0,0.0007480742642655969,0.0,0.0,0.0007199043757282197
240,True,0.0,0.0,0.004009146708995104,0.0,0.0,0.0012775382492691278,0.0,0.0,0.000291384756565094,0.0,0.0,0.005053827539086342,0.0,0.0,0.0007064274977892637,0.0,0.0,0.052373144775629044,0.0,0.0,0.050140976905822754,0.0,0.0,0.4733472168445587,0.0,0.0,0.41186097264289856,222.23687744140625,110.81127166748047,0.6442939639091492,218.34585571289062,107.46656036376953,0.6409190893173218,0.0,0.0,0.3318118453025818,0.0,0.0,0.3380478024482727,0.0,0.0,0.010143234394490719,0.0,0.0,0.010456833057105541,0.0,0.0,0.0005696252337656915,0.0,0.0,0.0006888578063808382
241,True,0.0,0.0,0.004127534106373787,0.0,0.0,0.0008547783363610506,0.0,0.0,0.0005407314165495336,0.0,0.0,0.002452125074341893,0.0,0.0,0.0011857982026413083,0.0,0.0,0.031946584582328796,0.0,0.0,0.09146744012832642,0.0,0.0,0.4401901662349701,267.8956298828125,62.2027702331543,0.7417062520980835,288.1171569824219,105.57268524169922,0.7034757137298584,218.49522399902344,107.23654174804688,0.8634230494499207,302.1685791015625,163.90480041503906,0.5233132839202881,282.6018371582031,163.68612670898438,0.6359989643096924,0.0,0.0,0.007184938993304968,0.0,0.0,0.011908202432096004,0.0,0.0,0.00023129508190322667,0.0,0.0,0.00037681456888094544
242,True,0.0,0.0,0.0037182308733463287,0.0,0.0,0.0005653715925291181,0.0,0.0,0.0005463040433824062,0.0,0.0,0.0020397796761244535,0.0,0.0,0.002465128432959318,0.0,0.0,0.07146155089139938,0.0,0.0,0.17922532558441162,0.0,0.0,0.46488767862319946,264.0782775878906,78.78387451171875,0.774588942527771,281.49566650390625,84.33570861816406,0.6119755506515503,217.77915954589844,105.8503646850586,0.81551194190979,0.0,0.0,0.471617728471756,273.67901611328125,180.138916015625,0.5891183614730835,0.0,0.0,0.006709895562380552,0.0,0.0,0.011594760231673717,0.0,0.0,0.00023456035705748945,0.0,0.0,0.00037859604344703257
243,True,0.0,0.0,0.013754785992205143,0.0,0.0,0.007322012446820736,0.0,0.0,0.0004625371948350221,0.0,0.0,0.04241720959544182,0.0,0.0,0.0005573541857302189,0.0,0.0,0.2265230268239975,0.0,0.0,0.11119693517684937,269.746337890625,108.33930206298828,0.7846696376800537,0.0,0.0,0.44268476963043213,218.94488525390625,103.18684387207031,0.8596914410591125,223.00146484375,99.16635131835938,0.6357700228691101,278.5820007324219,182.7996368408203,0.5535981059074402,0.0,0.0,0.4440493881702423,0.0,0.0,0.020199880003929138,0.0,0.0,0.01356873381882906,0.0,0.0,0.0006103410269133747,0.0,0.0,0.0005699602770619094
244,True,0.0,0.0,0.002432076493278146,0.0,0.0,0.0008915841463021934,0.0,0.0,0.0001588879677001387,0.0,0.0,0.009180281311273575,0.0,0.0,0.0005715087172575295,0.0,0.0,0.062257446348667145,0.0,0.0,0.07934153825044632,0.0,0.0,0.40269309282302856,0.0,0.0,0.46407589316368103,0.0,0.0,0.47646772861480713,267.8818664550781,91.7603530883789,0.5376101136207581,284.7706298828125,177.72927856445312,0.5287075638771057,274.06219482421875,174.22789001464844,0.5666273832321167,0.0,0.0,0.012936361134052277,0.0,0.0,0.016630560159683228,0.0,0.0,0.0005565077299252152,0.0,0.0,0.0007857680902816355
245,True,0.0,0.0,0.0013125163968652487,0.0,0.0,0.00047170062316581607,0.0,0.0,7.268266199389473e-05,0.0,0.0,0.008039622567594051,0.0,0.0,0.0005014478228986263,0.0,0.0,0.07894249260425568,0.0,0.0,0.06305985897779465,242.75918579101562,85.9820785522461,0.6156585812568665,0.0,0.0,0.4790588617324829,205.89476013183594,102.01929473876953,0.6536666750907898,268.5926513671875,91.05498504638672,0.5880380868911743,283.3294372558594,177.89930725097656,0.6530308127403259,275.644287109375,174.56414794921875,0.6220322847366333,0.0,0.0,0.014859460294246674,0.0,0.0,0.014559170231223106,0.0,0.0,0.00045655955909751356,0.0,0.0,0.0005337544134818017
246,True,0.0,0.0,0.0019286907045170665,0.0,0.0,0.0006342001142911613,0.0,0.0,0.0001262827281607315,0.0,0.0,0.0023714087437838316,0.0,0.0,9.944010525941849e-05,0.0,0.0,0.023962704464793205,0.0,0.0,0.030072994530200958,309.019775390625,74.61610412597656,0.5334582924842834,258.6414794921875,76.08995056152344,0.5570393800735474,248.83892822265625,89.75054931640625,0.7811092734336853,220.81155395507812,91.9715576171875,0.7748666405677795,286.6161193847656,181.53538513183594,0.7062832117080688,250.97369384765625,174.44830322265625,0.7169930934906006,0.0,0.0,0.020714351907372475,0.0,0.0,0.024279512465000153,0.0,0.0,0.0006312194163911045,0.0,0.0,0.0008590893121436238
247,True,0.0,0.0,0.0017097227973863482,0.0,0.0,0.0006686456617899239,0.0,0.0,8.822413656162098e-05,0.0,0.0,0.00283465045504272,0.0,0.0,7.858328172005713e-05,0.0,0.0,0.03565262258052826,0.0,0.0,0.017848655581474304,298.4711608886719,90.27352905273438,0.6835667490959167,0.0,0.0,0.3951733112335205,229.91497802734375,84.57766723632812,0.8490352034568787,226.3362579345703,83.06499481201172,0.677689254283905,285.876220703125,181.75326538085938,0.7572091221809387,257.090576171875,172.46859741210938,0.6795638203620911,0.0,0.0,0.03586699068546295,0.0,0.0,0.027073878794908524,0.0,0.0,0.0011531140189617872,0.0,0.0,0.0011343207443132997
248,True,0.0,0.0,0.0009468704229220748,0.0,0.0,0.00033102885936386883,0.0,0.0,3.790309347095899e-05,0.0,0.0,0.0022367245983332396,0.0,0.0,7.84055155236274e-05,0.0,0.0,0.0590822659432888,0.0,0.0,0.013981066644191742,281.2033996582031,99.61572265625,0.8486531376838684,0.0,0.0,0.3572106659412384,215.92056274414062,79.94355010986328,0.9256542921066284,214.83041381835938,82.76778411865234,0.6749626994132996,277.71270751953125,184.33619689941406,0.7773964405059814,259.73541259765625,174.26101684570312,0.605118453502655,0.0,0.0,0.03637276217341423,0.0,0.0,0.018151719123125076,0.0,0.0,0.0008422545506618917,0.0,0.0,0.000609842361882329
249,True,0.0,0.0,0.0015868322225287557,0.0,0.0,0.0006670627044513822,0.0,0.0,5.359916758607142e-05,0.0,0.0,0.0062082731164991856,0.0,0.0,0.00012694614997599274,0.0,0.0,0.07624108344316483,0.0,0.0,0.021263105794787407,275.6004638671875,85.98506927490234,0.833705723285675,0.0,0.0,0.3470023274421692,203.44479370117188,75.3385009765625,0.9055139422416687,205.53860473632812,72.09036254882812,0.6284946799278259,275.51220703125,177.29173278808594,0.6958903074264526,265.1683044433594,167.97000122070312,0.524254322052002,0.0,0.0,0.026780830696225166,0.0,0.0,0.014773368835449219,0.0,0.0,0.0005656526773236692,0.0,0.0,0.0004539193760138005
250,True,0.0,0.0,0.0017863443354144692,0.0,0.0,0.0007219475810416043,0.0,0.0,6.0546110034920275e-05,0.0,0.0,0.0056473310105502605,0.0,0.0,0.00012167420209152624,0.0,0.0,0.0817537009716034,0.0,0.0,0.021648969501256943,279.39910888671875,87.17756652832031,0.8408045768737793,0.0,0.0,0.3308104872703552,201.36509704589844,70.87496948242188,0.9112070798873901,199.66021728515625,73.8026123046875,0.6255975961685181,275.2813415527344,178.540771484375,0.7029049396514893,265.7254333496094,169.63177490234375,0.5237330198287964,0.0,0.0,0.02534298226237297,0.0,0.0,0.013614878058433533,0.0,0.0,0.0005196910933591425,0.0,0.0,0.00040585300303064287
251,True,0.0,0.0,0.0018244505627080798,0.0,0.0,0.0006481671589426696,0.0,0.0,7.78514367993921e-05,0.0,0.0,0.006024846341460943,0.0,0.0,0.00022749777417629957,0.0,0.0,0.09239789843559265,0.0,0.0,0.03570927307009697,275.57427978515625,82.68766784667969,0.8168579936027527,0.0,0.0,0.40144962072372437,200.20733642578125,69.43302154541016,0.8829986453056335,198.23977661132812,72.32968139648438,0.6386922001838684,273.417236328125,174.78463745117188,0.72513347864151,264.7711181640625,166.8822479248047,0.5899140238761902,0.0,0.0,0.024712176993489265,0.0,0.0,0.015446887351572514,0.0,0.0,0.0004758289142046124,0.0,0.0,0.00040805034223012626
252,True,0.0,0.0,0.0009804728906601667,0.0,0.0,0.0004986142739653587,0.0,0.0,2.37673975789221e-05,0.0,0.0,0.011518861167132854,0.0,0.0,0.00014542040298692882,0.0,0.0,0.1417349874973297,0.0,0.0,0.02113392949104309,267.96142578125,86.39099884033203,0.8487535119056702,0.0,0.0,0.18243326246738434,197.2471923828125,71.26055145263672,0.8822102546691895,0.0,0.0,0.4117029905319214,273.37054443359375,172.3311767578125,0.641460120677948,0.0,0.0,0.38529467582702637,0.0,0.0,0.040603116154670715,0.0,0.0,0.017129575833678246,0.0,0.0,0.0009182898211292922,0.0,0.0,0.0006049967487342656
253,True,0.0,0.0,0.002011987380683422,0.0,0.0,0.0009939309675246477,0.0,0.0,5.412869722931646e-05,0.0,0.0,0.013664113357663155,0.0,0.0,0.00016708190378267318,0.0,0.0,0.1288183182477951,0.0,0.0,0.03266414999961853,272.9781188964844,84.78875732421875,0.829685628414154,0.0,0.0,0.2887107729911804,198.7943115234375,72.54093933105469,0.8840665817260742,203.2726287841797,67.53032684326172,0.5350793600082397,273.1143798828125,174.1192169189453,0.6632784008979797,0.0,0.0,0.47590598464012146,0.0,0.0,0.033407147973775864,0.0,0.0,0.01813429966568947,0.0,0.0,0.0007569079753011465,0.0,0.0,0.0006042266031727195
254,True,0.0,0.0,0.0025642956607043743,0.0,0.0,0.0010287967743352056,0.0,0.0,9.653906454332173e-05,0.0,0.0,0.00754300644621253,0.0,0.0,0.00019879797764588147,0.0,0.0,0.10261891037225723,0.0,0.0,0.03393380343914032,273.8421630859375,89.16685485839844,0.8118711113929749,0.0,0.0,0.3417876064777374,196.4226531982422,71.09724426269531,0.8849694132804871,199.0790252685547,69.56533813476562,0.6089794635772705,276.3240966796875,178.60305786132812,0.668166995048523,267.7269287109375,170.0425567626953,0.5101654529571533,0.0,0.0,0.025892818346619606,0.0,0.0,0.015394795686006546,0.0,0.0,0.0006060494342818856,0.0,0.0,0.000505719450302422
255,True,0.0,0.0,0.003326453734189272,0.0,0.0,0.001356289372779429,0.0,0.0,0.00011459095549071208,0.0,0.0,0.008446154184639454,0.0,0.0,0.00016903947107493877,0.0,0.0,0.10246807336807251,0.0,0.0,0.042637020349502563,278.45343017578125,94.3281021118164,0.8004868030548096,0.0,0.0,0.4015033543109894,197.2313232421875,72.49089813232422,0.8972116708755493,196.24887084960938,71.0277328491211,0.67941814661026,274.2863464355469,177.62278747558594,0.6801987290382385,265.88824462890625,167.7883758544922,0.5569867491722107,0.0,0.0,0.034154314547777176,0.0,0.0,0.02260870672762394,0.0,0.0,0.0008137720869854093,0.0,0.0,0.0007338374853134155
256,True,0.0,0.0,0.0011415150947868824,0.0,0.0,0.0005107859033159912,0.0,0.0,3.197729529347271e-05,0.0,0.0,0.007827245630323887,0.0,0.0,0.00013159913942217827,0.0,0.0,0.13801337778568268,0.0,0.0,0.02253810130059719,269.2460632324219,91.89585876464844,0.8666224479675293,0.0,0.0,0.2098579853773117,193.24468994140625,70.65401458740234,0.9047529697418213,0.0,0.0,0.4751775562763214,274.34185791015625,174.52352905273438,0.6857720613479614,0.0,0.0,0.4327968955039978,0.0,0.0,0.03852243721485138,0.0,0.0,0.015885088592767715,0.0,0.0,0.0008516832021996379,0.0,0.0,0.000542161229532212
257,True,0.0,0.0,0.001871919259428978,0.0,0.0,0.00070050178328529,0.0,0.0,7.010402623564005e-05,0.0,0.0,0.007002260070294142,0.0,0.0,0.000207542470889166,0.0,0.0,0.14013226330280304,0.0,0.0,0.036893680691719055,271.6221618652344,93.16747283935547,0.8454338908195496,0.0,0.0,0.3122161626815796,193.99183654785156,72.10611724853516,0.889559268951416,194.67868041992188,73.34788513183594,0.5644534230232239,273.430908203125,176.34483337402344,0.6858446598052979,0.0,0.0,0.4936087429523468,0.0,0.0,0.030595198273658752,0.0,0.0,0.01598159596323967,0.0,0.0,0.0007011417183093727,0.0,0.0,0.0005256038857623935
258,True,0.0,0.0,0.0012236847542226315,0.0,0.0,0.00046347995521500707,0.0,0.0,4.11135952163022e-05,0.0,0.0,0.005708902608603239,0.0,0.0,0.0001664547307882458,0.0,0.0,0.11734623461961746,0.0,0.0,0.028666259720921516,267.38330078125,98.06143951416016,0.8284512162208557,0.0,0.0,0.2819432318210602,191.35630798339844,72.3678970336914,0.8825877904891968,193.43051147460938,71.6720962524414,0.5524918437004089,273.2373352050781,173.80755615234375,0.6522886157035828,0.0,0.0,0.4546198844909668,0.0,0.0,0.032136593014001846,0.0,0.0,0.017072822898626328,0.0,0.0,0.000757453148253262,0.0,0.0,0.0005765950190834701
259,True,0.0,0.0,0.0014280674513429403,0.0,0.0,0.0005500519182533026,0.0,0.0,5.089230398880318e-05,0.0,0.0,0.00554107129573822,0.0,0.0,0.0001617111702216789,0.0,0.0,0.10968241095542908,0.0,0.0,0.026871250942349434,268.3936462402344,95.54070281982422,0.8354949355125427,0.0,0.0,0.30259081721305847,190.99107360839844,72.88603210449219,0.8871788382530212,193.59237670898438,73.04852294921875,0.569559633731842,272.750732421875,176.19509887695312,0.6769489645957947,0.0,0.0,0.48551467061042786,0.0,0.0,0.027563953772187233,0.0,0.0,0.01481306366622448,0.0,0.0,0.0006332766497507691,0.0,0.0,0.000488533522002399
260,True,0.0,0.0,0.0017930705798789859,0.0,0.0,0.0006319910753518343,0.0,0.0,6.718558870488778e-05,0.0,0.0,0.005398318637162447,0.0,0.0,0.00017776615277398378,0.0,0.0,0.10734464973211288,0.0,0.0,0.03645217418670654,269.03863525390625,100.77057647705078,0.8138473033905029,0.0,0.0,0.3778019845485687,190.81613159179688,72.69560241699219,0.8845303654670715,195.18272399902344,67.60977172851562,0.6466785669326782,273.5814514160156,178.23313903808594,0.6298467516899109,0.0,0.0,0.47820669412612915,0.0,0.0,0.02333393134176731,0.0,0.0,0.01501405518501997,0.0,0.0,0.0005513405776582658,0.0,0.0,0.0004841408517677337
261,True,0.0,0.0,0.0014341772766783834,0.0,0.0,0.0006202730583027005,0.0,0.0,4.0238635847344995e-05,0.0,0.0,0.007951200008392334,0.0,0.0,0.0001334579283138737,0.0,0.0,0.13786335289478302,0.0,0.0,0.026453429833054543,269.1495361328125,95.14990234375,0.8562491536140442,0.0,0.0,0.2503396272659302,191.0244140625,72.80751037597656,0.8941883444786072,194.0904541015625,72.19746398925781,0.5110065340995789,272.46942138671875,179.94627380371094,0.6732268929481506,0.0,0.0,0.44880571961402893,0.0,0.0,0.030038395896553993,0.0,0.0,0.014328408986330032,0.0,0.0,0.0007021533674560487,0.0,0.0,0.0005057110683992505
262,True,0.0,0.0,0.0018416274106130004,0.0,0.0,0.0007627803133800626,0.0,0.0,4.7272227675421163e-05,0.0,0.0,0.007285020314157009,0.0,0.0,0.00012089217489119619,0.0,0.0,0.15871427953243256,0.0,0.0,0.025568053126335144,269.9263610839844,110.2044906616211,0.8767955303192139,0.0,0.0,0.24922634661197662,190.9713134765625,73.1357421875,0.9175647497177124,191.3708953857422,73.3257064819336,0.5491093993186951,273.97308349609375,183.85528564453125,0.6070817112922668,0.0,0.0,0.3637414276599884,0.0,0.0,0.027508122846484184,0.0,0.0,0.012401444837450981,0.0,0.0,0.000662969658151269,0.0,0.0,0.00045802374370396137
263,True,0.0,0.0,0.00169272325001657,0.0,0.0,0.0006947031943127513,0.0,0.0,4.138904114370234e-05,0.0,0.0,0.007577786222100258,0.0,0.0,0.00011557354446267709,0.0,0.0,0.1882500797510147,0.0,0.0,0.024314630776643753,269.36676025390625,110.03388977050781,0.9056858420372009,0.0,0.0,0.2416636198759079,189.62989807128906,72.91299438476562,0.9312229156494141,193.9697723388672,70.78730773925781,0.5302660465240479,271.25115966796875,186.99659729003906,0.626158595085144,0.0,0.0,0.35306766629219055,0.0,0.0,0.02522405795753002,0.0,0.0,0.00992641318589449,0.0,0.0,0.0005743015790358186,0.0,0.0,0.0003601921780500561
264,True,0.0,0.0,0.0015406565507873893,0.0,0.0,0.0006229075370356441,0.0,0.0,3.603840377763845e-05,0.0,0.0,0.005313464906066656,0.0,0.0,7.770991214783862e-05,0.0,0.0,0.1257418543100357,0.0,0.0,0.017740346491336823,271.84149169921875,117.13216400146484,0.8835110664367676,0.0,0.0,0.254415899515152,189.15457153320312,74.58958435058594,0.9363305568695068,196.11572265625,66.88987731933594,0.5929919481277466,270.4661560058594,185.64093017578125,0.5503654479980469,0.0,0.0,0.3102300763130188,0.0,0.0,0.023782670497894287,0.0,0.0,0.010433313436806202,0.0,0.0,0.0006079644081182778,0.0,0.0,0.0004108085995540023
265,True,0.0,0.0,0.0021119858138263226,0.0,0.0,0.0009913207031786442,0.0,0.0,4.340070518082939e-05,0.0,0.0,0.008186953142285347,0.0,0.0,7.418277527904138e-05,0.0,0.0,0.1429387927055359,0.0,0.0,0.02045750617980957,271.6063537597656,109.7071533203125,0.8913015723228455,0.0,0.0,0.2663947641849518,188.11436462402344,73.5199966430664,0.9400915503501892,194.53466796875,65.04352569580078,0.6098012328147888,272.6362609863281,184.5164337158203,0.5824636816978455,0.0,0.0,0.34209904074668884,0.0,0.0,0.02514287829399109,0.0,0.0,0.011394030414521694,0.0,0.0,0.0005998224951326847,0.0,0.0,0.0004230366030242294
266,True,0.0,0.0,0.002786198165267706,0.0,0.0,0.0012473214883357286,0.0,0.0,6.601675704587251e-05,0.0,0.0,0.008696050383150578,0.0,0.0,0.00010306181502528489,0.0,0.0,0.156430184841156,0.0,0.0,0.025034841150045395,270.702880859375,109.98934173583984,0.8915814161300659,0.0,0.0,0.285806804895401,188.38511657714844,72.90105438232422,0.9360935091972351,193.11378479003906,68.11758422851562,0.6072238087654114,273.0345458984375,186.366455078125,0.5662822127342224,0.0,0.0,0.33477360010147095,0.0,0.0,0.02241261675953865,0.0,0.0,0.010038379579782486,0.0,0.0,0.0005731351557187736,0.0,0.0,0.0003983269853051752
267,True,0.0,0.0,0.002427672501653433,0.0,0.0,0.0011073632631450891,0.0,0.0,5.00091518915724e-05,0.0,0.0,0.008124738931655884,0.0,0.0,8.526734745828435e-05,0.0,0.0,0.19286330044269562,0.0,0.0,0.02134818583726883,269.2205505371094,126.2060775756836,0.9071654677391052,0.0,0.0,0.23828600347042084,189.98272705078125,73.87101745605469,0.9442517757415771,200.1376953125,65.21055603027344,0.565552830696106,270.9042053222656,188.3045654296875,0.5654172301292419,0.0,0.0,0.2987871766090393,0.0,0.0,0.03032747283577919,0.0,0.0,0.01180124282836914,0.0,0.0,0.0008275679429061711,0.0,0.0,0.0005150515935383737
268,True,0.0,0.0,0.0023979691322892904,0.0,0.0,0.00117655866779387,0.0,0.0,5.554478047997691e-05,0.0,0.0,0.011037513613700867,0.0,0.0,0.00011604552855715156,0.0,0.0,0.21946130692958832,0.0,0.0,0.025988588109612465,267.5293273925781,113.1540298461914,0.8999134302139282,0.0,0.0,0.2133285105228424,189.14743041992188,69.66952514648438,0.9214144945144653,0.0,0.0,0.4709564745426178,270.4003601074219,183.70248413085938,0.6307263970375061,0.0,0.0,0.354828804731369,0.0,0.0,0.03600824996829033,0.0,0.0,0.01356460526585579,0.0,0.0,0.0009808102622628212,0.0,0.0,0.0005976012907922268
269,True,0.0,0.0,0.002267251955345273,0.0,0.0,0.0010935808531939983,0.0,0.0,4.802394687430933e-05,0.0,0.0,0.009073929861187935,0.0,0.0,8.534405787941068e-05,0.0,0.0,0.18015849590301514,0.0,0.0,0.021548012271523476,269.854736328125,115.21881103515625,0.9022166132926941,0.0,0.0,0.229555144906044,190.48654174804688,70.29063415527344,0.9336773157119751,192.7375030517578,68.68667602539062,0.5299988985061646,272.8838806152344,187.89048767089844,0.6085609793663025,0.0,0.0,0.3396458327770233,0.0,0.0,0.0288322065025568,0.0,0.0,0.01134200394153595,0.0,0.0,0.000733132241293788,0.0,0.0,0.0004651977797038853
270,True,0.0,0.0,0.0014641713351011276,0.0,0.0,0.000660751829855144,0.0,0.0,3.49487854691688e-05,0.0,0.0,0.006260992493480444,0.0,0.0,8.008631994016469e-05,0.0,0.0,0.13082635402679443,0.0,0.0,0.017757177352905273,269.7113952636719,109.21723937988281,0.8802828788757324,0.0,0.0,0.23499178886413574,190.61964416503906,68.9547119140625,0.9224557876586914,193.02239990234375,64.94705963134766,0.5415323376655579,273.1066589355469,183.63446044921875,0.6216723322868347,0.0,0.0,0.368056982755661,0.0,0.0,0.026911361142992973,0.0,0.0,0.011731014586985111,0.0,0.0,0.0006305204005911946,0.0,0.0,0.00042823131661862135
271,True,0.0,0.0,0.002113157883286476,0.0,0.0,0.0008936039521358907,0.0,0.0,5.720624540117569e-05,0.0,0.0,0.007313290610909462,0.0,0.0,0.00011265312059549615,0.0,0.0,0.13260798156261444,0.0,0.0,0.02697073295712471,271.8229675292969,103.83621215820312,0.8570793271064758,0.0,0.0,0.2835855185985565,189.61204528808594,68.72604370117188,0.9050854444503784,191.20245361328125,66.41069030761719,0.5694562196731567,274.80670166015625,184.8699951171875,0.6070258617401123,0.0,0.0,0.39702802896499634,0.0,0.0,0.022364841774106026,0.0,0.0,0.011493641883134842,0.0,0.0,0.0005413024919107556,0.0,0.0,0.0004145126440562308
272,True,0.0,0.0,0.0025110908318310976,0.0,0.0,0.0010575730120763183,0.0,0.0,7.146902498789132e-05,0.0,0.0,0.00856898631900549,0.0,0.0,0.00013552504242397845,0.0,0.0,0.14333026111125946,0.0,0.0,0.030766602605581284,272.3837890625,100.28968811035156,0.8543771505355835,0.0,0.0,0.28721582889556885,190.17568969726562,67.8990478515625,0.8992908000946045,191.80984497070312,66.81010437011719,0.5619848966598511,274.50732421875,183.75489807128906,0.6066422462463379,0.0,0.0,0.40002235770225525,0.0,0.0,0.021016234531998634,0.0,0.0,0.011056018061935902,0.0,0.0,0.0004934443859383464,0.0,0.0,0.0003846085455734283
273,True,0.0,0.0,0.0021637259051203728,0.0,0.0,0.0009491211967542768,0.0,0.0,6.160893099149689e-05,0.0,0.0,0.008776814676821232,0.0,0.0,0.0001288685598410666,0.0,0.0,0.13840252161026,0.0,0.0,0.029992038384079933,272.78839111328125,99.17832946777344,0.8508704900741577,0.0,0.0,0.2897912859916687,191.2059326171875,67.15016174316406,0.8921495079994202,191.52490234375,67.00389099121094,0.5454057455062866,271.98284912109375,180.1434326171875,0.6595885157585144,0.0,0.0,0.4580346643924713,0.0,0.0,0.02500113472342491,0.0,0.0,0.013180667534470558,0.0,0.0,0.0005613802932202816,0.0,0.0,0.00043845686013810337
274,True,0.0,0.0,0.0018831177148967981,0.0,0.0,0.0008978747646324337,0.0,0.0,4.835025538341142e-05,0.0,0.0,0.01076052151620388,0.0,0.0,0.00012408648035489023,0.0,0.0,0.17592783272266388,0.0,0.0,0.02820485271513462,270.5484619140625,99.53478240966797,0.8756003975868225,0.0,0.0,0.23844747245311737,191.2833709716797,66.13459777832031,0.8995253443717957,0.0,0.0,0.482747346162796,270.52142333984375,178.74440002441406,0.6875141859054565,0.0,0.0,0.44515082240104675,0.0,0.0,0.03066960908472538,0.0,0.0,0.013818296603858471,0.0,0.0,0.000660595134831965,0.0,0.0,0.000460515875602141
275,True,0.0,0.0,0.001992102013900876,0.0,0.0,0.0009315978386439383,0.0,0.0,5.2437659178394824e-05,0.0,0.0,0.01019963901489973,0.0,0.0,0.00011958694085478783,0.0,0.0,0.15694880485534668,0.0,0.0,0.029050875455141068,271.431640625,98.96280670166016,0.8659167289733887,0.0,0.0,0.2649287283420563,191.10716247558594,66.48461151123047,0.8975540399551392,192.21299743652344,66.37812042236328,0.513830304145813,270.0540771484375,178.84584045410156,0.6758551001548767,0.0,0.0,0.4531901776790619,0.0,0.0,0.02789406292140484,0.0,0.0,0.01352867390960455,0.0,0.0,0.0006106664659455419,0.0,0.0,0.0004490176506806165
276,True,0.0,0.0,0.0015404981095343828,0.0,0.0,0.0006890898803249002,0.0,0.0,4.044341403641738e-05,0.0,0.0,0.008029081858694553,0.0,0.0,0.00010756382835097611,0.0,0.0,0.14958596229553223,0.0,0.0,0.02341221272945404,272.0576171875,100.34082794189453,0.8737114071846008,0.0,0.0,0.2370459884405136,191.64035034179688,66.55770874023438,0.9066669940948486,192.27716064453125,67.98995971679688,0.5115725994110107,272.8019104003906,178.68185424804688,0.6676245927810669,0.0,0.0,0.42075374722480774,0.0,0.0,0.029014624655246735,0.0,0.0,0.013416514731943607,0.0,0.0,0.0006197051843628287,0.0,0.0,0.00043880933662876487
277,True,0.0,0.0,0.001515654963441193,0.0,0.0,0.0007396945147775114,0.0,0.0,3.882896271534264e-05,0.0,0.0,0.008763077668845654,0.0,0.0,9.29708476178348e-05,0.0,0.0,0.1335698664188385,0.0,0.0,0.021456295624375343,273.0270080566406,94.99179077148438,0.8660245537757874,0.0,0.0,0.2354816496372223,191.36343383789062,66.73728942871094,0.9004673361778259,0.0,0.0,0.4995417594909668,271.5942687988281,177.49819946289062,0.7001856565475464,0.0,0.0,0.4654303789138794,0.0,0.0,0.030247321352362633,0.0,0.0,0.014356483705341816,0.0,0.0,0.0006357560050673783,0.0,0.0,0.0004617961822077632
278,True,0.0,0.0,0.0013885258231312037,0.0,0.0,0.0006519065937027335,0.0,0.0,3.758354432648048e-05,0.0,0.0,0.008526405319571495,0.0,0.0,0.00010516659676795825,0.0,0.0,0.1466914415359497,0.0,0.0,0.02283029817044735,271.5153503417969,94.08309173583984,0.8750631213188171,0.0,0.0,0.23706157505512238,191.36981201171875,66.37057495117188,0.9014206528663635,0.0,0.0,0.4944829046726227,271.4595947265625,175.9630889892578,0.7211544513702393,0.0,0.0,0.48131367564201355,0.0,0.0,0.033198773860931396,0.0,0.0,0.015369937755167484,0.0,0.0,0.0006823679432272911,0.0,0.0,0.0004835993458982557
279,True,0.0,0.0,0.0013407672522589564,0.0,0.0,0.0006102086626924574,0.0,0.0,3.53630275640171e-05,0.0,0.0,0.007254414726048708,0.0,0.0,9.333923662779853e-05,0.0,0.0,0.1384943276643753,0.0,0.0,0.020216280594468117,272.3445739746094,96.2738037109375,0.8815036416053772,0.0,0.0,0.23607289791107178,191.73423767089844,66.30498504638672,0.9122915267944336,192.27938842773438,68.54866027832031,0.5137760043144226,272.40838623046875,177.9767608642578,0.7037240862846375,0.0,0.0,0.4540662169456482,0.0,0.0,0.03143465891480446,0.0,0.0,0.01410768274217844,0.0,0.0,0.0006549775134772062,0.0,0.0,0.0004533675964921713
280,True,0.0,0.0,0.0013481451896950603,0.0,0.0,0.0006391947390511632,0.0,0.0,3.542523700161837e-05,0.0,0.0,0.007344821467995644,0.0,0.0,8.58395651448518e-05,0.0,0.0,0.12465610355138779,0.0,0.0,0.019953247159719467,273.1531982421875,97.40054321289062,0.8699936270713806,0.0,0.0,0.24647711217403412,192.13153076171875,66.58997344970703,0.9066534638404846,192.23275756835938,68.4755859375,0.5186671614646912,271.65875244140625,176.89248657226562,0.7241029143333435,0.0,0.0,0.4953067898750305,0.0,0.0,0.03595755994319916,0.0,0.0,0.016854818910360336,0.0,0.0,0.0007661032723262906,0.0,0.0,0.0005479640094563365
281,True,0.0,0.0,0.0014510141918435693,0.0,0.0,0.0006181926582939923,0.0,0.0,4.519325739238411e-05,0.0,0.0,0.006017398089170456,0.0,0.0,0.00010113071039086208,0.0,0.0,0.11334025859832764,0.0,0.0,0.022171560674905777,275.43646240234375,97.12548828125,0.8590171933174133,0.0,0.0,0.28678005933761597,193.4364471435547,65.886962890625,0.9023371338844299,192.41885375976562,66.58631134033203,0.5650316476821899,273.0900573730469,177.14207458496094,0.7250833511352539,261.1763000488281,168.63104248046875,0.5181233882904053,0.0,0.0,0.030340954661369324,0.0,0.0,0.015768982470035553,0.0,0.0,0.0005980717251077294,0.0,0.0,0.0004589970922097564
282,True,0.0,0.0,0.0012015901738777757,0.0,0.0,0.0005609646905213594,0.0,0.0,3.0865685403114185e-05,0.0,0.0,0.006634308956563473,0.0,0.0,7.596058276249096e-05,0.0,0.0,0.11902600526809692,0.0,0.0,0.017997348681092262,274.3179626464844,97.90408325195312,0.8744295239448547,0.0,0.0,0.2411193549633026,193.10423278808594,65.5740966796875,0.9145681262016296,193.19285583496094,64.57795715332031,0.5293111801147461,271.9591369628906,176.80059814453125,0.7125115394592285,0.0,0.0,0.47209134697914124,0.0,0.0,0.03502488136291504,0.0,0.0,0.015992967411875725,0.0,0.0,0.0007292896043509245,0.0,0.0,0.0005118474364280701
283,True,0.0,0.0,0.0008820620132610202,0.0,0.0,0.0003912723041139543,0.0,0.0,2.5064660803764127e-05,0.0,0.0,0.006006592884659767,0.0,0.0,9.010484791360795e-05,0.0,0.0,0.11727240681648254,0.0,0.0,0.018609091639518738,272.56793212890625,93.8130874633789,0.8672097325325012,0.0,0.0,0.24385760724544525,192.63363647460938,64.83393096923828,0.8999646306037903,193.20692443847656,64.66327667236328,0.512641191482544,271.0673828125,172.50314331054688,0.7471497654914856,264.50347900390625,164.2994842529297,0.518427312374115,0.0,0.0,0.035767585039138794,0.0,0.0,0.017254529520869255,0.0,0.0,0.0006502724136225879,0.0,0.0,0.0004720138676930219
284,True,0.0,0.0,0.0008603085298091173,0.0,0.0,0.0003916514397133142,0.0,0.0,2.361433143960312e-05,0.0,0.0,0.00660737557336688,0.0,0.0,9.0567693405319e-05,0.0,0.0,0.12775737047195435,0.0,0.0,0.0194315817207098,271.5485534667969,93.08651733398438,0.8741839528083801,0.0,0.0,0.24048811197280884,192.7838897705078,64.96710205078125,0.9015078544616699,194.09677124023438,64.07609558105469,0.5012257695198059,270.33221435546875,171.80120849609375,0.7539241313934326,264.45001220703125,163.5633544921875,0.5199252367019653,0.0,0.0,0.0369061678647995,0.0,0.0,0.017256170511245728,0.0,0.0,0.0006663091480731964,0.0,0.0,0.0004729223146568984
285,True,0.0,0.0,0.0007730655488558114,0.0,0.0,0.00034686914295889437,0.0,0.0,2.149585088773165e-05,0.0,0.0,0.0060019707307219505,0.0,0.0,8.954038639785722e-05,0.0,0.0,0.12593625485897064,0.0,0.0,0.018238859251141548,271.1257019042969,93.02316284179688,0.875918984413147,0.0,0.0,0.235089510679245,192.82699584960938,64.98596954345703,0.9036871790885925,194.17098999023438,64.2845230102539,0.5050318241119385,271.33685302734375,170.37460327148438,0.7659767270088196,266.0486145019531,162.33416748046875,0.5302859544754028,0.0,0.0,0.042257171124219894,0.0,0.0,0.019688494503498077,0.0,0.0,0.00075732939876616,0.0,0.0,0.000534312566742301
286,True,0.0,0.0,0.0007504777750000358,0.0,0.0,0.0003392532526049763,0.0,0.0,1.9407405488891527e-05,0.0,0.0,0.006168533116579056,0.0,0.0,8.39240601635538e-05,0.0,0.0,0.13053956627845764,0.0,0.0,0.01899450458586216,270.18927001953125,95.12386322021484,0.8760975003242493,0.0,0.0,0.23374344408512115,193.1724853515625,64.76692962646484,0.9038227200508118,194.65196228027344,62.32612991333008,0.5023518204689026,271.50506591796875,171.96923828125,0.7574365735054016,268.0123291015625,163.87704467773438,0.519812822341919,0.0,0.0,0.04500991478562355,0.0,0.0,0.020839421078562737,0.0,0.0,0.0008410676964558661,0.0,0.0,0.0005900498363189399
287,True,0.0,0.0,0.0005808092537336051,0.0,0.0,0.0002438567898934707,0.0,0.0,1.7157994079752825e-05,0.0,0.0,0.004988258704543114,0.0,0.0,9.547853551339358e-05,0.0,0.0,0.12399831414222717,0.0,0.0,0.019033120945096016,269.1869201660156,90.77299499511719,0.8707687258720398,0.0,0.0,0.2445145547389984,193.09893798828125,63.709537506103516,0.8917736411094666,0.0,0.0,0.49961036443710327,271.496826171875,169.17091369628906,0.7922268509864807,266.9046936035156,161.78323364257812,0.5731255412101746,0.0,0.0,0.04830778390169144,0.0,0.0,0.02348737232387066,0.0,0.0,0.0008438186487182975,0.0,0.0,0.0006094341515563428
288,True,0.0,0.0,0.0007382255280390382,0.0,0.0,0.0003009134088642895,0.0,0.0,2.174004475818947e-05,0.0,0.0,0.005749147851020098,0.0,0.0,0.00010656606173142791,0.0,0.0,0.1381065398454666,0.0,0.0,0.025661250576376915,269.8484802246094,92.34375762939453,0.8705421090126038,0.0,0.0,0.2795742452144623,193.14022827148438,63.566707611083984,0.8920091390609741,193.50503540039062,59.278297424316406,0.5215373635292053,270.5051574707031,170.74966430664062,0.7911818623542786,265.45184326171875,162.64300537109375,0.5909855365753174,0.0,0.0,0.04893423989415169,0.0,0.0,0.02444693259894848,0.0,0.0,0.0008892237674444914,0.0,0.0,0.0006539722671732306
289,True,0.0,0.0,0.00044285989133641124,0.0,0.0,0.000191558210644871,0.0,0.0,1.0689706869015936e-05,0.0,0.0,0.0061134155839681625,0.0,0.0,8.698685269337147e-05,0.0,0.0,0.15298548340797424,0.0,0.0,0.023017194122076035,265.3738098144531,92.21202850341797,0.8882353901863098,0.0,0.0,0.2549319565296173,192.33157348632812,61.82142639160156,0.9001134037971497,0.0,0.0,0.49243807792663574,268.0049743652344,167.73770141601562,0.8062098622322083,270.1561279296875,158.84889221191406,0.5882754325866699,0.0,0.0,0.05891017988324165,0.0,0.0,0.026814665645360947,0.0,0.0,0.0010070719290524721,0.0,0.0,0.0006938850274309516
290,True,0.0,0.0,0.0005007066065445542,0.0,0.0,0.00022509697009809315,0.0,0.0,1.1480420653242618e-05,0.0,0.0,0.0065563092939555645,0.0,0.0,7.743126479908824e-05,0.0,0.0,0.15158133208751678,0.0,0.0,0.02274176850914955,266.2140808105469,93.05965423583984,0.8879360556602478,0.0,0.0,0.2525073289871216,192.66873168945312,62.02198791503906,0.9015888571739197,0.0,0.0,0.4863418936729431,267.3468322753906,170.8258056640625,0.7948057651519775,267.8301696777344,161.07879638671875,0.5729819536209106,0.0,0.0,0.05416737124323845,0.0,0.0,0.024083957076072693,0.0,0.0,0.0009820767445489764,0.0,0.0,0.0006696436321362853
291,True,0.0,0.0,0.0006792684434913099,0.0,0.0,0.0002921714913100004,0.0,0.0,1.8404851289233193e-05,0.0,0.0,0.005396347958594561,0.0,0.0,8.597031410317868e-05,0.0,0.0,0.11954794824123383,0.0,0.0,0.021641727536916733,268.6736145019531,90.97445678710938,0.8651818633079529,0.0,0.0,0.2651785612106323,191.8887481689453,63.3704948425293,0.895611584186554,193.8081512451172,59.98360061645508,0.5282044410705566,272.3836669921875,170.6509246826172,0.7762377858161926,267.9765930175781,162.30816650390625,0.5706420540809631,0.0,0.0,0.047378458082675934,0.0,0.0,0.02364015206694603,0.0,0.0,0.0008866061689332128,0.0,0.0,0.0006532095721922815
292,True,0.0,0.0,0.0005132735823281109,0.0,0.0,0.00021475683024618775,0.0,0.0,1.4854282198939472e-05,0.0,0.0,0.004633511882275343,0.0,0.0,8.584489114582539e-05,0.0,0.0,0.10729292035102844,0.0,0.0,0.019261308014392853,268.1053466796875,87.69033813476562,0.8623641729354858,0.0,0.0,0.2596748471260071,191.142333984375,63.821067810058594,0.8923365473747253,193.58193969726562,58.64140319824219,0.5239951014518738,271.5889587402344,168.1600799560547,0.8020957112312317,267.7516174316406,160.59512329101562,0.6039053797721863,0.0,0.0,0.05103952810168266,0.0,0.0,0.025837093591690063,0.0,0.0,0.0008846590062603354,0.0,0.0,0.0006548900855705142
293,True,0.0,0.0,0.0006123573402874172,0.0,0.0,0.00026205810718238354,0.0,0.0,1.7006137568387203e-05,0.0,0.0,0.005570545792579651,0.0,0.0,9.358752868138254e-05,0.0,0.0,0.13339625298976898,0.0,0.0,0.021117985248565674,268.85186767578125,87.88126373291016,0.8781998753547668,0.0,0.0,0.2530893087387085,192.06317138671875,63.453765869140625,0.8971236944198608,193.91897583007812,61.06174087524414,0.5058188438415527,271.3591613769531,169.5565185546875,0.8053706884384155,267.4474792480469,161.89199829101562,0.5946409106254578,0.0,0.0,0.05108828470110893,0.0,0.0,0.02443620003759861,0.0,0.0,0.0008857508655637503,0.0,0.0,0.0006323929992504418
294,True,0.0,0.0,0.0004117793869227171,0.0,0.0,0.00017395749455317855,0.0,0.0,1.127845735027222e-05,0.0,0.0,0.004359147977083921,0.0,0.0,7.815946446498856e-05,0.0,0.0,0.11571461707353592,0.0,0.0,0.01684974692761898,268.4989318847656,90.201171875,0.877250075340271,0.0,0.0,0.23717156052589417,191.94998168945312,63.140079498291016,0.8976091146469116,193.99594116210938,59.66712951660156,0.5001247525215149,272.5282287597656,167.44850158691406,0.81651771068573,270.1808166503906,160.06655883789062,0.6027799844741821,0.0,0.0,0.05838841199874878,0.0,0.0,0.027754124253988266,0.0,0.0,0.0009732600883580744,0.0,0.0,0.0006886448245495558
295,True,0.0,0.0,0.0003469160874374211,0.0,0.0,0.00014490715693682432,0.0,0.0,9.511995813227259e-06,0.0,0.0,0.004046747460961342,0.0,0.0,7.878610631451011e-05,0.0,0.0,0.11554849147796631,0.0,0.0,0.014757245779037476,267.80096435546875,89.74270629882812,0.880314290523529,0.0,0.0,0.20586882531642914,193.06224060058594,62.704898834228516,0.8956868648529053,0.0,0.0,0.4548242688179016,272.055419921875,170.30767822265625,0.8053011894226074,270.8508605957031,162.72515869140625,0.565217137336731,0.0,0.0,0.0517561137676239,0.0,0.0,0.02237074077129364,0.0,0.0,0.0008785080863162875,0.0,0.0,0.0005786374676972628
296,True,0.0,0.0,0.00041979513480328023,0.0,0.0,0.00016818045696709305,0.0,0.0,1.1744197763619013e-05,0.0,0.0,0.0035587616730481386,0.0,0.0,7.358137372648343e-05,0.0,0.0,0.09737145155668259,0.0,0.0,0.014249640516936779,270.41131591796875,94.88871765136719,0.8608796000480652,0.0,0.0,0.22061190009117126,194.7953338623047,62.6582145690918,0.8940969705581665,0.0,0.0,0.4936877489089966,272.7744445800781,172.69012451171875,0.7645149827003479,270.5094909667969,164.35707092285156,0.5298605561256409,0.0,0.0,0.044774141162633896,0.0,0.0,0.021118994802236557,0.0,0.0,0.0008150870562531054,0.0,0.0,0.0005741619970649481
297,True,0.0,0.0,0.0007224197615869343,0.0,0.0,0.00031943616340868175,0.0,0.0,1.9463252101559192e-05,0.0,0.0,0.0059066880494356155,0.0,0.0,8.793881715973839e-05,0.0,0.0,0.12043163925409317,0.0,0.0,0.02042020484805107,271.9283142089844,92.93008422851562,0.8578122854232788,0.0,0.0,0.23603081703186035,193.86776733398438,62.94111633300781,0.889797031879425,0.0,0.0,0.4955388307571411,272.9805908203125,171.6663055419922,0.7723254561424255,270.5000305175781,163.3766632080078,0.5577704906463623,0.0,0.0,0.05200640857219696,0.0,0.0,0.025669464841485023,0.0,0.0,0.0010047322139143944,0.0,0.0,0.0007360917516052723
298,True,0.0,0.0,0.0004428261308930814,0.0,0.0,0.00018515934061724693,0.0,0.0,1.1634783732006326e-05,0.0,0.0,0.004431597888469696,0.0,0.0,7.727200863882899e-05,0.0,0.0,0.11206803470849991,0.0,0.0,0.01616130955517292,270.0025634765625,92.59091186523438,0.8675743937492371,0.0,0.0,0.21183525025844574,195.14749145507812,62.84290313720703,0.891380786895752,0.0,0.0,0.4602247178554535,272.20074462890625,173.7847900390625,0.7620832324028015,271.26116943359375,165.41563415527344,0.5198575854301453,0.0,0.0,0.042713601142168045,0.0,0.0,0.018949834629893303,0.0,0.0,0.000784672680310905,0.0,0.0,0.0005302903591655195
299,True,0.0,0.0,0.0005591491935774684,0.0,0.0,0.00022389083460438997,0.0,0.0,1.5592608178849332e-05,0.0,0.0,0.005031642969697714,0.0,0.0,9.864262392511591e-05,0.0,0.0,0.14209039509296417,0.0,0.0,0.021319661289453506,270.8265686035156,95.07496643066406,0.8786543607711792,0.0,0.0,0.23446926474571228,195.56153869628906,63.07439422607422,0.8920213580131531,0.0,0.0,0.4703510105609894,271.2409973144531,174.33030700683594,0.7849932312965393,269.2095947265625,166.25079345703125,0.552319347858429,0.0,0.0,0.04337550327181816,0.0,0.0,0.019630586728453636,0.0,0.0,0.0007514513563364744,0.0,0.0,0.0005138132255524397
300,True,0.0,0.0,0.0031116714235395193,0.0,0.0,0.001309564569965005,0.0,0.0,0.0001254057715414092,0.0,0.0,0.008932793512940407,0.0,0.0,0.00019175153283867985,0.0,0.0,0.09711368381977081,0.0,0.0,0.04500526189804077,274.9787292480469,88.6836166381836,0.7585721611976624,0.0,0.0,0.39759838581085205,195.94198608398438,65.32089233398438,0.8388161659240723,197.19644165039062,61.76175308227539,0.6052641868591309,270.1411437988281,172.33505249023438,0.6634752154350281,255.3168487548828,163.42298889160156,0.5594885945320129,0.0,0.0,0.02986690029501915,0.0,0.0,0.021732598543167114,0.0,0.0,0.0008878602529875934,0.0,0.0,0.0008578352862969041
301,True,0.0,0.0,0.0018238272750750184,0.0,0.0,0.0007940101204439998,0.0,0.0,6.0363192460499704e-05,0.0,0.0,0.008311677724123001,0.0,0.0,0.0001419876207364723,0.0,0.0,0.1182425394654274,0.0,0.0,0.03165508434176445,273.2353820800781,91.20533752441406,0.8158248662948608,0.0,0.0,0.2921599745750427,195.43890380859375,64.82945251464844,0.8567608594894409,0.0,0.0,0.49943438172340393,268.3341064453125,177.48573303222656,0.6713135838508606,0.0,0.0,0.4930766224861145,0.0,0.0,0.027138767763972282,0.0,0.0,0.014900890178978443,0.0,0.0,0.0007295655086636543,0.0,0.0,0.0005787144182249904
302,True,0.0,0.0,0.0021027284674346447,0.0,0.0,0.0008804648532532156,0.0,0.0,6.93067122483626e-05,0.0,0.0,0.007670816965401173,0.0,0.0,0.00013602583203464746,0.0,0.0,0.11382070928812027,0.0,0.0,0.03393319249153137,273.98046875,93.752197265625,0.8201319575309753,0.0,0.0,0.326559454202652,196.3834228515625,65.04763793945312,0.87270587682724,196.62127685546875,65.8370132446289,0.5521266460418701,270.0301208496094,179.00990295410156,0.6691705584526062,258.3544006347656,169.53919982910156,0.5038397312164307,0.0,0.0,0.030643049627542496,0.0,0.0,0.017262060195207596,0.0,0.0,0.0008666364010423422,0.0,0.0,0.0006964844651520252
303,True,0.0,0.0,0.0023639346472918987,0.0,0.0,0.001029642065986991,0.0,0.0,8.519078983226791e-05,0.0,0.0,0.008540837094187737,0.0,0.0,0.00015179184265434742,0.0,0.0,0.1011684238910675,0.0,0.0,0.03756261244416237,274.2387390136719,90.7825927734375,0.7814984917640686,0.0,0.0,0.35111942887306213,197.0791015625,66.0078353881836,0.8481576442718506,198.64686584472656,62.7823486328125,0.5595613718032837,268.24761962890625,174.59617614746094,0.6891920566558838,255.27581787109375,164.5982208251953,0.5581583380699158,0.0,0.0,0.033042170107364655,0.0,0.0,0.021102918311953545,0.0,0.0,0.0009590763947926462,0.0,0.0,0.0008439021767117083
304,True,0.0,0.0,0.0017046990105882287,0.0,0.0,0.0007392611005343497,0.0,0.0,5.5490407248726115e-05,0.0,0.0,0.007589223328977823,0.0,0.0,0.00012952320685144514,0.0,0.0,0.1165272444486618,0.0,0.0,0.03152366727590561,273.12225341796875,92.72770690917969,0.8222204446792603,0.0,0.0,0.3159033954143524,196.89952087402344,65.36994934082031,0.8686921000480652,198.56216430664062,64.09921264648438,0.5362330079078674,269.73358154296875,175.77735900878906,0.7038854956626892,259.1009826660156,165.8671875,0.5358423590660095,0.0,0.0,0.034984804689884186,0.0,0.0,0.01954725757241249,0.0,0.0,0.0009105053613893688,0.0,0.0,0.000728793500456959
305,True,0.0,0.0,0.0017843097448349,0.0,0.0,0.0007566202548332512,0.0,0.0,5.806878107250668e-05,0.0,0.0,0.0069921379908919334,0.0,0.0,0.0001206188098876737,0.0,0.0,0.10238145291805267,0.0,0.0,0.029477400705218315,274.21124267578125,92.401611328125,0.8175903558731079,0.0,0.0,0.33141276240348816,198.05316162109375,65.74244689941406,0.8782711029052734,198.73880004882812,62.293907165527344,0.572178304195404,270.4393005371094,175.935302734375,0.6867460012435913,259.9378662109375,165.95779418945312,0.5249319672584534,0.0,0.0,0.03406905755400658,0.0,0.0,0.01959727704524994,0.0,0.0,0.0008988295448943973,0.0,0.0,0.0007358476868830621
306,True,0.0,0.0,0.0018995744176208973,0.0,0.0,0.0007555661723017693,0.0,0.0,6.547013617819175e-05,0.0,0.0,0.006640137638896704,0.0,0.0,0.0001364859053865075,0.0,0.0,0.11044791340827942,0.0,0.0,0.03343459963798523,274.8253479003906,92.2861328125,0.8183611631393433,0.0,0.0,0.34243860840797424,198.71263122558594,64.63031768798828,0.8729569911956787,198.60130310058594,62.0499267578125,0.5706607103347778,271.04986572265625,176.8798828125,0.6689981818199158,259.0354919433594,167.64041137695312,0.5072960257530212,0.0,0.0,0.02957991324365139,0.0,0.0,0.01710551790893078,0.0,0.0,0.0007892035064287484,0.0,0.0,0.000645759399048984
307,True,0.0,0.0,0.0017827765550464392,0.0,0.0,0.0008103525615297258,0.0,0.0,5.570370558416471e-05,0.0,0.0,0.008949551731348038,0.0,0.0,0.00012440685532055795,0.0,0.0,0.1340124011039734,0.0,0.0,0.03332553431391716,273.1083984375,91.44491577148438,0.8450158834457397,0.0,0.0,0.32060447335243225,198.3424835205078,63.523155212402344,0.8809303045272827,199.56002807617188,61.42876052856445,0.535232424736023,269.4725036621094,174.45574951171875,0.7304006218910217,258.83648681640625,164.68605041503906,0.5550140142440796,0.0,0.0,0.03906513378024101,0.0,0.0,0.020450245589017868,0.0,0.0,0.0009781767148524523,0.0,0.0,0.000749607163015753
308,True,0.0,0.0,0.001919948379509151,0.0,0.0,0.0008926151785999537,0.0,0.0,6.286167626967654e-05,0.0,0.0,0.01039599347859621,0.0,0.0,0.00014552859647665173,0.0,0.0,0.14851613342761993,0.0,0.0,0.040056560188531876,272.7864074707031,91.28267669677734,0.8410645723342896,0.0,0.0,0.3540947735309601,198.8482666015625,63.083919525146484,0.8750734329223633,200.76409912109375,58.232215881347656,0.5544074773788452,267.47021484375,169.562744140625,0.7709247469902039,257.0547790527344,159.41778564453125,0.6204422116279602,0.0,0.0,0.05068818852305412,0.0,0.0,0.028765534982085228,0.0,0.0,0.0012073460966348648,0.0,0.0,0.0009782969718798995
309,True,0.0,0.0,0.0022562139201909304,0.0,0.0,0.000997588038444519,0.0,0.0,7.637999078724533e-05,0.0,0.0,0.009242701344192028,0.0,0.0,0.0001345376076642424,0.0,0.0,0.11482243239879608,0.0,0.0,0.046159032732248306,274.0335998535156,90.77352905273438,0.8138735294342041,0.0,0.0,0.42879563570022583,198.56472778320312,62.41788101196289,0.8710893392562866,198.10191345214844,59.100929260253906,0.6210848689079285,267.929443359375,173.10116577148438,0.7401137948036194,254.43812561035156,162.83612060546875,0.6290526986122131,0.0,0.0,0.042268771678209305,0.0,0.0,0.02711743861436844,0.0,0.0,0.0010849651880562305,0.0,0.0,0.0009597428143024445
310,True,0.0,0.0,0.0017213827231898904,0.0,0.0,0.0007406799122691154,0.0,0.0,5.931908526690677e-05,0.0,0.0,0.011043189093470573,0.0,0.0,0.00020003636018373072,0.0,0.0,0.15677227079868317,0.0,0.0,0.05358222872018814,269.4684753417969,85.89836120605469,0.8270889520645142,0.0,0.0,0.38133686780929565,196.9276580810547,61.65498733520508,0.8528578877449036,198.4166259765625,59.01511764526367,0.549533486366272,268.2559814453125,170.71949768066406,0.746080219745636,261.8120422363281,161.40386962890625,0.6106020212173462,0.0,0.0,0.04065511003136635,0.0,0.0,0.024223176762461662,0.0,0.0,0.0009269220754504204,0.0,0.0,0.000775759806856513
311,True,0.0,0.0,0.0019281161949038506,0.0,0.0,0.0008313745493069291,0.0,0.0,6.838601257186383e-05,0.0,0.0,0.009778754785656929,0.0,0.0,0.00017515753279440105,0.0,0.0,0.1297963559627533,0.0,0.0,0.049663081765174866,271.7530517578125,88.74713897705078,0.8161248564720154,0.0,0.0,0.411122590303421,197.5015411376953,62.211578369140625,0.8589101433753967,198.1017608642578,59.560943603515625,0.5882277488708496,268.50604248046875,171.34666442871094,0.751725435256958,258.2936096191406,161.50473022460938,0.6349987983703613,0.0,0.0,0.042543623596429825,0.0,0.0,0.026736188679933548,0.0,0.0,0.0010102801024913788,0.0,0.0,0.0008777734474278986
312,True,0.0,0.0,0.002752465894445777,0.0,0.0,0.0012821619166061282,0.0,0.0,8.962846914073452e-05,0.0,0.0,0.01160160917788744,0.0,0.0,0.00015421876742038876,0.0,0.0,0.11946956068277359,0.0,0.0,0.04601627588272095,274.0284423828125,90.11555480957031,0.7960180044174194,0.0,0.0,0.37988680601119995,198.19525146484375,61.7540397644043,0.8583680987358093,199.25762939453125,61.03058624267578,0.5804691314697266,269.8109436035156,174.78765869140625,0.6856288313865662,259.5652770996094,164.77810668945312,0.5629510283470154,0.0,0.0,0.037258587777614594,0.0,0.0,0.023588374257087708,0.0,0.0,0.0010358912404626608,0.0,0.0,0.0009132265113294125
313,True,0.0,0.0,0.0026583464350551367,0.0,0.0,0.0012479489669203758,0.0,0.0,8.361571963177994e-05,0.0,0.0,0.01210558507591486,0.0,0.0,0.00015575109864585102,0.0,0.0,0.1304139643907547,0.0,0.0,0.046435412019491196,273.6505126953125,89.8349609375,0.8088604807853699,0.0,0.0,0.3712562620639801,197.95611572265625,61.698448181152344,0.8618822693824768,198.69635009765625,60.85912322998047,0.5677457451820374,269.1369323730469,174.4525909423828,0.7023838758468628,260.0809326171875,164.32469177246094,0.5713804960250854,0.0,0.0,0.03920817747712135,0.0,0.0,0.023895662277936935,0.0,0.0,0.0010367004433646798,0.0,0.0,0.0008892848272807896
314,True,0.0,0.0,0.0021649657282978296,0.0,0.0,0.00105805485509336,0.0,0.0,6.207410478964448e-05,0.0,0.0,0.011142921634018421,0.0,0.0,0.00012133114069001749,0.0,0.0,0.1316072642803192,0.0,0.0,0.035927340388298035,273.7623596191406,89.96347045898438,0.831011176109314,0.0,0.0,0.3209964334964752,197.749267578125,61.74515914916992,0.8740841150283813,199.20497131347656,61.87556838989258,0.5240142941474915,268.5969543457031,176.23570251464844,0.7023991346359253,259.5821838378906,165.29022216796875,0.5385458469390869,0.0,0.0,0.03909435495734215,0.0,0.0,0.020567940548062325,0.0,0.0,0.0010390199022367597,0.0,0.0,0.0008030874305404723
315,True,0.0,0.0,0.001713883364573121,0.0,0.0,0.0007814550772309303,0.0,0.0,5.2606304961955175e-05,0.0,0.0,0.008174870163202286,0.0,0.0,0.00010882217611651868,0.0,0.0,0.10035951435565948,0.0,0.0,0.030850952491164207,272.90234375,89.60176086425781,0.8068686127662659,0.0,0.0,0.3312230706214905,197.87237548828125,62.45789337158203,0.8744198083877563,199.67669677734375,60.773468017578125,0.5696787238121033,269.8542175292969,173.95062255859375,0.6607439517974854,261.18548583984375,164.00811767578125,0.5061872601509094,0.0,0.0,0.03788606449961662,0.0,0.0,0.021827757358551025,0.0,0.0,0.0010860508773475885,0.0,0.0,0.0008900108514353633
316,True,0.0,0.0,0.001573615474626422,0.0,0.0,0.0007351660169661045,0.0,0.0,4.773851833306253e-05,0.0,0.0,0.009066403843462467,0.0,0.0,0.00011701793846441433,0.0,0.0,0.12423397600650787,0.0,0.0,0.03076442889869213,272.86322021484375,89.8441162109375,0.8291603922843933,0.0,0.0,0.298069030046463,197.36752319335938,62.3819465637207,0.8724658489227295,199.87828063964844,61.05455780029297,0.5201799273490906,268.42987060546875,172.92576599121094,0.723669171333313,261.0232849121094,163.25636291503906,0.5481606125831604,0.0,0.0,0.04320399835705757,0.0,0.0,0.02322142757475376,0.0,0.0,0.0010727031622081995,0.0,0.0,0.0008374928729608655
317,True,0.0,0.0,0.0010477843461558223,0.0,0.0,0.0005042744451202452,0.0,0.0,3.065196506213397e-05,0.0,0.0,0.008641411550343037,0.0,0.0,0.00010732326336437836,0.0,0.0,0.13476935029029846,0.0,0.0,0.02535860612988472,271.3614196777344,87.7635726928711,0.8489012718200684,0.0,0.0,0.25154656171798706,197.05543518066406,62.193416595458984,0.8748882412910461,0.0,0.0,0.4657168686389923,267.1481628417969,170.087158203125,0.7732607126235962,262.3436584472656,160.83749389648438,0.5752305388450623,0.0,0.0,0.053583186119794846,0.0,0.0,0.02602957747876644,0.0,0.0,0.0012002484872937202,0.0,0.0,0.0008661097381263971
318,True,0.0,0.0,0.0013926458777859807,0.0,0.0,0.0006798875983804464,0.0,0.0,4.3304167775204405e-05,0.0,0.0,0.00978236086666584,0.0,0.0,0.00012226689432282,0.0,0.0,0.1388562172651291,0.0,0.0,0.03008551523089409,271.4591369628906,86.7314453125,0.8407725691795349,0.0,0.0,0.27866071462631226,196.56900024414062,61.93122482299805,0.867912232875824,0.0,0.0,0.48381471633911133,265.80853271484375,169.21331787109375,0.7859665155410767,258.2627868652344,159.70172119140625,0.6112532019615173,0.0,0.0,0.05708608776330948,0.0,0.0,0.029710493981838226,0.0,0.0,0.0013699489645659924,0.0,0.0,0.0010386676294729114
319,True,0.0,0.0,0.0009590531699359417,0.0,0.0,0.0004585130373016,0.0,0.0,2.8558246413012967e-05,0.0,0.0,0.007426460273563862,0.0,0.0,9.595169103704393e-05,0.0,0.0,0.11625570803880692,0.0,0.0,0.021801939234137535,271.3417663574219,86.35166931152344,0.8447020053863525,0.0,0.0,0.25201216340065,196.29464721679688,62.39007568359375,0.8744376301765442,0.0,0.0,0.475064218044281,267.5146484375,170.8565216064453,0.7672964334487915,260.8240051269531,161.6168670654297,0.5689297914505005,0.0,0.0,0.046282269060611725,0.0,0.0,0.023004844784736633,0.0,0.0,0.0010442655766382813,0.0,0.0,0.0007704367744736373
320,True,0.0,0.0,0.001176186604425311,0.0,0.0,0.0005698674358427525,0.0,0.0,3.5150969779351726e-05,0.0,0.0,0.007725399453192949,0.0,0.0,9.368074825033545e-05,0.0,0.0,0.10424324125051498,0.0,0.0,0.022547736763954163,272.0808410644531,86.6407241821289,0.823138415813446,0.0,0.0,0.26249077916145325,196.3719482421875,62.83864974975586,0.8667187690734863,0.0,0.0,0.49243229627609253,267.5435485839844,171.4191436767578,0.7391358017921448,259.95709228515625,161.9073028564453,0.5533919930458069,0.0,0.0,0.04347892105579376,0.0,0.0,0.023243045434355736,0.0,0.0,0.0010854597203433514,0.0,0.0,0.000847602030262351
321,True,0.0,0.0,0.0011640731245279312,0.0,0.0,0.0005855433410033584,0.0,0.0,3.4703913115663454e-05,0.0,0.0,0.007720539346337318,0.0,0.0,8.679628081154078e-05,0.0,0.0,0.09723693132400513,0.0,0.0,0.020024994388222694,272.39715576171875,86.49089813232422,0.8196331858634949,0.0,0.0,0.24909964203834534,196.85281372070312,63.05193328857422,0.8679327964782715,0.0,0.0,0.4845031499862671,267.5634460449219,170.05795288085938,0.7411660552024841,259.45648193359375,160.32553100585938,0.5515537261962891,0.0,0.0,0.045890163630247116,0.0,0.0,0.024085206910967827,0.0,0.0,0.0011643897742033005,0.0,0.0,0.0008978841942735016
322,True,0.0,0.0,0.0009693501051515341,0.0,0.0,0.00045435313950292766,0.0,0.0,2.9495764465536922e-05,0.0,0.0,0.00658320402726531,0.0,0.0,8.91533272806555e-05,0.0,0.0,0.09338784217834473,0.0,0.0,0.020277157425880432,272.236572265625,86.578857421875,0.8174229860305786,0.0,0.0,0.25787460803985596,197.1200408935547,63.59331130981445,0.8654859066009521,0.0,0.0,0.4953058063983917,268.8749084472656,171.7014923095703,0.7355219125747681,261.6766357421875,162.58502197265625,0.5480345487594604,0.0,0.0,0.03977186232805252,0.0,0.0,0.021510086953639984,0.0,0.0,0.0009308875887654722,0.0,0.0,0.0007320466102100909
323,True,0.0,0.0,0.0009674669126980007,0.0,0.0,0.0004541141679510474,0.0,0.0,2.960623532999307e-05,0.0,0.0,0.006431484129279852,0.0,0.0,8.861409878591076e-05,0.0,0.0,0.09179593622684479,0.0,0.0,0.019329948350787163,272.3265686035156,86.45280456542969,0.8188654780387878,0.0,0.0,0.2527364194393158,197.02203369140625,63.66069412231445,0.8668274283409119,0.0,0.0,0.49249494075775146,269.1592712402344,171.6226043701172,0.7314909100532532,261.7256164550781,162.54156494140625,0.5394420623779297,0.0,0.0,0.03865548595786095,0.0,0.0,0.020653635263442993,0.0,0.0,0.0009063471807166934,0.0,0.0,0.0007067658007144928
324,True,0.0,0.0,0.0009734251070767641,0.0,0.0,0.0004582552064675838,0.0,0.0,2.976857103931252e-05,0.0,0.0,0.007061264012008905,0.0,0.0,9.721668175188825e-05,0.0,0.0,0.11103582382202148,0.0,0.0,0.022461198270320892,271.3612060546875,87.75567626953125,0.8387714624404907,0.0,0.0,0.2583877444267273,196.61204528808594,63.76193618774414,0.8711974024772644,0.0,0.0,0.4791211187839508,268.161865234375,171.84750366210938,0.7659597992897034,260.2966613769531,162.82122802734375,0.573514461517334,0.0,0.0,0.04270433634519577,0.0,0.0,0.021609680727124214,0.0,0.0,0.0009421154391020536,0.0,0.0,0.0007010470726527274
325,True,0.0,0.0,0.000981755438260734,0.0,0.0,0.0004279835557099432,0.0,0.0,3.335888322908431e-05,0.0,0.0,0.00675231171771884,0.0,0.0,0.0001193763964693062,0.0,0.0,0.11158477514982224,0.0,0.0,0.028388001024723053,271.783935546875,86.94584655761719,0.8235830068588257,0.0,0.0,0.30153676867485046,196.71392822265625,63.42827606201172,0.855599582195282,199.48745727539062,60.12828826904297,0.5042652487754822,267.4692687988281,169.8311309814453,0.7833810448646545,258.6230163574219,160.70199584960938,0.6242674589157104,0.0,0.0,0.04555172845721245,0.0,0.0,0.02552959695458412,0.0,0.0,0.0009958569426089525,0.0,0.0,0.0007949973223730922
326,True,0.0,0.0,0.000850871205329895,0.0,0.0,0.00041470633004792035,0.0,0.0,2.4647573809488676e-05,0.0,0.0,0.008311422541737556,0.0,0.0,0.00010541389201534912,0.0,0.0,0.13696850836277008,0.0,0.0,0.023555362597107887,270.0498962402344,89.868896484375,0.8538532853126526,0.0,0.0,0.22952911257743835,195.70399475097656,62.10468673706055,0.8680980205535889,0.0,0.0,0.42422035336494446,266.6309509277344,171.0700225830078,0.7764269709587097,261.6238708496094,161.6768035888672,0.5637399554252625,0.0,0.0,0.04700923711061478,0.0,0.0,0.021582765504717827,0.0,0.0,0.0010032840073108673,0.0,0.0,0.0006957096629776061
327,True,0.0,0.0,0.0007565777632407844,0.0,0.0,0.00038027731352485716,0.0,0.0,2.0748808310599998e-05,0.0,0.0,0.007506160065531731,0.0,0.0,8.448098378721625e-05,0.0,0.0,0.11558408290147781,0.0,0.0,0.01922610215842724,270.60321044921875,89.99447631835938,0.8531501293182373,0.0,0.0,0.22426223754882812,196.6473846435547,63.28633117675781,0.8793213367462158,0.0,0.0,0.43803808093070984,266.51214599609375,171.99327087402344,0.7773078680038452,261.373046875,161.69113159179688,0.5627298951148987,0.0,0.0,0.04753147438168526,0.0,0.0,0.02134837582707405,0.0,0.0,0.0010393704287707806,0.0,0.0,0.000711719214450568
328,True,0.0,0.0,0.0008811077568680048,0.0,0.0,0.0004333789984229952,0.0,0.0,2.6069934392580763e-05,0.0,0.0,0.008623232133686543,0.0,0.0,0.00011173647362738848,0.0,0.0,0.13669636845588684,0.0,0.0,0.025648007169365883,269.5390625,89.6644515991211,0.8463174700737,0.0,0.0,0.2363225668668747,195.86126708984375,62.465660095214844,0.8626859188079834,0.0,0.0,0.42598670721054077,266.1094055175781,169.42434692382812,0.7886263728141785,260.57159423828125,159.19024658203125,0.5905455946922302,0.0,0.0,0.05710586905479431,0.0,0.0,0.026657497510313988,0.0,0.0,0.0013581836828961968,0.0,0.0,0.000949038949329406
329,True,0.0,0.0,0.0008645603666082025,0.0,0.0,0.00041811735718511045,0.0,0.0,2.6770916520035826e-05,0.0,0.0,0.008156186901032925,0.0,0.0,0.00011585391621338204,0.0,0.0,0.12787581980228424,0.0,0.0,0.025874368846416473,268.96923828125,88.12211608886719,0.8374599814414978,0.0,0.0,0.24344944953918457,195.6574249267578,62.83208084106445,0.8538746237754822,0.0,0.0,0.4291255474090576,266.74212646484375,169.63186645507812,0.7874011397361755,260.11102294921875,159.87088012695312,0.5975415706634521,0.0,0.0,0.050681985914707184,0.0,0.0,0.02445368841290474,0.0,0.0,0.0011507690651342273,0.0,0.0,0.0008238672162406147
330,True,0.0,0.0,0.0009434737148694694,0.0,0.0,0.0004465419624466449,0.0,0.0,2.913779826485552e-05,0.0,0.0,0.008005436509847641,0.0,0.0,0.00011721852206392214,0.0,0.0,0.13806448876857758,0.0,0.0,0.025893500074744225,269.5764465332031,91.18463897705078,0.85340815782547,0.0,0.0,0.24766471982002258,195.91607666015625,62.77699279785156,0.8678754568099976,0.0,0.0,0.4394620954990387,266.33831787109375,170.83847045898438,0.7904309630393982,258.9538269042969,160.95408630371094,0.5913829803466797,0.0,0.0,0.04826388135552406,0.0,0.0,0.022390322759747505,0.0,0.0,0.001046760124154389,0.0,0.0,0.0007278482080437243
331,True,0.0,0.0,0.0008286955999210477,0.0,0.0,0.00039487818139605224,0.0,0.0,2.552740988903679e-05,0.0,0.0,0.007005307823419571,0.0,0.0,0.00010121406376129016,0.0,0.0,0.11756926029920578,0.0,0.0,0.021791353821754456,270.1208801269531,90.95164489746094,0.8429758548736572,0.0,0.0,0.23636086285114288,196.25341796875,63.12928771972656,0.8648031949996948,0.0,0.0,0.4357079267501831,266.82025146484375,170.60235595703125,0.7814590334892273,258.9172668457031,160.55316162109375,0.5807634592056274,0.0,0.0,0.048672109842300415,0.0,0.0,0.022692076861858368,0.0,0.0,0.001101386034861207,0.0,0.0,0.000769388279877603
332,True,0.0,0.0,0.0007713340455666184,0.0,0.0,0.00035762396873906255,0.0,0.0,2.4665208911756054e-05,0.0,0.0,0.007115288637578487,0.0,0.0,0.00011490740871522576,0.0,0.0,0.12203560024499893,0.0,0.0,0.024823831394314766,268.87847900390625,89.81912994384766,0.8359841108322144,0.0,0.0,0.2509669363498688,195.59103393554688,62.85841369628906,0.8534045219421387,0.0,0.0,0.4399157762527466,266.32855224609375,168.59095764160156,0.7940950989723206,259.44122314453125,158.61480712890625,0.6096212267875671,0.0,0.0,0.0518808513879776,0.0,0.0,0.025460533797740936,0.0,0.0,0.0011391264852136374,0.0,0.0,0.0008245516801252961
333,True,0.0,0.0,0.0009903040481731296,0.0,0.0,0.0004810239188373089,0.0,0.0,3.0258284823503345e-05,0.0,0.0,0.008963693864643574,0.0,0.0,0.00012153215357102454,0.0,0.0,0.13817331194877625,0.0,0.0,0.0298547875136137,268.3632507324219,90.45748138427734,0.8417698740959167,0.0,0.0,0.2646670639514923,195.57321166992188,61.60920333862305,0.8557344079017639,0.0,0.0,0.4460739493370056,266.6709289550781,168.68429565429688,0.7895418405532837,259.44390869140625,158.7452850341797,0.6080589294433594,0.0,0.0,0.05147137492895126,0.0,0.0,0.025226173922419548,0.0,0.0,0.0011540986597537994,0.0,0.0,0.0008377250051125884
334,True,0.0,0.0,0.000957296637352556,0.0,0.0,0.0004119356453884393,0.0,0.0,3.24249267578125e-05,0.0,0.0,0.007528955116868019,0.0,0.0,0.00014732258568983525,0.0,0.0,0.13556192815303802,0.0,0.0,0.031053917482495308,270.3283386230469,90.66869354248047,0.840950071811676,0.0,0.0,0.275621235370636,196.1649169921875,61.5404052734375,0.8631590604782104,0.0,0.0,0.4787059724330902,269.0996398925781,169.009521484375,0.783062219619751,263.49383544921875,160.02183532714844,0.6013855338096619,0.0,0.0,0.04984289035201073,0.0,0.0,0.025228707119822502,0.0,0.0,0.001022816402837634,0.0,0.0,0.0007548396824859083
335,True,0.0,0.0,0.0009932550601661205,0.0,0.0,0.0004903990775346756,0.0,0.0,2.8845177439507097e-05,0.0,0.0,0.007957649417221546,0.0,0.0,9.591811976861209e-05,0.0,0.0,0.1130383163690567,0.0,0.0,0.022422535344958305,271.2271728515625,91.97431182861328,0.8455800414085388,0.0,0.0,0.2466362565755844,195.6315460205078,62.40144729614258,0.8787438869476318,0.0,0.0,0.46434083580970764,267.8173522949219,171.38107299804688,0.7565065622329712,260.5767822265625,160.7102508544922,0.5536282658576965,0.0,0.0,0.045676011592149734,0.0,0.0,0.020988279953598976,0.0,0.0,0.0010675213998183608,0.0,0.0,0.0007443565991707146
336,True,0.0,0.0,0.0007943726959638298,0.0,0.0,0.00038396636955440044,0.0,0.0,2.3589303964399733e-05,0.0,0.0,0.008364352397620678,0.0,0.0,0.00011815388279501349,0.0,0.0,0.14967156946659088,0.0,0.0,0.024540284648537636,268.85748291015625,89.37615203857422,0.8721466064453125,0.0,0.0,0.2337636798620224,195.12802124023438,61.55519104003906,0.8821614384651184,0.0,0.0,0.43228116631507874,266.8714294433594,169.4263153076172,0.8093987107276917,261.9726867675781,159.77557373046875,0.5981435775756836,0.0,0.0,0.054946400225162506,0.0,0.0,0.023557359352707863,0.0,0.0,0.0010966371046379209,0.0,0.0,0.0007185335853137076
337,True,0.0,0.0,0.0007532404852099717,0.0,0.0,0.000365289713954553,0.0,0.0,2.208944715675898e-05,0.0,0.0,0.007573204580694437,0.0,0.0,0.00010322518937755376,0.0,0.0,0.13120664656162262,0.0,0.0,0.021406011655926704,269.5150146484375,89.21961212158203,0.8649860620498657,0.0,0.0,0.2271483838558197,195.23912048339844,61.786766052246094,0.8830533623695374,0.0,0.0,0.43860912322998047,267.301513671875,169.66943359375,0.7972310781478882,262.08648681640625,159.90664672851562,0.5825862288475037,0.0,0.0,0.05394549295306206,0.0,0.0,0.02345994859933853,0.0,0.0,0.0011179869761690497,0.0,0.0,0.0007417476153932512
338,True,0.0,0.0,0.0008092267671599984,0.0,0.0,0.0003796897944994271,0.0,0.0,2.4629996914882213e-05,0.0,0.0,0.007814683020114899,0.0,0.0,0.000118807794933673,0.0,0.0,0.13937772810459137,0.0,0.0,0.02459554560482502,269.2158508300781,88.36109924316406,0.8650887608528137,0.0,0.0,0.24020501971244812,195.16561889648438,62.15619659423828,0.8830066919326782,0.0,0.0,0.4513326585292816,267.65521240234375,169.236328125,0.7989761233329773,262.95697021484375,159.61550903320312,0.5910687446594238,0.0,0.0,0.055700935423374176,0.0,0.0,0.02457139454782009,0.0,0.0,0.0011504633584991097,0.0,0.0,0.0007683562580496073
339,True,0.0,0.0,0.0007970522856339812,0.0,0.0,0.0003912335087079555,0.0,0.0,2.3155700546340086e-05,0.0,0.0,0.007791955955326557,0.0,0.0,0.00010421283514006063,0.0,0.0,0.1334013193845749,0.0,0.0,0.020141959190368652,270.2582092285156,89.53909301757812,0.8740814924240112,0.0,0.0,0.22288791835308075,196.77577209472656,61.86682891845703,0.894853413105011,0.0,0.0,0.44338610768318176,266.72918701171875,169.4163818359375,0.7887495756149292,262.0855712890625,158.97979736328125,0.5589179396629333,0.0,0.0,0.05322021245956421,0.0,0.0,0.021743303164839745,0.0,0.0,0.0011217175051569939,0.0,0.0,0.000711995002347976
340,True,0.0,0.0,0.0008595424587838352,0.0,0.0,0.00040755895315669477,0.0,0.0,2.5453948182985187e-05,0.0,0.0,0.006899387110024691,0.0,0.0,9.578484605299309e-05,0.0,0.0,0.12222940474748611,0.0,0.0,0.019699908792972565,272.0044250488281,89.36405944824219,0.8759235143661499,0.0,0.0,0.244642972946167,196.64047241210938,61.8916015625,0.9049405455589294,0.0,0.0,0.49014368653297424,268.46197509765625,170.47409057617188,0.789736807346344,261.62078857421875,160.49282836914062,0.5693684816360474,0.0,0.0,0.05055863782763481,0.0,0.0,0.021532410755753517,0.0,0.0,0.001005765050649643,0.0,0.0,0.0006576032028533518
341,True,0.0,0.0,0.0006470099906437099,0.0,0.0,0.00031613989267498255,0.0,0.0,1.7161020878120326e-05,0.0,0.0,0.005486851092427969,0.0,0.0,6.331125041469932e-05,0.0,0.0,0.10015807300806046,0.0,0.0,0.013452843762934208,272.74017333984375,91.87015533447266,0.8794369697570801,0.0,0.0,0.21698173880577087,197.64373779296875,62.43501281738281,0.9144487977027893,0.0,0.0,0.4863267242908478,269.35760498046875,174.0733642578125,0.7684507369995117,262.5272216796875,163.7281951904297,0.5216453671455383,0.0,0.0,0.0443405956029892,0.0,0.0,0.017760930582880974,0.0,0.0,0.0008886445430107415,0.0,0.0,0.0005613005487248302
342,True,0.0,0.0,0.0010108270216733217,0.0,0.0,0.00047392072156071663,0.0,0.0,3.060800372622907e-05,0.0,0.0,0.007296471856534481,0.0,0.0,0.00010601944086374715,0.0,0.0,0.113091841340065,0.0,0.0,0.019904891029000282,273.0521240234375,86.92400360107422,0.8577064871788025,0.0,0.0,0.23940269649028778,197.3926239013672,62.5567741394043,0.8983665108680725,0.0,0.0,0.49765270948410034,269.83843994140625,172.0653533935547,0.7543686032295227,264.8861999511719,162.2277069091797,0.5333489775657654,0.0,0.0,0.043583959341049194,0.0,0.0,0.019664498046040535,0.0,0.0,0.0009046302875503898,0.0,0.0,0.0006219391361810267
343,True,0.0,0.0,0.0011688288068398833,0.0,0.0,0.0005657888832502067,0.0,0.0,3.279061274952255e-05,0.0,0.0,0.010386231355369091,0.0,0.0,0.00012454345414880663,0.0,0.0,0.12981273233890533,0.0,0.0,0.028563909232616425,272.7684020996094,89.31881713867188,0.8390403389930725,0.0,0.0,0.275261253118515,197.85740661621094,63.88770294189453,0.8757339119911194,203.00009155273438,68.85116577148438,0.5008479952812195,268.9085693359375,171.87460327148438,0.7321773767471313,264.2038879394531,162.66015625,0.5379575490951538,0.0,0.0,0.04398605599999428,0.0,0.0,0.02315005660057068,0.0,0.0,0.0009010439971461892,0.0,0.0,0.000696682371199131
344,True,0.0,0.0,0.001179187442176044,0.0,0.0,0.0005515124648809433,0.0,0.0,3.5754692362388596e-05,0.0,0.0,0.00887937843799591,0.0,0.0,0.00012769072782248259,0.0,0.0,0.1439865529537201,0.0,0.0,0.025818757712841034,273.6776123046875,89.78410339355469,0.8659893870353699,0.0,0.0,0.2508259117603302,198.2059783935547,62.588531494140625,0.8980908989906311,0.0,0.0,0.4895287752151489,268.3226013183594,170.77169799804688,0.7730315327644348,264.28619384765625,160.49615478515625,0.5582733750343323,0.0,0.0,0.053205713629722595,0.0,0.0,0.02361794002354145,0.0,0.0,0.0011143495794385672,0.0,0.0,0.0007518234779126942
345,True,0.0,0.0,0.0010912248399108648,0.0,0.0,0.0005217966972850263,0.0,0.0,3.367306635482237e-05,0.0,0.0,0.00841743778437376,0.0,0.0,0.00011628601350821555,0.0,0.0,0.11450601369142532,0.0,0.0,0.024124767631292343,273.502197265625,87.02446746826172,0.8415317535400391,0.0,0.0,0.25654640793800354,198.59463500976562,62.15874099731445,0.8873427510261536,0.0,0.0,0.49707743525505066,268.04229736328125,168.96981811523438,0.7728865146636963,263.7333068847656,158.30613708496094,0.5795623660087585,0.0,0.0,0.054223522543907166,0.0,0.0,0.02583535574376583,0.0,0.0,0.0011985786259174347,0.0,0.0,0.0008514848304912448
346,True,0.0,0.0,0.0012905532494187355,0.0,0.0,0.0006345894653350115,0.0,0.0,3.7930611142655835e-05,0.0,0.0,0.00954111386090517,0.0,0.0,0.00011454025661805645,0.0,0.0,0.12797954678535461,0.0,0.0,0.027351869270205498,273.23052978515625,91.45481872558594,0.849101185798645,0.0,0.0,0.2673124074935913,198.58642578125,62.21565628051758,0.8898715376853943,0.0,0.0,0.49310269951820374,266.8312072753906,170.74942016601562,0.770501971244812,261.874267578125,159.59521484375,0.5791813731193542,0.0,0.0,0.05513393506407738,0.0,0.0,0.02545958198606968,0.0,0.0,0.001242317957803607,0.0,0.0,0.0008602351881563663
347,True,0.0,0.0,0.0016487184911966324,0.0,0.0,0.0008289917022921145,0.0,0.0,4.966369306202978e-05,0.0,0.0,0.010830196551978588,0.0,0.0,0.00012195330782560632,0.0,0.0,0.1280093491077423,0.0,0.0,0.031792063266038895,273.2258605957031,91.19715881347656,0.8392763137817383,0.0,0.0,0.2960021197795868,198.79110717773438,63.1098518371582,0.8835444450378418,201.16543579101562,65.10128021240234,0.513221025466919,267.0585021972656,170.40582275390625,0.7717933654785156,259.7178039550781,159.28297424316406,0.6020379662513733,0.0,0.0,0.05526125431060791,0.0,0.0,0.02731984853744507,0.0,0.0,0.0013084661914035678,0.0,0.0,0.0009555089054629207
348,True,0.0,0.0,0.0036467942409217358,0.0,0.0,0.0018115987768396735,0.0,0.0,0.00010778437717817724,0.0,0.0,0.01873115450143814,0.0,0.0,0.00024295957700815052,0.0,0.0,0.17231841385364532,0.0,0.0,0.054201267659664154,272.13299560546875,85.57347106933594,0.858864963054657,0.0,0.0,0.38411590456962585,197.639892578125,63.75584411621094,0.9071850776672363,203.453857421875,65.95510864257812,0.6086087822914124,265.7266845703125,170.4654083251953,0.7588275671005249,259.9267883300781,160.1884307861328,0.605328381061554,0.0,0.0,0.044569455087184906,0.0,0.0,0.024296803399920464,0.0,0.0,0.00083436124259606,0.0,0.0,0.0006668205023743212
349,True,0.0,0.0,0.003179563907906413,0.0,0.0,0.001574592781253159,0.0,0.0,8.931467164075002e-05,0.0,0.0,0.017711004242300987,0.0,0.0,0.00021051800285931677,0.0,0.0,0.1540459543466568,0.0,0.0,0.05071099102497101,272.65509033203125,82.88357543945312,0.8598911762237549,0.0,0.0,0.39471396803855896,197.84722900390625,64.26001739501953,0.9149182438850403,202.82029724121094,65.7092514038086,0.6337097883224487,265.9621276855469,170.74807739257812,0.7640913724899292,261.48333740234375,160.1960906982422,0.6166538596153259,0.0,0.0,0.048010557889938354,0.0,0.0,0.026364456862211227,0.0,0.0,0.00091385847190395,0.0,0.0,0.0007367229554802179
350,True,0.0,0.0,0.0026760816108435392,0.0,0.0,0.0012841100106015801,0.0,0.0,7.633557106601074e-05,0.0,0.0,0.014160139486193657,0.0,0.0,0.00018851811182685196,0.0,0.0,0.14124006032943726,0.0,0.0,0.04091457277536392,274.63140869140625,83.07049560546875,0.8638246655464172,0.0,0.0,0.3713028132915497,198.5227508544922,64.1629867553711,0.9201016426086426,203.1495819091797,67.1400146484375,0.629767119884491,266.09271240234375,171.22276306152344,0.7606828212738037,261.51007080078125,160.5445556640625,0.5981022715568542,0.0,0.0,0.04668714478611946,0.0,0.0,0.024530019611120224,0.0,0.0,0.000863059947732836,0.0,0.0,0.0006721952231600881
351,True,0.0,0.0,0.0037369164638221264,0.0,0.0,0.001820113742724061,0.0,0.0,0.00011390266445232555,0.0,0.0,0.014882597140967846,0.0,0.0,0.00020145987218711525,0.0,0.0,0.1201237142086029,0.0,0.0,0.043267905712127686,277.07562255859375,82.77091979980469,0.8319752216339111,0.0,0.0,0.3871498107910156,199.54550170898438,63.78547668457031,0.9093109369277954,203.87582397460938,64.67662048339844,0.6470517516136169,269.2510070800781,171.40927124023438,0.7279073596000671,261.9678039550781,160.59573364257812,0.5874752402305603,0.0,0.0,0.043532855808734894,0.0,0.0,0.02551029808819294,0.0,0.0,0.000912616727873683,0.0,0.0,0.0007743590977042913
352,True,0.0,0.0,0.0017564576119184494,0.0,0.0,0.0008779842173680663,0.0,0.0,5.0160655518993735e-05,0.0,0.0,0.015271450392901897,0.0,0.0,0.00017280405154451728,0.0,0.0,0.14329397678375244,0.0,0.0,0.04421960189938545,273.6116027832031,85.92475891113281,0.8167266845703125,0.0,0.0,0.3324931561946869,200.0491943359375,64.21057891845703,0.8643991947174072,204.38296508789062,65.15809631347656,0.5368090867996216,267.31787109375,167.84027099609375,0.7569878101348877,265.415771484375,157.5016632080078,0.6128191351890564,0.0,0.0,0.061806101351976395,0.0,0.0,0.036600399762392044,0.0,0.0,0.0014095603255555034,0.0,0.0,0.0011840193765237927
353,True,0.0,0.0,0.003027590224519372,0.0,0.0,0.0013906062813475728,0.0,0.0,9.447784395888448e-05,0.0,0.0,0.01309626828879118,0.0,0.0,0.00020631661755032837,0.0,0.0,0.11206310242414474,0.0,0.0,0.045236796140670776,275.0256652832031,81.14361572265625,0.8216996192932129,0.0,0.0,0.40918847918510437,197.97067260742188,63.3377685546875,0.9023968577384949,202.50054931640625,64.31045532226562,0.6583331227302551,268.9473876953125,170.21250915527344,0.7079740762710571,262.1957702636719,159.6958465576172,0.5786858797073364,0.0,0.0,0.03989054262638092,0.0,0.0,0.02464205026626587,0.0,0.0,0.0008455861825495958,0.0,0.0,0.000743042619433254
354,True,0.0,0.0,0.002008650451898575,0.0,0.0,0.0010496416362002492,0.0,0.0,5.577535921474919e-05,0.0,0.0,0.015806883573532104,0.0,0.0,0.0001523524260846898,0.0,0.0,0.12181128561496735,0.0,0.0,0.0407402366399765,274.4709777832031,85.67033386230469,0.805921196937561,0.0,0.0,0.33724385499954224,200.59848022460938,63.413177490234375,0.8717731237411499,205.14523315429688,66.5962142944336,0.5592849850654602,268.03546142578125,169.46786499023438,0.7224754691123962,264.4977722167969,158.40966796875,0.580388605594635,0.0,0.0,0.054169487208127975,0.0,0.0,0.03215593844652176,0.0,0.0,0.001341407187283039,0.0,0.0,0.0011361478827893734
355,True,0.0,0.0,0.0014285939978435636,0.0,0.0,0.0007017232710495591,0.0,0.0,4.0933871787274256e-05,0.0,0.0,0.011524868197739124,0.0,0.0,0.00013895746087655425,0.0,0.0,0.11244182288646698,0.0,0.0,0.03726349025964737,271.73968505859375,83.94733428955078,0.8157190084457397,0.0,0.0,0.33299288153648376,197.2760009765625,59.53507995605469,0.8698113560676575,200.0655517578125,60.759185791015625,0.5458450317382812,269.34002685546875,172.333740234375,0.7451018691062927,266.3514099121094,161.10267639160156,0.6006909608840942,0.0,0.0,0.03922610357403755,0.0,0.0,0.022038090974092484,0.0,0.0,0.0008440755191259086,0.0,0.0,0.0006861462024971843
356,True,0.0,0.0,0.0011934936046600342,0.0,0.0,0.0005512780044227839,0.0,0.0,3.50551308656577e-05,0.0,0.0,0.009193667210638523,0.0,0.0,0.00012657712795771658,0.0,0.0,0.11268860101699829,0.0,0.0,0.03446675091981888,271.64990234375,87.07115936279297,0.8275678157806396,0.0,0.0,0.32870379090309143,196.8202362060547,60.34787368774414,0.8720452785491943,199.3824920654297,61.53240966796875,0.5356072783470154,268.4555969238281,174.05010986328125,0.7600006461143494,263.5932312011719,163.14141845703125,0.6085739135742188,0.0,0.0,0.03978446498513222,0.0,0.0,0.021532481536269188,0.0,0.0,0.0008469703025184572,0.0,0.0,0.0006657124613411725
357,True,0.0,0.0,0.001077191554941237,0.0,0.0,0.0004995429189875722,0.0,0.0,3.133206701022573e-05,0.0,0.0,0.009386030025780201,0.0,0.0,0.00012760965910274535,0.0,0.0,0.12382029742002487,0.0,0.0,0.036381930112838745,270.6704406738281,86.89386749267578,0.8305862545967102,0.0,0.0,0.32952654361724854,197.5316162109375,60.47831344604492,0.8684893250465393,201.1428985595703,59.92100143432617,0.5250784158706665,266.76531982421875,172.25958251953125,0.7892303466796875,262.71856689453125,160.74142456054688,0.6447504758834839,0.0,0.0,0.050192032009363174,0.0,0.0,0.027202732861042023,0.0,0.0,0.0010817194124683738,0.0,0.0,0.0008474058122374117
358,True,0.0,0.0,0.0005378676578402519,0.0,0.0,0.0002495133376214653,0.0,0.0,1.426096150680678e-05,0.0,0.0,0.005602877587080002,0.0,0.0,7.865960651542991e-05,0.0,0.0,0.09260600060224533,0.0,0.0,0.018353084102272987,269.70135498046875,88.57318878173828,0.8387972116470337,0.0,0.0,0.24190431833267212,197.63336181640625,59.519752502441406,0.8830962181091309,0.0,0.0,0.48078832030296326,269.7672119140625,174.07638549804688,0.7514355182647705,268.9452819824219,162.755859375,0.5482714772224426,0.0,0.0,0.0469038225710392,0.0,0.0,0.021523546427488327,0.0,0.0,0.0010198354721069336,0.0,0.0,0.00070544658228755
359,True,0.0,0.0,0.0005820123478770256,0.0,0.0,0.00026494849589653313,0.0,0.0,1.542892277939245e-05,0.0,0.0,0.00633962731808424,0.0,0.0,9.326681174570695e-05,0.0,0.0,0.11400698125362396,0.0,0.0,0.022262008860707283,268.9270324707031,89.97355651855469,0.8505897521972656,0.0,0.0,0.24828962981700897,197.6283416748047,59.622955322265625,0.8834211826324463,0.0,0.0,0.47197845578193665,268.8785705566406,174.11160278320312,0.7700940370559692,269.0568542480469,163.010498046875,0.5669838786125183,0.0,0.0,0.04981944337487221,0.0,0.0,0.022483479231595993,0.0,0.0,0.0010260785929858685,0.0,0.0,0.0006982061313465238
360,True,0.0,0.0,0.0009528388036414981,0.0,0.0,0.0004581146058626473,0.0,0.0,2.5524514057906345e-05,0.0,0.0,0.008637319318950176,0.0,0.0,0.00010522989759920165,0.0,0.0,0.12656140327453613,0.0,0.0,0.02862325869500637,270.8902587890625,88.9281005859375,0.8482996821403503,0.0,0.0,0.2832835614681244,198.27760314941406,59.30419158935547,0.8872069120407104,204.11383056640625,58.78581237792969,0.5064286589622498,267.9644470214844,171.83657836914062,0.7843949794769287,265.96795654296875,160.234375,0.6069413423538208,0.0,0.0,0.05884398892521858,0.0,0.0,0.028455985710024834,0.0,0.0,0.0012972122058272362,0.0,0.0,0.0009284060797654092
361,True,0.0,0.0,0.0012739876983687282,0.0,0.0,0.0006009921780787408,0.0,0.0,3.5160392144462094e-05,0.0,0.0,0.00954986922442913,0.0,0.0,0.00012195681483717635,0.0,0.0,0.12515807151794434,0.0,0.0,0.032725635915994644,272.6197509765625,87.57731628417969,0.8328922390937805,0.0,0.0,0.29559361934661865,198.77206420898438,59.71636962890625,0.8773531913757324,203.01907348632812,61.83137512207031,0.5134391188621521,269.2277526855469,174.1462860107422,0.7559228539466858,266.39410400390625,162.984375,0.5867589116096497,0.0,0.0,0.046450648456811905,0.0,0.0,0.02376656047999859,0.0,0.0,0.0010257717221975327,0.0,0.0,0.0007707766490057111
362,True,0.0,0.0,0.0012926149647682905,0.0,0.0,0.0006143928621895611,0.0,0.0,3.555943840183318e-05,0.0,0.0,0.010735426098108292,0.0,0.0,0.00013990209845360368,0.0,0.0,0.15183791518211365,0.0,0.0,0.036057233810424805,271.9191589355469,86.75173950195312,0.8513245582580566,0.0,0.0,0.28832289576530457,198.15957641601562,59.06120300292969,0.8800351619720459,0.0,0.0,0.49216407537460327,268.9107971191406,173.98519897460938,0.777121365070343,266.76953125,162.95962524414062,0.59918612241745,0.0,0.0,0.04934282600879669,0.0,0.0,0.02394571527838707,0.0,0.0,0.0010512337321415544,0.0,0.0,0.0007591071771457791
363,True,0.0,0.0,0.0008693242562003434,0.0,0.0,0.0004279081476852298,0.0,0.0,2.2342410375131294e-05,0.0,0.0,0.010806203819811344,0.0,0.0,0.00013346988998819143,0.0,0.0,0.19165892899036407,0.0,0.0,0.031532373279333115,270.0049133300781,88.16194915771484,0.8794690370559692,0.0,0.0,0.2342316210269928,198.6156005859375,58.29454040527344,0.8877887725830078,0.0,0.0,0.4243656396865845,267.48785400390625,169.88070678710938,0.8144413232803345,268.6474609375,159.2801513671875,0.6036559343338013,0.0,0.0,0.06955447047948837,0.0,0.0,0.028922664001584053,0.0,0.0,0.0013924476224929094,0.0,0.0,0.0008852049359120429
364,True,0.0,0.0,0.0009550728718750179,0.0,0.0,0.00047410870320163667,0.0,0.0,2.5043345885933377e-05,0.0,0.0,0.011566706001758575,0.0,0.0,0.00014011876191943884,0.0,0.0,0.19190852344036102,0.0,0.0,0.03395136073231697,270.338134765625,87.73614501953125,0.8736224174499512,0.0,0.0,0.24286602437496185,198.6045379638672,58.26789855957031,0.8827766180038452,0.0,0.0,0.42597508430480957,266.576904296875,169.1494140625,0.8155733346939087,267.28765869140625,158.19720458984375,0.6153278350830078,0.0,0.0,0.07248944044113159,0.0,0.0,0.030941927805542946,0.0,0.0,0.0015001218998804688,0.0,0.0,0.0009711716556921601
365,True,0.0,0.0,0.001169030205346644,0.0,0.0,0.00047885446110740304,0.0,0.0,3.296984141343273e-05,0.0,0.0,0.010576365515589714,0.0,0.0,0.00018734690092969686,0.0,0.0,0.22320109605789185,0.0,0.0,0.05453591048717499,270.9105529785156,88.58651733398438,0.8781711459159851,0.0,0.0,0.33264660835266113,198.79824829101562,58.14832305908203,0.8830819129943848,202.07986450195312,59.17224884033203,0.5084289908409119,267.962158203125,172.8894500732422,0.817626416683197,267.81640625,162.94094848632812,0.6498937010765076,0.0,0.0,0.05377013981342316,0.0,0.0,0.02653522603213787,0.0,0.0,0.0009411993669345975,0.0,0.0,0.0006809932528994977
366,True,0.0,0.0,0.0009984048083424568,0.0,0.0,0.00044198264367878437,0.0,0.0,2.5884506612783298e-05,0.0,0.0,0.009269725531339645,0.0,0.0,0.0001226151653099805,0.0,0.0,0.19790971279144287,0.0,0.0,0.03681206703186035,273.52484130859375,90.40538024902344,0.8906611204147339,0.0,0.0,0.2918790280818939,200.50836181640625,58.15501403808594,0.9048144221305847,0.0,0.0,0.49831733107566833,266.5042724609375,171.27122497558594,0.8291026949882507,264.86749267578125,160.33779907226562,0.6404781937599182,0.0,0.0,0.06848987191915512,0.0,0.0,0.029953714460134506,0.0,0.0,0.0012650153366848826,0.0,0.0,0.0008336083265021443
367,True,0.0,0.0,0.0014816687908023596,0.0,0.0,0.0006391448550857604,0.0,0.0,3.91973189834971e-05,0.0,0.0,0.01080258097499609,0.0,0.0,0.00015034030366223305,0.0,0.0,0.17555256187915802,0.0,0.0,0.0481208898127079,273.5704650878906,90.05029296875,0.8467686176300049,0.0,0.0,0.32481661438941956,199.24246215820312,56.967384338378906,0.8744759559631348,202.20449829101562,55.533424377441406,0.5168792009353638,267.6424865722656,176.30792236328125,0.7479398250579834,266.99212646484375,165.248779296875,0.5784621238708496,0.0,0.0,0.04330257698893547,0.0,0.0,0.022804299369454384,0.0,0.0,0.0009073227411136031,0.0,0.0,0.0006961364415474236
368,True,0.0,0.0,0.001463644322939217,0.0,0.0,0.0005832134047523141,0.0,0.0,4.275317769497633e-05,0.0,0.0,0.010386770591139793,0.0,0.0,0.00018904657918028533,0.0,0.0,0.18079295754432678,0.0,0.0,0.06424178183078766,271.31451416015625,89.3907699584961,0.8375986218452454,0.0,0.0,0.37615084648132324,198.8195037841797,55.782203674316406,0.8575573563575745,200.91604614257812,54.704071044921875,0.5378067493438721,269.3856201171875,176.65748596191406,0.7416080832481384,266.9573669433594,166.7375946044922,0.5951492190361023,0.0,0.0,0.033763982355594635,0.0,0.0,0.019335027784109116,0.0,0.0,0.0006605113740079105,0.0,0.0,0.0005354479071684182
369,True,0.0,0.0,0.001312792650423944,0.0,0.0,0.0005820372607558966,0.0,0.0,3.654127795016393e-05,0.0,0.0,0.010369292460381985,0.0,0.0,0.0001562231918796897,0.0,0.0,0.18707233667373657,0.0,0.0,0.039095304906368256,273.1117858886719,86.63076782226562,0.8747032284736633,0.0,0.0,0.2877553105354309,199.40399169921875,55.29615020751953,0.8885837197303772,0.0,0.0,0.48124951124191284,268.53265380859375,174.6976776123047,0.7837849259376526,266.62677001953125,164.33001708984375,0.5857070684432983,0.0,0.0,0.045718301087617874,0.0,0.0,0.020905936136841774,0.0,0.0,0.0008861568639986217,0.0,0.0,0.000610236544162035
370,True,0.0,0.0,0.0011456230422481894,0.0,0.0,0.0005178521387279034,0.0,0.0,3.114132778136991e-05,0.0,0.0,0.009523564949631691,0.0,0.0,0.00013964698882773519,0.0,0.0,0.16477014124393463,0.0,0.0,0.0332622230052948,273.3186340332031,87.71695709228516,0.8687553405761719,0.0,0.0,0.2901729643344879,200.68557739257812,55.604957580566406,0.8897840976715088,0.0,0.0,0.49513331055641174,267.59295654296875,172.13685607910156,0.7796356081962585,266.6944274902344,161.2621307373047,0.5830554962158203,0.0,0.0,0.04521598294377327,0.0,0.0,0.021450545638799667,0.0,0.0,0.0008559193811379373,0.0,0.0,0.000607461086474359
371,True,0.0,0.0,0.0011963983997702599,0.0,0.0,0.0005288396496325731,0.0,0.0,3.158752588205971e-05,0.0,0.0,0.010113464668393135,0.0,0.0,0.00014855900371912867,0.0,0.0,0.19233468174934387,0.0,0.0,0.03899314999580383,272.69500732421875,89.34617614746094,0.8809284567832947,0.0,0.0,0.3049377501010895,200.8374481201172,54.73371124267578,0.8931827545166016,0.0,0.0,0.4957006871700287,267.64910888671875,174.30593872070312,0.7913516759872437,266.3977966308594,163.34405517578125,0.5959795117378235,0.0,0.0,0.04357215389609337,0.0,0.0,0.020241348072886467,0.0,0.0,0.0007825620705261827,0.0,0.0,0.0005470687756314874
372,True,0.0,0.0,0.0012626082170754671,0.0,0.0,0.0005730401026085019,0.0,0.0,3.381681744940579e-05,0.0,0.0,0.010485815815627575,0.0,0.0,0.0001447559188818559,0.0,0.0,0.18434977531433105,0.0,0.0,0.037400513887405396,273.53411865234375,89.76499938964844,0.8796474933624268,0.0,0.0,0.300997793674469,201.33314514160156,54.95576477050781,0.8944599032402039,0.0,0.0,0.4929613471031189,267.08807373046875,174.4034881591797,0.7948765158653259,265.1114501953125,163.43081665039062,0.6004805564880371,0.0,0.0,0.04264692962169647,0.0,0.0,0.019610511139035225,0.0,0.0,0.0007520090439356863,0.0,0.0,0.0005215171840973198
373,True,0.0,0.0,0.001128681469708681,0.0,0.0,0.0005207294598221779,0.0,0.0,2.989830682054162e-05,0.0,0.0,0.010307312943041325,0.0,0.0,0.00013890673290006816,0.0,0.0,0.18044708669185638,0.0,0.0,0.03442923724651337,273.295166015625,89.57642364501953,0.8820099830627441,0.0,0.0,0.28897708654403687,201.14724731445312,54.915611267089844,0.898661196231842,0.0,0.0,0.48974424600601196,266.81512451171875,172.40858459472656,0.8010016679763794,265.7308044433594,161.410888671875,0.6014196872711182,0.0,0.0,0.04729780554771423,0.0,0.0,0.02124187722802162,0.0,0.0,0.0008220752933993936,0.0,0.0,0.0005587296327576041
374,True,0.0,0.0,0.001134811551310122,0.0,0.0,0.0005624991608783603,0.0,0.0,2.8181591915199533e-05,0.0,0.0,0.012140643782913685,0.0,0.0,0.0001362329930998385,0.0,0.0,0.19672392308712006,0.0,0.0,0.03346725180745125,271.7515869140625,88.75474548339844,0.8917076587677002,0.0,0.0,0.27887341380119324,200.5375518798828,54.59794616699219,0.9059026837348938,0.0,0.0,0.48376384377479553,266.0951843261719,169.89132690429688,0.8124220967292786,266.677490234375,158.6771240234375,0.6064276099205017,0.0,0.0,0.05533555895090103,0.0,0.0,0.02392197586596012,0.0,0.0,0.0009552125120535493,0.0,0.0,0.0006324725691229105
375,True,0.0,0.0,0.0012990389950573444,0.0,0.0,0.0006537837907671928,0.0,0.0,3.290629683760926e-05,0.0,0.0,0.011971843428909779,0.0,0.0,0.000129096835735254,0.0,0.0,0.16620108485221863,0.0,0.0,0.03253466263413429,271.8175354003906,88.482421875,0.8749716877937317,0.0,0.0,0.28899261355400085,201.09317016601562,54.85552978515625,0.9018840193748474,209.10079956054688,46.2447509765625,0.5073768496513367,267.67645263671875,170.59913635253906,0.7766972184181213,267.1560974121094,159.32447814941406,0.5751221179962158,0.0,0.0,0.04964173957705498,0.0,0.0,0.022626468911767006,0.0,0.0,0.0009719293448142707,0.0,0.0,0.0006724147242493927
376,True,0.0,0.0,0.0009647984988987446,0.0,0.0,0.0004919281345792115,0.0,0.0,2.269285687361844e-05,0.0,0.0,0.009661356918513775,0.0,0.0,9.734135528560728e-05,0.0,0.0,0.14141735434532166,0.0,0.0,0.024074304848909378,271.9656982421875,88.69364929199219,0.8731982707977295,0.0,0.0,0.257421612739563,201.40211486816406,55.460723876953125,0.9045701026916504,0.0,0.0,0.4949607253074646,269.7642822265625,171.95196533203125,0.7633152008056641,270.2627868652344,160.7003173828125,0.5434185862541199,0.0,0.0,0.0461881197988987,0.0,0.0,0.020373601466417313,0.0,0.0,0.000885296962223947,0.0,0.0,0.000601479783654213
377,True,0.0,0.0,0.0010119167855009437,0.0,0.0,0.0004982280661351979,0.0,0.0,2.4506151021341793e-05,0.0,0.0,0.00888197310268879,0.0,0.0,9.488313662586734e-05,0.0,0.0,0.13311558961868286,0.0,0.0,0.024107959121465683,272.4821472167969,88.47267150878906,0.8676958680152893,0.0,0.0,0.2689230740070343,202.1944580078125,55.367881774902344,0.9002307653427124,210.37826538085938,47.81201934814453,0.5005531907081604,269.1291809082031,174.16421508789062,0.7516792416572571,267.6542053222656,162.49102783203125,0.538017749786377,0.0,0.0,0.04061982408165932,0.0,0.0,0.018390869721770287,0.0,0.0,0.0008259438909590244,0.0,0.0,0.0005738927866332233
378,True,0.0,0.0,0.0013545028632506728,0.0,0.0,0.000642526603769511,0.0,0.0,3.4773649531416595e-05,0.0,0.0,0.010381536558270454,0.0,0.0,0.00012219428026583046,0.0,0.0,0.15904678404331207,0.0,0.0,0.03171420097351074,272.95928955078125,88.43389892578125,0.8733336329460144,0.0,0.0,0.28292426466941833,202.08470153808594,55.43470001220703,0.8979897499084473,0.0,0.0,0.49895232915878296,270.6255187988281,175.91888427734375,0.7424158453941345,268.3935241699219,165.52285766601562,0.5288764238357544,0.0,0.0,0.035611774772405624,0.0,0.0,0.016013292595744133,0.0,0.0,0.000703066005371511,0.0,0.0,0.00048440948012284935
379,True,0.0,0.0,0.0014124014414846897,0.0,0.0,0.0006839382695034146,0.0,0.0,3.559020842658356e-05,0.0,0.0,0.013161745853722095,0.0,0.0,0.0001323689939454198,0.0,0.0,0.1512065976858139,0.0,0.0,0.0468059666454792,272.247802734375,85.10951232910156,0.8397954106330872,0.0,0.0,0.3727719485759735,202.70883178710938,55.560394287109375,0.8716270923614502,208.19029235839844,54.973289489746094,0.5615256428718567,271.2413024902344,174.10787963867188,0.7273024916648865,266.6712341308594,164.4295654296875,0.574998140335083,0.0,0.0,0.039876315742731094,0.0,0.0,0.023745393380522728,0.0,0.0,0.0008408324210904539,0.0,0.0,0.0007169155869632959
380,True,0.0,0.0,0.0012812805362045765,0.0,0.0,0.0005991345969960093,0.0,0.0,3.38193349307403e-05,0.0,0.0,0.008611109107732773,0.0,0.0,0.00010138437210116535,0.0,0.0,0.12799571454524994,0.0,0.0,0.030198074877262115,274.11407470703125,86.94486999511719,0.8556237816810608,0.0,0.0,0.3249935507774353,201.91700744628906,55.75371551513672,0.8957012891769409,209.2402801513672,46.87689208984375,0.5577945709228516,271.27325439453125,173.94277954101562,0.7652106285095215,266.1031494140625,163.16525268554688,0.5902023315429688,0.0,0.0,0.043667376041412354,0.0,0.0,0.02280721627175808,0.0,0.0,0.0009052144596353173,0.0,0.0,0.0006965966895222664
381,True,0.0,0.0,0.0014230391243472695,0.0,0.0,0.0006547315861098468,0.0,0.0,3.787299647228792e-05,0.0,0.0,0.007410726044327021,0.0,0.0,8.758957119425759e-05,0.0,0.0,0.11651148647069931,0.0,0.0,0.02608633227646351,275.7415771484375,89.77468872070312,0.8572985529899597,0.0,0.0,0.31451287865638733,202.38311767578125,55.26158905029297,0.9029079675674438,207.62799072265625,49.02143859863281,0.5644856095314026,272.3794250488281,175.59146118164062,0.7486799359321594,264.51409912109375,164.85910034179688,0.5626351237297058,0.0,0.0,0.04075826704502106,0.0,0.0,0.020455919206142426,0.0,0.0,0.0008604939212091267,0.0,0.0,0.0006428990163840353
382,True,0.0,0.0,0.0009886506013572216,0.0,0.0,0.0004506930708885193,0.0,0.0,2.7247284378972836e-05,0.0,0.0,0.005777725949883461,0.0,0.0,7.599811942782253e-05,0.0,0.0,0.09291773289442062,0.0,0.0,0.020635105669498444,275.8092956542969,87.78734588623047,0.8486753702163696,0.0,0.0,0.3101227283477783,201.72361755371094,55.06482696533203,0.900283932685852,207.45205688476562,49.02058410644531,0.5718169808387756,272.0848693847656,172.08474731445312,0.767463743686676,263.8399658203125,161.33071899414062,0.5884125232696533,0.0,0.0,0.04416812211275101,0.0,0.0,0.02306177280843258,0.0,0.0,0.0009070755913853645,0.0,0.0,0.000696280098054558
383,True,0.0,0.0,0.0007384809432551265,0.0,0.0,0.0003399888810236007,0.0,0.0,1.9414384951232933e-05,0.0,0.0,0.005556557793170214,0.0,0.0,7.234382792375982e-05,0.0,0.0,0.09430744498968124,0.0,0.0,0.018127242103219032,273.4652099609375,87.54206085205078,0.8511911630630493,0.0,0.0,0.2701219916343689,201.25991821289062,55.030303955078125,0.8990806937217712,207.16966247558594,47.19823455810547,0.5321550965309143,271.17584228515625,171.20712280273438,0.7571950554847717,266.8209533691406,160.2886505126953,0.5551015734672546,0.0,0.0,0.04773613438010216,0.0,0.0,0.023179924115538597,0.0,0.0,0.001009449944831431,0.0,0.0,0.0007321652374230325
384,True,0.0,0.0,0.0008553063380531967,0.0,0.0,0.00038027699338272214,0.0,0.0,2.335476347070653e-05,0.0,0.0,0.005514543037861586,0.0,0.0,7.863171049393713e-05,0.0,0.0,0.1013689637184143,0.0,0.0,0.019904175773262978,273.37908935546875,87.96104431152344,0.8604028820991516,0.0,0.0,0.2849471867084503,201.03643798828125,54.89247131347656,0.9005172252655029,205.73553466796875,50.03675842285156,0.536457896232605,271.4833679199219,173.99440002441406,0.7555457949638367,265.0543212890625,163.42062377929688,0.5530868768692017,0.0,0.0,0.04002707079052925,0.0,0.0,0.019033480435609818,0.0,0.0,0.0008191015222109854,0.0,0.0,0.0005851990426890552
385,True,0.0,0.0,0.0006222169613465667,0.0,0.0,0.00027817944646812975,0.0,0.0,1.7169730199384503e-05,0.0,0.0,0.005261615850031376,0.0,0.0,7.833548443159088e-05,0.0,0.0,0.10567209124565125,0.0,0.0,0.0172751285135746,274.29241943359375,88.07340240478516,0.8689867258071899,0.0,0.0,0.24881362915039062,200.55322265625,55.117027282714844,0.9081056714057922,205.541748046875,51.442115783691406,0.5157289505004883,270.16400146484375,167.0281524658203,0.7861289381980896,267.69561767578125,156.64312744140625,0.5681970119476318,0.0,0.0,0.05919220671057701,0.0,0.0,0.026390455663204193,0.0,0.0,0.0011451211757957935,0.0,0.0,0.0007698015542700887
386,True,0.0,0.0,0.0007778821745887399,0.0,0.0,0.00036129128420725465,0.0,0.0,2.0467714421101846e-05,0.0,0.0,0.006249877158552408,0.0,0.0,8.020424866117537e-05,0.0,0.0,0.1112714633345604,0.0,0.0,0.019254058599472046,274.92431640625,88.28437805175781,0.8643050789833069,0.0,0.0,0.2541619837284088,200.6880645751953,55.514137268066406,0.904129147529602,205.3685760498047,51.844207763671875,0.5107625126838684,270.0727233886719,169.39483642578125,0.7714158892631531,267.4675598144531,158.47825622558594,0.5582391023635864,0.0,0.0,0.05600521340966225,0.0,0.0,0.025350326672196388,0.0,0.0,0.0011579334968701005,0.0,0.0,0.0007926063844934106
387,True,0.0,0.0,0.0009830357739701867,0.0,0.0,0.0004315819242037833,0.0,0.0,2.7973623218713328e-05,0.0,0.0,0.006339621264487505,0.0,0.0,9.309239248977974e-05,0.0,0.0,0.11123507469892502,0.0,0.0,0.02355644851922989,275.13702392578125,87.22332763671875,0.8586449027061462,0.0,0.0,0.29100707173347473,200.27468872070312,55.288299560546875,0.8979752063751221,204.29306030273438,52.814170837402344,0.532992959022522,270.3591613769531,172.44871520996094,0.7572684288024902,264.80133056640625,161.7815704345703,0.5612326264381409,0.0,0.0,0.042219989001750946,0.0,0.0,0.020169910043478012,0.0,0.0,0.000867383205331862,0.0,0.0,0.0006197435432113707
388,True,0.0,0.0,0.0006563678616657853,0.0,0.0,0.00029908207943663,0.0,0.0,1.8354390704189427e-05,0.0,0.0,0.006004164926707745,0.0,0.0,8.701963088242337e-05,0.0,0.0,0.10990480333566666,0.0,0.0,0.01884269155561924,272.89569091796875,85.56462860107422,0.8614359498023987,0.0,0.0,0.2382085919380188,199.13876342773438,55.122703552246094,0.8942790031433105,0.0,0.0,0.475585013628006,269.26861572265625,168.45712280273438,0.7659077644348145,266.6341247558594,157.94744873046875,0.5444099307060242,0.0,0.0,0.05191538855433464,0.0,0.0,0.02281375788152218,0.0,0.0,0.001104869064874947,0.0,0.0,0.000738082395400852
389,True,0.0,0.0,0.0006547952070832253,0.0,0.0,0.0002957650285679847,0.0,0.0,1.8415665181237273e-05,0.0,0.0,0.0058849952183663845,0.0,0.0,8.721101767150685e-05,0.0,0.0,0.10888627171516418,0.0,0.0,0.018714914098381996,272.98577880859375,85.76148986816406,0.8610389232635498,0.0,0.0,0.23740142583847046,199.15684509277344,55.07562255859375,0.8939095139503479,0.0,0.0,0.4748905897140503,269.4942932128906,169.0760498046875,0.7625640034675598,266.79217529296875,158.6187286376953,0.5396658778190613,0.0,0.0,0.04998921975493431,0.0,0.0,0.021928640082478523,0.0,0.0,0.0010606079595163465,0.0,0.0,0.0007081435760483146
390,True,0.0,0.0,0.0008409571019001305,0.0,0.0,0.00037037034053355455,0.0,0.0,2.3798585971235298e-05,0.0,0.0,0.0055016037076711655,0.0,0.0,8.11946447356604e-05,0.0,0.0,0.09233513474464417,0.0,0.0,0.019159777089953423,274.2333679199219,86.84892272949219,0.8442902565002441,0.0,0.0,0.2614500820636749,199.45111083984375,55.282386779785156,0.8888231515884399,203.33909606933594,53.343910217285156,0.5047754645347595,270.7760925292969,173.86451721191406,0.7167782783508301,265.12310791015625,163.297607421875,0.5077841877937317,0.0,0.0,0.0345035195350647,0.0,0.0,0.016269033774733543,0.0,0.0,0.0007667081081308424,0.0,0.0,0.0005444195121526718
391,True,0.0,0.0,0.0006742338300682604,0.0,0.0,0.0003170988929923624,0.0,0.0,1.822107697080355e-05,0.0,0.0,0.0064192041754722595,0.0,0.0,8.238128066295758e-05,0.0,0.0,0.09316390007734299,0.0,0.0,0.019188974052667618,271.7055969238281,84.16355895996094,0.837302565574646,0.0,0.0,0.2449641227722168,198.8323211669922,55.699989318847656,0.8797436356544495,0.0,0.0,0.46988216042518616,267.6529846191406,171.99192810058594,0.7370607852935791,265.4195251464844,160.63412475585938,0.5311505198478699,0.0,0.0,0.04154745489358902,0.0,0.0,0.019117441028356552,0.0,0.0,0.0009500712621957064,0.0,0.0,0.0006618964252993464
392,True,0.0,0.0,0.0009684454998932779,0.0,0.0,0.00048706860980018973,0.0,0.0,2.527777360228356e-05,0.0,0.0,0.007823617197573185,0.0,0.0,7.865428051445633e-05,0.0,0.0,0.10485044121742249,0.0,0.0,0.02148948796093464,272.6096496582031,83.42156219482422,0.8443876504898071,0.0,0.0,0.26335790753364563,198.1319580078125,54.99341583251953,0.8865349292755127,0.0,0.0,0.4966224133968353,268.4796142578125,170.46405029296875,0.7585838437080383,262.96240234375,159.14794921875,0.5660953521728516,0.0,0.0,0.048969998955726624,0.0,0.0,0.023421233519911766,0.0,0.0,0.001127550844103098,0.0,0.0,0.000812102691270411
393,True,0.0,0.0,0.0010884932707995176,0.0,0.0,0.0005141015280969441,0.0,0.0,3.154829755658284e-05,0.0,0.0,0.007695719599723816,0.0,0.0,9.847627370618284e-05,0.0,0.0,0.11096411198377609,0.0,0.0,0.025191249325871468,272.54876708984375,83.67052459716797,0.8449179530143738,0.0,0.0,0.2838972210884094,198.14279174804688,55.62584686279297,0.8816627860069275,202.96482849121094,54.68230438232422,0.504445493221283,269.1247253417969,171.0887908935547,0.7649393677711487,262.0341796875,160.5538787841797,0.5816314220428467,0.0,0.0,0.0452364906668663,0.0,0.0,0.02225656248629093,0.0,0.0,0.0010188173037022352,0.0,0.0,0.0007447329699061811
394,True,0.0,0.0,0.0008886537980288267,0.0,0.0,0.0004254088271409273,0.0,0.0,2.5334000383736566e-05,0.0,0.0,0.00719232065603137,0.0,0.0,9.083876648219302e-05,0.0,0.0,0.10742737352848053,0.0,0.0,0.022185252979397774,272.136962890625,83.68302154541016,0.8457260727882385,0.0,0.0,0.2620809078216553,198.0225067138672,55.283409118652344,0.8819539546966553,0.0,0.0,0.4888312518596649,269.1914367675781,169.36807250976562,0.772119402885437,263.48028564453125,158.81114196777344,0.579568088054657,0.0,0.0,0.049379441887140274,0.0,0.0,0.02360757626593113,0.0,0.0,0.0010925240349024534,0.0,0.0,0.0007814901182428002
395,True,0.0,0.0,0.0011403640964999795,0.0,0.0,0.0005234490381553769,0.0,0.0,3.375273445271887e-05,0.0,0.0,0.007207105867564678,0.0,0.0,9.568889799993485e-05,0.0,0.0,0.1003207266330719,0.0,0.0,0.0259498730301857,274.623046875,81.34358978271484,0.8316946029663086,0.0,0.0,0.30673596262931824,198.81288146972656,56.530029296875,0.8831847310066223,202.89968872070312,53.89386749267578,0.5502763390541077,270.05694580078125,168.43563842773438,0.7705115079879761,263.52734375,158.1228485107422,0.6063184142112732,0.0,0.0,0.04964788258075714,0.0,0.0,0.026929717510938644,0.0,0.0,0.001106027513742447,0.0,0.0,0.0008697808953002095
396,True,0.0,0.0,0.0007570429006591439,0.0,0.0,0.0003448761999607086,0.0,0.0,2.0054469132446684e-05,0.0,0.0,0.007127250079065561,0.0,0.0,9.406567551195621e-05,0.0,0.0,0.12558430433273315,0.0,0.0,0.023137683048844337,271.8434143066406,85.91246032714844,0.8601550459861755,0.0,0.0,0.25158536434173584,197.7137451171875,56.15202331542969,0.8888615965843201,0.0,0.0,0.48620495200157166,269.4322814941406,169.87290954589844,0.7571791410446167,268.2846374511719,159.72357177734375,0.5426711440086365,0.0,0.0,0.047092702239751816,0.0,0.0,0.021870609372854233,0.0,0.0,0.0009880271973088384,0.0,0.0,0.0006956158322282135
397,True,0.0,0.0,0.0007739279535599053,0.0,0.0,0.0003260849043726921,0.0,0.0,2.3388463887386024e-05,0.0,0.0,0.006462506949901581,0.0,0.0,0.00011647433711914346,0.0,0.0,0.12748406827449799,0.0,0.0,0.02593296766281128,272.41046142578125,85.03990936279297,0.8570634722709656,0.0,0.0,0.27422669529914856,197.18951416015625,56.29425811767578,0.8865996599197388,200.57183837890625,56.58808135986328,0.5093854069709778,269.38653564453125,166.6287841796875,0.7722765803337097,267.4055480957031,157.0019073486328,0.5732946395874023,0.0,0.0,0.05277390033006668,0.0,0.0,0.025800127536058426,0.0,0.0,0.001083077397197485,0.0,0.0,0.0007818390149623156
398,True,0.0,0.0,0.0005972502985969186,0.0,0.0,0.0002631339302752167,0.0,0.0,1.740767402225174e-05,0.0,0.0,0.005452021956443787,0.0,0.0,8.778782648732886e-05,0.0,0.0,0.11158236861228943,0.0,0.0,0.018922196701169014,272.42718505859375,85.63674926757812,0.8587533831596375,0.0,0.0,0.23873093724250793,196.7952423095703,56.28926086425781,0.887621283531189,0.0,0.0,0.48083212971687317,269.0840148925781,166.17547607421875,0.7804325222969055,265.8193054199219,156.83396911621094,0.5645166039466858,0.0,0.0,0.05274185910820961,0.0,0.0,0.02462662383913994,0.0,0.0,0.001041134586557746,0.0,0.0,0.0007267516921274364
399,True,0.0,0.0,0.0006044935435056686,0.0,0.0,0.0002669073292054236,0.0,0.0,1.746152702253312e-05,0.0,0.0,0.006485660094767809,0.0,0.0,0.00010133777686860412,0.0,0.0,0.14087972044944763,0.0,0.0,0.02147645503282547,271.2110290527344,84.78620147705078,0.8834409117698669,0.0,0.0,0.23822225630283356,196.12384033203125,55.58795166015625,0.8984856605529785,0.0,0.0,0.46877020597457886,267.8367614746094,165.109619140625,0.8064708113670349,265.6162109375,156.03182983398438,0.5815715789794922,0.0,0.0,0.055872220546007156,0.0,0.0,0.024040700867772102,0.0,0.0,0.0010143680265173316,0.0,0.0,0.000666242151055485
400,True,0.0,0.0,0.000629340996965766,0.0,0.0,0.00027511329972185194,0.0,0.0,1.9137967683491297e-05,0.0,0.0,0.0065046208910644054,0.0,0.0,0.00011073454516008496,0.0,0.0,0.14263272285461426,0.0,0.0,0.022295091301202774,271.4261169433594,83.84645080566406,0.8816338777542114,0.0,0.0,0.24221542477607727,196.29425048828125,55.754150390625,0.8952985405921936,0.0,0.0,0.46754559874534607,267.7511901855469,163.89309692382812,0.8199242949485779,264.9624328613281,155.00433349609375,0.605350136756897,0.0,0.0,0.06170731410384178,0.0,0.0,0.02700134366750717,0.0,0.0,0.0011235757265239954,0.0,0.0,0.0007432225393131375
401,True,0.0,0.0,0.0005970544880256057,0.0,0.0,0.00026180114946328104,0.0,0.0,1.6956128092715517e-05,0.0,0.0,0.005974626634269953,0.0,0.0,9.305049024987966e-05,0.0,0.0,0.1332927644252777,0.0,0.0,0.01945601962506771,271.4631042480469,84.30905151367188,0.8844106197357178,0.0,0.0,0.2300841361284256,195.52069091796875,56.143699645996094,0.8997883200645447,0.0,0.0,0.46502915024757385,269.20806884765625,166.67930603027344,0.7963414192199707,266.4123229980469,157.96319580078125,0.5627802610397339,0.0,0.0,0.05135286971926689,0.0,0.0,0.021733775734901428,0.0,0.0,0.0009354534558951855,0.0,0.0,0.0006091537652537227
402,True,0.0,0.0,0.0006642409134656191,0.0,0.0,0.00030933739617466927,0.0,0.0,1.792497823771555e-05,0.0,0.0,0.007454488426446915,0.0,0.0,9.507623326499015e-05,0.0,0.0,0.14691564440727234,0.0,0.0,0.021065235137939453,270.7091369628906,82.40213012695312,0.8884822726249695,0.0,0.0,0.22330239415168762,195.3612060546875,56.34242248535156,0.9017293453216553,0.0,0.0,0.45166894793510437,268.37139892578125,166.23289489746094,0.7987387180328369,266.20794677734375,157.16665649414062,0.5615273118019104,0.0,0.0,0.05462956801056862,0.0,0.0,0.022329485043883324,0.0,0.0,0.0010443023638799787,0.0,0.0,0.0006650916184298694
403,True,0.0,0.0,0.000722458295058459,0.0,0.0,0.0003026437188964337,0.0,0.0,2.2524855012306944e-05,0.0,0.0,0.006002648733556271,0.0,0.0,0.00011314349831081927,0.0,0.0,0.12866181135177612,0.0,0.0,0.023054495453834534,271.0391845703125,82.08081817626953,0.8723374605178833,0.0,0.0,0.26280078291893005,195.0973663330078,56.45965576171875,0.8919792175292969,0.0,0.0,0.49945467710494995,270.494140625,166.12400817871094,0.7835732102394104,266.28509521484375,157.53518676757812,0.5705792903900146,0.0,0.0,0.04735579341650009,0.0,0.0,0.02203236147761345,0.0,0.0,0.0009144447394646704,0.0,0.0,0.0006394555675797164
404,True,0.0,0.0,0.0007260625134222209,0.0,0.0,0.0003292226465418935,0.0,0.0,2.008666160691064e-05,0.0,0.0,0.007163497153669596,0.0,0.0,0.00010335855040466413,0.0,0.0,0.14222706854343414,0.0,0.0,0.022295435890555382,270.4214172363281,84.04316711425781,0.8784575462341309,0.0,0.0,0.23665858805179596,195.09375,56.25593566894531,0.8898167014122009,0.0,0.0,0.45602503418922424,269.4769287109375,169.16468811035156,0.7824809551239014,266.16595458984375,160.21485900878906,0.5536089539527893,0.0,0.0,0.04292050749063492,0.0,0.0,0.018839729949831963,0.0,0.0,0.0008008956210687757,0.0,0.0,0.000541096436791122
405,True,0.0,0.0,0.0007688227924518287,0.0,0.0,0.0003299368836451322,0.0,0.0,2.2630962121183984e-05,0.0,0.0,0.007148496340960264,0.0,0.0,0.00012225161481183022,0.0,0.0,0.1501765251159668,0.0,0.0,0.02706991694867611,270.4423522949219,83.78329467773438,0.8762800693511963,0.0,0.0,0.2670922577381134,194.63052368164062,56.232337951660156,0.8870985507965088,0.0,0.0,0.4850720465183258,269.85748291015625,168.0621795654297,0.7905600070953369,266.6470642089844,159.49351501464844,0.5803197026252747,0.0,0.0,0.04423895478248596,0.0,0.0,0.02073560282588005,0.0,0.0,0.0007909219129942358,0.0,0.0,0.0005583673482760787
406,True,0.0,0.0,0.0007098117494024336,0.0,0.0,0.000323308544466272,0.0,0.0,1.99956884898711e-05,0.0,0.0,0.006615176796913147,0.0,0.0,9.63102065725252e-05,0.0,0.0,0.12739913165569305,0.0,0.0,0.019905338063836098,271.37322998046875,82.46467590332031,0.8742060661315918,0.0,0.0,0.2340666800737381,194.8770751953125,56.62737274169922,0.8925899863243103,0.0,0.0,0.47124558687210083,270.1769104003906,167.78688049316406,0.7883512377738953,266.5093078613281,159.25595092773438,0.5632030963897705,0.0,0.0,0.04557164013385773,0.0,0.0,0.020549999549984932,0.0,0.0,0.0008334169397130609,0.0,0.0,0.0005742902867496014
407,True,0.0,0.0,0.0007171462057158351,0.0,0.0,0.00032878670026548207,0.0,0.0,1.9693236026796512e-05,0.0,0.0,0.006344982888549566,0.0,0.0,8.714501018403098e-05,0.0,0.0,0.11165692657232285,0.0,0.0,0.018433384597301483,272.78338623046875,83.66266632080078,0.8644794821739197,0.0,0.0,0.23379428684711456,195.19398498535156,57.127113342285156,0.8950462341308594,0.0,0.0,0.48700034618377686,270.4688720703125,169.53103637695312,0.7630296945571899,267.58648681640625,160.19168090820312,0.5367207527160645,0.0,0.0,0.042838018387556076,0.0,0.0,0.019626358523964882,0.0,0.0,0.0008341803913936019,0.0,0.0,0.0005841447273269296
408,True,0.0,0.0,0.0006792244384996593,0.0,0.0,0.00032416440080851316,0.0,0.0,1.8062479284708388e-05,0.0,0.0,0.0071921939961612225,0.0,0.0,9.271861199522391e-05,0.0,0.0,0.1303761601448059,0.0,0.0,0.019011516124010086,270.4502258300781,83.39672088623047,0.8766779899597168,0.0,0.0,0.22222158312797546,194.79098510742188,56.50328826904297,0.8940570950508118,0.0,0.0,0.45586931705474854,269.994140625,169.25033569335938,0.7789228558540344,267.8697204589844,159.9806671142578,0.542590856552124,0.0,0.0,0.043443407863378525,0.0,0.0,0.018800385296344757,0.0,0.0,0.0008027764270082116,0.0,0.0,0.0005399850779213011
409,True,0.0,0.0,0.0005697935703210533,0.0,0.0,0.0002701608755160123,0.0,0.0,1.5061978047015145e-05,0.0,0.0,0.006909365300089121,0.0,0.0,9.324448910774663e-05,0.0,0.0,0.13244758546352386,0.0,0.0,0.018066031858325005,269.63372802734375,83.69708251953125,0.8774884343147278,0.0,0.0,0.2096833437681198,194.42637634277344,56.614410400390625,0.8921849131584167,0.0,0.0,0.43902844190597534,269.1260986328125,167.88548278808594,0.786218523979187,269.0097351074219,158.6688995361328,0.5448233485221863,0.0,0.0,0.04827876761555672,0.0,0.0,0.020500577986240387,0.0,0.0,0.0008850176818668842,0.0,0.0,0.00058444042224437
410,True,0.0,0.0,0.0005200781160965562,0.0,0.0,0.0002520867274142802,0.0,0.0,1.34378278744407e-05,0.0,0.0,0.006682666949927807,0.0,0.0,8.663138578413054e-05,0.0,0.0,0.13503457605838776,0.0,0.0,0.015060951933264732,269.92938232421875,84.35277557373047,0.8881476521492004,0.0,0.0,0.18123695254325867,194.3667755126953,56.671653747558594,0.8990901112556458,0.0,0.0,0.40683725476264954,269.2884521484375,168.79901123046875,0.7818900346755981,269.59716796875,159.39981079101562,0.5121264457702637,0.0,0.0,0.04717998951673508,0.0,0.0,0.01802799105644226,0.0,0.0,0.0008577984408475459,0.0,0.0,0.0005252831033430994
411,True,0.0,0.0,0.0004958397476002574,0.0,0.0,0.00022933281434234232,0.0,0.0,1.2779708413290791e-05,0.0,0.0,0.005988902412354946,0.0,0.0,8.050654287217185e-05,0.0,0.0,0.12629418075084686,0.0,0.0,0.01610441505908966,270.2451171875,86.5943374633789,0.8803731203079224,0.0,0.0,0.2008274644613266,194.94064331054688,57.10459899902344,0.8955251574516296,0.0,0.0,0.43081581592559814,268.6961364746094,169.8914337158203,0.7728806138038635,268.6358337402344,160.16470336914062,0.5174199938774109,0.0,0.0,0.044897738844156265,0.0,0.0,0.018304428085684776,0.0,0.0,0.0008407054701820016,0.0,0.0,0.0005396753549575806
412,True,0.0,0.0,0.0006719912053085864,0.0,0.0,0.00027680874336510897,0.0,0.0,1.968887954717502e-05,0.0,0.0,0.005778426770120859,0.0,0.0,0.00010467115498613566,0.0,0.0,0.12597231566905975,0.0,0.0,0.024075545370578766,270.1720886230469,85.38501739501953,0.8668358325958252,0.0,0.0,0.27387794852256775,194.30599975585938,56.02973175048828,0.8845248222351074,0.0,0.0,0.499012291431427,269.8465576171875,170.7203369140625,0.7629536390304565,266.3612060546875,161.52041625976562,0.5518300533294678,0.0,0.0,0.03611777722835541,0.0,0.0,0.017410121858119965,0.0,0.0,0.0006689521833322942,0.0,0.0,0.00048435135977342725
413,True,0.0,0.0,0.000662514939904213,0.0,0.0,0.0002789400750771165,0.0,0.0,1.9749923012568615e-05,0.0,0.0,0.0057959421537816525,0.0,0.0,0.0001027661346597597,0.0,0.0,0.1309414654970169,0.0,0.0,0.022530226036906242,269.94384765625,84.24163055419922,0.8742034435272217,0.0,0.0,0.25788289308547974,194.47509765625,55.22444152832031,0.8858881592750549,0.0,0.0,0.47841739654541016,269.879638671875,170.46119689941406,0.7715612649917603,264.7994384765625,161.66983032226562,0.5495399236679077,0.0,0.0,0.03659038618206978,0.0,0.0,0.01677522249519825,0.0,0.0,0.0006794238579459488,0.0,0.0,0.00047334711416624486
414,True,0.0,0.0,0.0005141882575117052,0.0,0.0,0.00020559081167448312,0.0,0.0,1.5380795957753435e-05,0.0,0.0,0.005108162295073271,0.0,0.0,0.00010431643022457138,0.0,0.0,0.13452677428722382,0.0,0.0,0.022120734676718712,268.8658142089844,86.12336730957031,0.8758190274238586,0.0,0.0,0.25175508856773376,194.13720703125,55.249977111816406,0.882337749004364,0.0,0.0,0.4661233723163605,269.2525634765625,170.63253784179688,0.7785645723342896,266.15460205078125,162.14404296875,0.5528486371040344,0.0,0.0,0.038274072110652924,0.0,0.0,0.017474647611379623,0.0,0.0,0.0006715923082083464,0.0,0.0,0.00046394430682994425
415,True,0.0,0.0,0.0005978477420285344,0.0,0.0,0.0002562635636422783,0.0,0.0,1.6917831089813262e-05,0.0,0.0,0.005765844602137804,0.0,0.0,9.447523189010099e-05,0.0,0.0,0.1278408169746399,0.0,0.0,0.019914984703063965,270.52313232421875,83.67333984375,0.8756751418113708,0.0,0.0,0.23581209778785706,194.4788818359375,55.740814208984375,0.8893636465072632,0.0,0.0,0.4647009074687958,269.5076904296875,171.3808135986328,0.7707803249359131,266.50579833984375,162.8662109375,0.5365068912506104,0.0,0.0,0.037430550903081894,0.0,0.0,0.016723228618502617,0.0,0.0,0.0006682819221168756,0.0,0.0,0.0004574199265334755
416,True,0.0,0.0,0.000648550339974463,0.0,0.0,0.00028357579139992595,0.0,0.0,1.844844882725738e-05,0.0,0.0,0.006016314961016178,0.0,0.0,9.452857193537056e-05,0.0,0.0,0.1301235854625702,0.0,0.0,0.020007606595754623,270.8506164550781,84.009521484375,0.8754326105117798,0.0,0.0,0.2366182655096054,194.3370361328125,55.354225158691406,0.8882314562797546,0.0,0.0,0.46177512407302856,269.22344970703125,170.90322875976562,0.7792271971702576,265.026123046875,162.03504943847656,0.5496084690093994,0.0,0.0,0.03905505686998367,0.0,0.0,0.017551474273204803,0.0,0.0,0.0006986564258113503,0.0,0.0,0.00048083183355629444
417,True,0.0,0.0,0.0006762571865692735,0.0,0.0,0.0002909894392360002,0.0,0.0,1.9215216525481082e-05,0.0,0.0,0.006185420323163271,0.0,0.0,9.944693010766059e-05,0.0,0.0,0.1396685540676117,0.0,0.0,0.02170639857649803,270.6396789550781,83.73419952392578,0.8792360424995422,0.0,0.0,0.23907886445522308,194.40338134765625,55.732521057128906,0.8886814117431641,0.0,0.0,0.4606359302997589,269.54718017578125,171.35459899902344,0.780029833316803,265.77557373046875,162.77584838867188,0.5490801930427551,0.0,0.0,0.03973938152194023,0.0,0.0,0.017679722979664803,0.0,0.0,0.0007227767491713166,0.0,0.0,0.0004932524752803147
418,True,0.0,0.0,0.0006519675371237099,0.0,0.0,0.0002861747343558818,0.0,0.0,1.8416403690935113e-05,0.0,0.0,0.00663110101595521,0.0,0.0,0.00010436479351483285,0.0,0.0,0.14212831854820251,0.0,0.0,0.02214851975440979,269.86865234375,83.20742797851562,0.8770354986190796,0.0,0.0,0.2329525351524353,194.3721466064453,55.600738525390625,0.8865306973457336,0.0,0.0,0.45071643590927124,269.380615234375,170.56207275390625,0.7817586660385132,266.7841796875,161.63121032714844,0.5512372255325317,0.0,0.0,0.042832791805267334,0.0,0.0,0.01884506829082966,0.0,0.0,0.00080102653009817,0.0,0.0,0.0005417166976258159
419,True,0.0,0.0,0.0006384841981343925,0.0,0.0,0.00028963902150280774,0.0,0.0,1.7676591596682556e-05,0.0,0.0,0.006689222063869238,0.0,0.0,9.624988160794601e-05,0.0,0.0,0.13799850642681122,0.0,0.0,0.02064167894423008,269.7610778808594,82.99465942382812,0.877636730670929,0.0,0.0,0.22713837027549744,194.80029296875,55.77436065673828,0.8878845572471619,0.0,0.0,0.44610193371772766,269.09716796875,170.37078857421875,0.7856288552284241,265.8997802734375,161.3540802001953,0.5528745055198669,0.0,0.0,0.043467454612255096,0.0,0.0,0.018881961703300476,0.0,0.0,0.0008168365457095206,0.0,0.0,0.000548205862287432
420,True,0.0,0.0,0.0007698440458625555,0.0,0.0,0.0003683182876557112,0.0,0.0,2.0846171537414193e-05,0.0,0.0,0.007859323173761368,0.0,0.0,9.716430940898135e-05,0.0,0.0,0.14974915981292725,0.0,0.0,0.02208465337753296,270.3567810058594,83.2484130859375,0.88113933801651,0.0,0.0,0.23241500556468964,195.4893798828125,55.92425537109375,0.8914815783500671,0.0,0.0,0.45507723093032837,268.8044738769531,169.1298065185547,0.8053842186927795,265.345947265625,160.2357177734375,0.5820696353912354,0.0,0.0,0.05066321790218353,0.0,0.0,0.022469790652394295,0.0,0.0,0.0009418202098459005,0.0,0.0,0.0006417548283934593
421,True,0.0,0.0,0.0006829651538282633,0.0,0.0,0.00029714341508224607,0.0,0.0,1.987475661735516e-05,0.0,0.0,0.006139119155704975,0.0,0.0,0.00010171107714995742,0.0,0.0,0.13699832558631897,0.0,0.0,0.020980004221200943,271.6943664550781,84.07080078125,0.8781224489212036,0.0,0.0,0.2383790910243988,195.5991973876953,56.089019775390625,0.8920763731002808,0.0,0.0,0.4705006182193756,270.31573486328125,170.08999633789062,0.7914836406707764,266.79876708984375,161.51780700683594,0.5644078850746155,0.0,0.0,0.04493299126625061,0.0,0.0,0.020237252116203308,0.0,0.0,0.0008039292879402637,0.0,0.0,0.0005515444790944457
422,True,0.0,0.0,0.0007574622286483645,0.0,0.0,0.00032687364728190005,0.0,0.0,2.2076539607951418e-05,0.0,0.0,0.006492202635854483,0.0,0.0,0.00010584741539787501,0.0,0.0,0.1384442150592804,0.0,0.0,0.02299770712852478,272.8804931640625,83.69129943847656,0.8739937543869019,0.0,0.0,0.25019559264183044,196.3099822998047,56.41716766357422,0.890700101852417,0.0,0.0,0.48340871930122375,270.6546936035156,169.6151123046875,0.7889897227287292,267.1387023925781,160.87890625,0.5707423090934753,0.0,0.0,0.04544850066304207,0.0,0.0,0.02118389867246151,0.0,0.0,0.0008279422181658447,0.0,0.0,0.0005840689991600811
423,True,0.0,0.0,0.0006731642060913146,0.0,0.0,0.00029209849890321493,0.0,0.0,1.9539986169547774e-05,0.0,0.0,0.006222248077392578,0.0,0.0,0.00010224241123069078,0.0,0.0,0.1409977823495865,0.0,0.0,0.021381184458732605,272.119140625,85.6927490234375,0.8769216537475586,0.0,0.0,0.23583263158798218,196.72401428222656,56.65135192871094,0.8882786631584167,0.0,0.0,0.4601289927959442,269.16192626953125,169.60121154785156,0.7936460971832275,265.8163146972656,161.15032958984375,0.5661047101020813,0.0,0.0,0.04502596706151962,0.0,0.0,0.020345432683825493,0.0,0.0,0.0007970671285875142,0.0,0.0,0.0005475361831486225
424,True,0.0,0.0,0.0010209233732894063,0.0,0.0,0.00044748239452019334,0.0,0.0,3.0315097319544293e-05,0.0,0.0,0.006560086738318205,0.0,0.0,9.762524859979749e-05,0.0,0.0,0.11548686027526855,0.0,0.0,0.023177582770586014,275.5433044433594,87.09629821777344,0.8567561507225037,0.0,0.0,0.27194714546203613,197.9376220703125,56.95243835449219,0.8909284472465515,200.68972778320312,57.222251892089844,0.5127662420272827,270.604248046875,173.68356323242188,0.7395140528678894,263.5804748535156,163.77377319335938,0.530184268951416,0.0,0.0,0.03538530692458153,0.0,0.0,0.017171677201986313,0.0,0.0,0.0007389927632175386,0.0,0.0,0.0005390985170379281
425,True,0.0,0.0,0.0009151968406513333,0.0,0.0,0.0003953195991925895,0.0,0.0,2.7589863748289645e-05,0.0,0.0,0.0058913202956318855,0.0,0.0,9.355559450341389e-05,0.0,0.0,0.11040949821472168,0.0,0.0,0.020989691838622093,275.51513671875,87.19755554199219,0.8558387756347656,0.0,0.0,0.2628883421421051,197.82521057128906,56.949195861816406,0.8898606896400452,200.5226593017578,57.27647399902344,0.5092825293540955,270.7256164550781,172.88113403320312,0.7429047226905823,263.6269836425781,163.35110473632812,0.5287752151489258,0.0,0.0,0.034541305154561996,0.0,0.0,0.016861053183674812,0.0,0.0,0.0006873465608805418,0.0,0.0,0.0005031444597989321
426,True,0.0,0.0,0.0009575758595019579,0.0,0.0,0.00039333966560661793,0.0,0.0,3.0331724701682106e-05,0.0,0.0,0.005685173906385899,0.0,0.0,0.00010429076792206615,0.0,0.0,0.11315762251615524,0.0,0.0,0.023501398041844368,275.3490905761719,85.7894287109375,0.857427716255188,0.0,0.0,0.2878169119358063,198.18844604492188,57.21049499511719,0.8937354683876038,200.6455841064453,57.259498596191406,0.5428174138069153,271.9364929199219,172.1319580078125,0.7522804737091064,264.9124755859375,163.3441619873047,0.5500916242599487,0.0,0.0,0.03614046424627304,0.0,0.0,0.0184280164539814,0.0,0.0,0.0006930880481377244,0.0,0.0,0.0005208615330047905
427,True,0.0,0.0,0.0009366985177621245,0.0,0.0,0.00038828220567665994,0.0,0.0,2.8890905014122836e-05,0.0,0.0,0.005884549114853144,0.0,0.0,0.00010568332800175995,0.0,0.0,0.11083853244781494,0.0,0.0,0.022456634789705276,275.8598937988281,85.70249938964844,0.8535283207893372,0.0,0.0,0.27347931265830994,198.37648010253906,57.30693054199219,0.8910537362098694,200.4791259765625,57.317665100097656,0.5253326296806335,271.3904113769531,172.94187927246094,0.7359991669654846,265.9855651855469,163.3348846435547,0.5268324613571167,0.0,0.0,0.034234367311000824,0.0,0.0,0.017092455178499222,0.0,0.0,0.0006862613372504711,0.0,0.0,0.0005107739707455039
428,True,0.0,0.0,0.0009152370039373636,0.0,0.0,0.0003809180634561926,0.0,0.0,2.7968128051725216e-05,0.0,0.0,0.006054292898625135,0.0,0.0,0.0001055842949426733,0.0,0.0,0.12100627273321152,0.0,0.0,0.023716440424323082,275.3774108886719,86.5473403930664,0.8622624278068542,0.0,0.0,0.2765185832977295,198.321533203125,57.280181884765625,0.8933676481246948,200.94879150390625,57.03760528564453,0.5220414400100708,271.1965026855469,172.58251953125,0.7543129920959473,265.2816467285156,163.2718963623047,0.5449302196502686,0.0,0.0,0.037221066653728485,0.0,0.0,0.0182765182107687,0.0,0.0,0.0007271246868185699,0.0,0.0,0.0005329557461664081
429,True,0.0,0.0,0.0010027468670159578,0.0,0.0,0.0004213277716189623,0.0,0.0,3.053226100746542e-05,0.0,0.0,0.006447253283113241,0.0,0.0,0.00010947005648631603,0.0,0.0,0.12102188915014267,0.0,0.0,0.024952663108706474,275.40985107421875,85.80290985107422,0.8593703508377075,0.0,0.0,0.28453224897384644,198.41400146484375,57.30609130859375,0.8933945894241333,200.7862091064453,57.238555908203125,0.5328470468521118,271.06689453125,172.56915283203125,0.7488279938697815,265.3503723144531,163.28233337402344,0.5441824197769165,0.0,0.0,0.03592553362250328,0.0,0.0,0.018057173117995262,0.0,0.0,0.0007094465545378625,0.0,0.0,0.0005295827286317945
430,True,0.0,0.0,0.0010078297927975655,0.0,0.0,0.00041505947592668235,0.0,0.0,3.070090679102577e-05,0.0,0.0,0.006111234426498413,0.0,0.0,0.00010736532567534596,0.0,0.0,0.11301078647375107,0.0,0.0,0.024116093292832375,276.06854248046875,86.96947479248047,0.8486350178718567,0.0,0.0,0.2782697081565857,198.36044311523438,57.284515380859375,0.8866307735443115,200.89224243164062,57.827789306640625,0.5240601301193237,271.3135986328125,174.22413635253906,0.724099338054657,266.0281677246094,164.57640075683594,0.519335925579071,0.0,0.0,0.03268824517726898,0.0,0.0,0.016647489741444588,0.0,0.0,0.0006687638233415782,0.0,0.0,0.0005054515204392374
431,True,0.0,0.0,0.0011763310758396983,0.0,0.0,0.0005028028390370309,0.0,0.0,3.5864584788214415e-05,0.0,0.0,0.006764904595911503,0.0,0.0,0.00010837832087418064,0.0,0.0,0.10658283531665802,0.0,0.0,0.025571176782250404,276.3289794921875,84.9283676147461,0.8387172222137451,0.0,0.0,0.2931443750858307,198.7545928955078,57.117149353027344,0.8829324841499329,201.11492919921875,58.10890197753906,0.5353916883468628,271.29913330078125,174.50372314453125,0.7199938297271729,264.8459167480469,164.3846435546875,0.5302591323852539,0.0,0.0,0.032113704830408096,0.0,0.0,0.01691628433763981,0.0,0.0,0.0007035357994027436,0.0,0.0,0.0005470452597364783
432,True,0.0,0.0,0.0012037816923111677,0.0,0.0,0.0005230550304986537,0.0,0.0,3.6006287700729445e-05,0.0,0.0,0.007913226261734962,0.0,0.0,0.00012523501936811954,0.0,0.0,0.12934285402297974,0.0,0.0,0.028603898361325264,274.46844482421875,83.61137390136719,0.8525172472000122,0.0,0.0,0.2822735905647278,198.48133850097656,56.772216796875,0.8852604627609253,201.1455535888672,58.447044372558594,0.5169395804405212,271.20263671875,174.00408935546875,0.7402476668357849,266.8413391113281,164.51034545898438,0.5405910015106201,0.0,0.0,0.03612024709582329,0.0,0.0,0.018179230391979218,0.0,0.0,0.000759112648665905,0.0,0.0,0.0005691308761015534
433,True,0.0,0.0,0.0014892932958900928,0.0,0.0,0.0006317640654742718,0.0,0.0,4.645450462703593e-05,0.0,0.0,0.00782835204154253,0.0,0.0,0.00012878404231742024,0.0,0.0,0.12418318539857864,0.0,0.0,0.030572015792131424,276.17962646484375,84.44194030761719,0.8514848947525024,0.0,0.0,0.30920979380607605,198.6841583251953,56.83470153808594,0.8908182978630066,201.4676513671875,58.70409393310547,0.5502060055732727,272.2476501464844,174.4853973388672,0.7241812944412231,265.6158752441406,164.98773193359375,0.534130871295929,0.0,0.0,0.033337049186229706,0.0,0.0,0.017298441380262375,0.0,0.0,0.0007277732365764678,0.0,0.0,0.0005576945259235799
434,True,0.0,0.0,0.0014782131183892488,0.0,0.0,0.0006390686612576246,0.0,0.0,4.5656150177819654e-05,0.0,0.0,0.00764795858412981,0.0,0.0,0.00011960142001044005,0.0,0.0,0.11561761051416397,0.0,0.0,0.02806432731449604,276.5068664550781,84.28528594970703,0.8468425273895264,0.0,0.0,0.30172649025917053,198.74002075195312,56.768653869628906,0.8903648257255554,201.65264892578125,58.7796630859375,0.5483278036117554,272.19110107421875,174.6681365966797,0.7126325964927673,265.1846923828125,164.97854614257812,0.5204473733901978,0.0,0.0,0.03166107088327408,0.0,0.0,0.016451045870780945,0.0,0.0,0.0007059774943627417,0.0,0.0,0.0005427441792562604
435,True,0.0,0.0,0.0015838645631447434,0.0,0.0,0.000683654798194766,0.0,0.0,5.013612098991871e-05,0.0,0.0,0.008055286481976509,0.0,0.0,0.00013054130249656737,0.0,0.0,0.12414756417274475,0.0,0.0,0.03079824522137642,275.7431335449219,83.87010955810547,0.8492620587348938,0.0,0.0,0.3113115727901459,198.69357299804688,56.618499755859375,0.8882125616073608,201.66339111328125,58.81785202026367,0.5495177507400513,272.1833801269531,174.26364135742188,0.7253215312957764,264.2872314453125,164.9840850830078,0.5376262664794922,0.0,0.0,0.032555170357227325,0.0,0.0,0.01711858995258808,0.0,0.0,0.0007122576353140175,0.0,0.0,0.0005507662426680326
436,True,0.0,0.0,0.0011996278772130609,0.0,0.0,0.0005336256581358612,0.0,0.0,3.561621633707546e-05,0.0,0.0,0.007885823026299477,0.0,0.0,0.00011725573858711869,0.0,0.0,0.1300773173570633,0.0,0.0,0.029192600399255753,272.40985107421875,84.01387786865234,0.8579642176628113,0.0,0.0,0.299456924200058,197.11212158203125,56.093475341796875,0.8885687589645386,200.50924682617188,58.354896545410156,0.5349142551422119,272.2527770996094,172.71551513671875,0.740685224533081,265.4169006347656,163.73870849609375,0.5450323820114136,0.0,0.0,0.035599641501903534,0.0,0.0,0.018164629116654396,0.0,0.0,0.0007378081209026277,0.0,0.0,0.0005578287527896464
437,True,0.0,0.0,0.0011311807902529836,0.0,0.0,0.0004768793878611177,0.0,0.0,3.3783649996621534e-05,0.0,0.0,0.007329131476581097,0.0,0.0,0.00012105863424949348,0.0,0.0,0.13659422099590302,0.0,0.0,0.028515076264739037,273.7867126464844,87.61255645751953,0.8661499619483948,0.0,0.0,0.2923917770385742,198.69723510742188,56.66356658935547,0.894503116607666,201.48367309570312,58.89887237548828,0.5313841700553894,271.3024597167969,174.563232421875,0.7336585521697998,265.7447509765625,165.78549194335938,0.5235214829444885,0.0,0.0,0.03168333321809769,0.0,0.0,0.015606801025569439,0.0,0.0,0.0006113118142820895,0.0,0.0,0.00044947865535505116
438,True,0.0,0.0,0.0008671394316479564,0.0,0.0,0.00041687203338369727,0.0,0.0,2.3300282919080928e-05,0.0,0.0,0.006876710336655378,0.0,0.0,8.084658475127071e-05,0.0,0.0,0.10083694010972977,0.0,0.0,0.018245581537485123,271.4991455078125,83.91148376464844,0.8488066792488098,0.0,0.0,0.23583419620990753,197.58395385742188,57.09351348876953,0.8837062120437622,0.0,0.0,0.4743090867996216,271.2377624511719,174.01358032226562,0.6994261741638184,0.0,0.0,0.47276318073272705,0.0,0.0,0.02886185795068741,0.0,0.0,0.01339219231158495,0.0,0.0,0.0006387465400621295,0.0,0.0,0.0004550314915832132
439,True,0.0,0.0,0.0006198640912771225,0.0,0.0,0.0002777575282379985,0.0,0.0,1.7479122107033618e-05,0.0,0.0,0.005455906968563795,0.0,0.0,8.42116933199577e-05,0.0,0.0,0.10595247894525528,0.0,0.0,0.016312818974256516,269.761474609375,83.90565490722656,0.8601315021514893,0.0,0.0,0.214102640748024,196.7266845703125,56.86494445800781,0.8847609758377075,0.0,0.0,0.4523506760597229,272.2121276855469,173.08416748046875,0.7324762940406799,0.0,0.0,0.4882776439189911,0.0,0.0,0.03301556780934334,0.0,0.0,0.014576063491404057,0.0,0.0,0.0006580508779734373,0.0,0.0,0.00044804048957303166
440,True,0.0,0.0,0.0006098656449466944,0.0,0.0,0.00025907819508574903,0.0,0.0,1.8342489056522027e-05,0.0,0.0,0.004770941566675901,0.0,0.0,8.70869480422698e-05,0.0,0.0,0.10255472362041473,0.0,0.0,0.01629256270825863,271.416748046875,81.37748718261719,0.8639849424362183,0.0,0.0,0.23023821413516998,197.3690643310547,57.13715362548828,0.8912949562072754,0.0,0.0,0.4859737157821655,272.8690185546875,172.76019287109375,0.7598058581352234,267.4293518066406,165.26119995117188,0.5254239439964294,0.0,0.0,0.03360726684331894,0.0,0.0,0.015614224597811699,0.0,0.0,0.0006076202844269574,0.0,0.0,0.00042642949847504497
441,True,0.0,0.0,0.0005500755505636334,0.0,0.0,0.00022147339768707752,0.0,0.0,1.644545773160644e-05,0.0,0.0,0.004866465926170349,0.0,0.0,0.00010070823191199452,0.0,0.0,0.12656192481517792,0.0,0.0,0.0184528399258852,269.384033203125,82.7618408203125,0.878920316696167,0.0,0.0,0.2283802181482315,196.4456329345703,57.47882843017578,0.8917372226715088,0.0,0.0,0.4668809175491333,271.75665283203125,173.449951171875,0.7676573991775513,268.4535827636719,166.1936798095703,0.5214419364929199,0.0,0.0,0.031943757086992264,0.0,0.0,0.014128755778074265,0.0,0.0,0.0005354956956580281,0.0,0.0,0.00036184763303026557
442,True,0.0,0.0,0.000618643534835428,0.0,0.0,0.00023312694975174963,0.0,0.0,2.0567151295836084e-05,0.0,0.0,0.0041992636397480965,0.0,0.0,0.00011155815445818007,0.0,0.0,0.1103225126862526,0.0,0.0,0.019211729988455772,270.879150390625,81.08114624023438,0.8653923273086548,0.0,0.0,0.2573624849319458,196.34616088867188,58.56157684326172,0.8895817995071411,200.5271759033203,59.977481842041016,0.5158520340919495,274.06768798828125,172.30381774902344,0.7650562524795532,268.9518737792969,165.472412109375,0.5422832369804382,0.0,0.0,0.03173913434147835,0.0,0.0,0.015604604966938496,0.0,0.0,0.0005311761633493006,0.0,0.0,0.0003865342296194285
443,True,0.0,0.0,0.0005429821903817356,0.0,0.0,0.00021323654800653458,0.0,0.0,1.7484639101894572e-05,0.0,0.0,0.004042790271341801,0.0,0.0,0.00010020284389611334,0.0,0.0,0.10573713481426239,0.0,0.0,0.015896296128630638,269.675537109375,81.3784408569336,0.8689863681793213,0.0,0.0,0.22689582407474518,195.45309448242188,58.26561737060547,0.8920771479606628,0.0,0.0,0.4883941411972046,274.5536804199219,172.3019561767578,0.7638488411903381,269.92352294921875,165.6012725830078,0.5227678418159485,0.0,0.0,0.032659076154232025,0.0,0.0,0.01508469507098198,0.0,0.0,0.0005490184994414449,0.0,0.0,0.00038160174153745174
444,True,0.0,0.0,0.000325834727846086,0.0,0.0,0.00013171150931157172,0.0,0.0,9.614422197046224e-06,0.0,0.0,0.0036137443967163563,0.0,0.0,8.316348976222798e-05,0.0,0.0,0.1015913188457489,0.0,0.0,0.012249275110661983,266.1688537597656,83.5207748413086,0.8717372417449951,0.0,0.0,0.18315023183822632,195.44879150390625,58.79938507080078,0.8852765560150146,0.0,0.0,0.4213009774684906,272.98968505859375,172.69900512695312,0.7569930553436279,0.0,0.0,0.48570650815963745,0.0,0.0,0.03311247006058693,0.0,0.0,0.013690751977264881,0.0,0.0,0.0005658211885020137,0.0,0.0,0.00036298742634244263
445,True,0.0,0.0,0.0004443034704308957,0.0,0.0,0.00017412113083992153,0.0,0.0,1.4940588698664214e-05,0.0,0.0,0.003252675523981452,0.0,0.0,8.353004523087293e-05,0.0,0.0,0.0774313285946846,0.0,0.0,0.013164241798222065,271.2450866699219,80.72211456298828,0.8393896818161011,0.0,0.0,0.22636985778808594,197.25054931640625,59.23793029785156,0.8774687051773071,0.0,0.0,0.49540454149246216,274.8870544433594,170.608154296875,0.760499894618988,269.4857482910156,163.88400268554688,0.5390769243240356,0.0,0.0,0.035463131964206696,0.0,0.0,0.01792815513908863,0.0,0.0,0.0006391499773599207,0.0,0.0,0.0004744341713376343
446,True,0.0,0.0,0.0004777088179253042,0.0,0.0,0.0001822915073717013,0.0,0.0,1.632577732380014e-05,0.0,0.0,0.003398181637749076,0.0,0.0,9.351723565487191e-05,0.0,0.0,0.08396341651678085,0.0,0.0,0.014814059250056744,270.8549499511719,81.00121307373047,0.8437259197235107,0.0,0.0,0.2368852198123932,197.2047576904297,59.292869567871094,0.878463864326477,200.88998413085938,59.475215911865234,0.5023639798164368,274.70477294921875,170.72076416015625,0.7622033357620239,269.81787109375,164.1514892578125,0.5433074831962585,0.0,0.0,0.03500897064805031,0.0,0.0,0.017739297822117805,0.0,0.0,0.0006195250316523015,0.0,0.0,0.00045975178363732994
447,True,0.0,0.0,0.0004883568035438657,0.0,0.0,0.00019388603686820716,0.0,0.0,1.6102650988614187e-05,0.0,0.0,0.0034698594827204943,0.0,0.0,8.202382741728798e-05,0.0,0.0,0.07673195749521255,0.0,0.0,0.013541578315198421,271.4596252441406,80.6136703491211,0.837006688117981,0.0,0.0,0.23089656233787537,197.4959259033203,59.598419189453125,0.878338634967804,201.0526580810547,60.007179260253906,0.5004735589027405,273.7216796875,172.0462188720703,0.7450470328330994,268.11700439453125,164.84649658203125,0.5230956077575684,0.0,0.0,0.030990729108452797,0.0,0.0,0.015743698924779892,0.0,0.0,0.0005669418605975807,0.0,0.0,0.00042390250018797815
448,True,0.0,0.0,0.0004527012933976948,0.0,0.0,0.00017830631986726075,0.0,0.0,1.446838905394543e-05,0.0,0.0,0.003519544843584299,0.0,0.0,8.504298602929339e-05,0.0,0.0,0.08591404557228088,0.0,0.0,0.013755031861364841,270.1944274902344,81.23896789550781,0.8501451015472412,0.0,0.0,0.22276093065738678,196.89041137695312,59.303916931152344,0.8835196495056152,0.0,0.0,0.48832711577415466,274.11346435546875,172.1533660888672,0.755165159702301,269.9862976074219,165.2178192138672,0.5234973430633545,0.0,0.0,0.03357809782028198,0.0,0.0,0.016239359974861145,0.0,0.0,0.0005914552020840347,0.0,0.0,0.0004252271319273859
449,True,0.0,0.0,0.00042734065209515393,0.0,0.0,0.00017168560589198023,0.0,0.0,1.3567406313086394e-05,0.0,0.0,0.0032786682713776827,0.0,0.0,7.284578896360472e-05,0.0,0.0,0.06881973147392273,0.0,0.0,0.011645028367638588,271.5641784667969,79.32070922851562,0.829200029373169,0.0,0.0,0.212786003947258,198.7025146484375,59.543182373046875,0.8759756088256836,0.0,0.0,0.48087480664253235,272.9057312011719,172.83026123046875,0.7336763143539429,268.4862365722656,165.07113647460938,0.5049663782119751,0.0,0.0,0.03080916404724121,0.0,0.0,0.01520646270364523,0.0,0.0,0.0005906526930630207,0.0,0.0,0.00043332736822776496
450,True,0.0,0.0,0.0004095994809176773,0.0,0.0,0.00018916523549705744,0.0,0.0,1.0054850463347975e-05,0.0,0.0,0.004442478995770216,0.0,0.0,5.721164416172542e-05,0.0,0.0,0.09121619164943695,0.0,0.0,0.010293148458003998,269.4012756347656,83.70674133300781,0.863463819026947,0.0,0.0,0.16633722186088562,197.469482421875,59.414947509765625,0.8923528790473938,0.0,0.0,0.41674572229385376,271.3684387207031,174.90933227539062,0.728862464427948,0.0,0.0,0.45136356353759766,0.0,0.0,0.03286689147353172,0.0,0.0,0.01350399199873209,0.0,0.0,0.0006237280322238803,0.0,0.0,0.00040520704351365566
451,True,0.0,0.0,0.0004145798156969249,0.0,0.0,0.0001645009033381939,0.0,0.0,1.3049470908299554e-05,0.0,0.0,0.0034283248241990805,0.0,0.0,7.975153130246326e-05,0.0,0.0,0.07609344273805618,0.0,0.0,0.012904288247227669,271.06732177734375,82.1048355102539,0.8317997455596924,0.0,0.0,0.216701477766037,198.95828247070312,61.09968185424805,0.8774704933166504,0.0,0.0,0.486141562461853,273.29547119140625,170.11903381347656,0.7481016516685486,271.25177001953125,162.85504150390625,0.522896945476532,0.0,0.0,0.03592253476381302,0.0,0.0,0.01799795962870121,0.0,0.0,0.0006435966352000833,0.0,0.0,0.0004738760180771351
452,True,0.0,0.0,0.0003547965607140213,0.0,0.0,0.00015365115541499108,0.0,0.0,1.0321157787984703e-05,0.0,0.0,0.0029381713829934597,0.0,0.0,5.204276385484263e-05,0.0,0.0,0.055995550006628036,0.0,0.0,0.008008469827473164,272.6011962890625,81.70176696777344,0.8270396590232849,0.0,0.0,0.17712582647800446,200.02186584472656,60.869815826416016,0.8868144154548645,0.0,0.0,0.46281832456588745,273.9282531738281,173.58050537109375,0.7053362131118774,0.0,0.0,0.4505627453327179,0.0,0.0,0.02891792543232441,0.0,0.0,0.013211168348789215,0.0,0.0,0.000559522130060941,0.0,0.0,0.00038822373608127236
453,True,0.0,0.0,0.00040705379797145724,0.0,0.0,0.00017092865891754627,0.0,0.0,1.2251386579009704e-05,0.0,0.0,0.0030047171749174595,0.0,0.0,5.791327930637635e-05,0.0,0.0,0.06099363788962364,0.0,0.0,0.009771746583282948,272.52545166015625,84.95773315429688,0.8309066295623779,0.0,0.0,0.21173729002475739,200.89761352539062,60.3521728515625,0.8927261233329773,207.02703857421875,55.50257110595703,0.5118574500083923,274.29571533203125,171.10556030273438,0.7324237823486328,0.0,0.0,0.4992895722389221,0.0,0.0,0.03450827673077583,0.0,0.0,0.01685911975800991,0.0,0.0,0.0006448787171393633,0.0,0.0,0.0004677906690631062
454,True,0.0,0.0,0.001237060991115868,0.0,0.0,0.000499487214256078,0.0,0.0,4.1780371248023584e-05,0.0,0.0,0.005472838878631592,0.0,0.0,0.00014381240180227906,0.0,0.0,0.07711279392242432,0.0,0.0,0.019342200830578804,271.2614440917969,81.61247253417969,0.78667151927948,0.0,0.0,0.26142221689224243,199.14736938476562,59.258338928222656,0.8720842599868774,208.3817596435547,55.15350341796875,0.5485174655914307,272.7691345214844,172.59188842773438,0.6033612489700317,0.0,0.0,0.41158702969551086,0.0,0.0,0.024936769157648087,0.0,0.0,0.014633646234869957,0.0,0.0,0.0005424685077741742,0.0,0.0,0.00045419076923280954
455,True,0.0,0.0,0.0013324001338332891,0.0,0.0,0.0005465509602800012,0.0,0.0,4.49267536168918e-05,0.0,0.0,0.005263171158730984,0.0,0.0,0.0001261188299395144,0.0,0.0,0.07094492018222809,0.0,0.0,0.018470993265509605,273.63397216796875,80.50359344482422,0.7818910479545593,0.0,0.0,0.2711539566516876,199.3485565185547,59.552574157714844,0.8758249878883362,208.61709594726562,55.32634735107422,0.5705161094665527,273.3354187011719,172.27879333496094,0.6099832653999329,0.0,0.0,0.42508238554000854,0.0,0.0,0.024980226531624794,0.0,0.0,0.015262690372765064,0.0,0.0,0.00053942616796121,0.0,0.0,0.0004667866451200098
456,True,0.0,0.0,0.00041771656833589077,0.0,0.0,0.00016495514137204736,0.0,0.0,1.2849328413722105e-05,0.0,0.0,0.00288392067886889,0.0,0.0,6.076197314541787e-05,0.0,0.0,0.05937916785478592,0.0,0.0,0.011196798644959927,273.24554443359375,87.9125747680664,0.8223621845245361,0.0,0.0,0.23388683795928955,201.77149963378906,61.1949577331543,0.8929156064987183,209.03729248046875,53.798316955566406,0.5360658764839172,273.3031311035156,172.17056274414062,0.7131956815719604,0.0,0.0,0.49221688508987427,0.0,0.0,0.03318552300333977,0.0,0.0,0.01667579635977745,0.0,0.0,0.0006478620925918221,0.0,0.0,0.0004783107142429799
457,True,0.0,0.0,0.00037279154639691114,0.0,0.0,0.0001432642457075417,0.0,0.0,1.2528872503025923e-05,0.0,0.0,0.0028913854621350765,0.0,0.0,7.931263098726049e-05,0.0,0.0,0.06599029898643494,0.0,0.0,0.012059043161571026,272.992431640625,84.04310607910156,0.8261681199073792,0.0,0.0,0.22946186363697052,201.87339782714844,61.184356689453125,0.8872050642967224,208.58677673339844,54.784690856933594,0.5262470841407776,275.2281188964844,168.49444580078125,0.7638658285140991,273.17083740234375,161.18911743164062,0.5488767623901367,0.0,0.0,0.04190773516893387,0.0,0.0,0.021594231948256493,0.0,0.0,0.0007228982867673039,0.0,0.0,0.0005383800598792732
458,True,0.0,0.0,0.00046515875146724284,0.0,0.0,0.000174719825736247,0.0,0.0,1.5684448953834362e-05,0.0,0.0,0.003168821567669511,0.0,0.0,8.359370985999703e-05,0.0,0.0,0.0687427967786789,0.0,0.0,0.015531525015830994,273.7655029296875,84.35748291015625,0.8213995099067688,0.0,0.0,0.283220112323761,201.79779052734375,61.366973876953125,0.8868529200553894,209.425048828125,52.405418395996094,0.5750345587730408,273.45428466796875,169.84765625,0.7749471664428711,269.5513610839844,161.72340393066406,0.5930745601654053,0.0,0.0,0.03990120440721512,0.0,0.0,0.022846927866339684,0.0,0.0,0.0006771967746317387,0.0,0.0,0.0005472575430758297
459,True,0.0,0.0,0.0006452610832639039,0.0,0.0,0.00024449583725072443,0.0,0.0,2.210915226896759e-05,0.0,0.0,0.003619079478085041,0.0,0.0,9.34615163714625e-05,0.0,0.0,0.07343235611915588,0.0,0.0,0.016382211819291115,276.3765563964844,84.12918853759766,0.8243669271469116,0.0,0.0,0.27526867389678955,202.48143005371094,61.22210693359375,0.8930110931396484,208.21360778808594,55.50012969970703,0.5783625245094299,275.0281677246094,170.965576171875,0.7542028427124023,270.93048095703125,162.99099731445312,0.5612460374832153,0.0,0.0,0.03819055110216141,0.0,0.0,0.02140025980770588,0.0,0.0,0.0006776677328161895,0.0,0.0,0.000540397537406534
460,True,0.0,0.0,0.0020085375290364027,0.0,0.0,0.0007858362514525652,0.0,0.0,7.095482578733936e-05,0.0,0.0,0.007614519447088242,0.0,0.0,0.0002084388252114877,0.0,0.0,0.10438233613967896,0.0,0.0,0.03117056004703045,275.9029541015625,79.1775131225586,0.809736430644989,0.0,0.0,0.3212343454360962,200.01004028320312,60.40570068359375,0.8913624882698059,208.51763916015625,56.00947570800781,0.6154299378395081,273.78857421875,170.30540466308594,0.6701842546463013,0.0,0.0,0.49490591883659363,0.0,0.0,0.032306939363479614,0.0,0.0,0.02034020982682705,0.0,0.0,0.000621508399490267,0.0,0.0,0.0005460596294142306
461,True,0.0,0.0,0.002019705716520548,0.0,0.0,0.000827293551992625,0.0,0.0,6.803677388234064e-05,0.0,0.0,0.008037551306188107,0.0,0.0,0.000195138476556167,0.0,0.0,0.10720749944448471,0.0,0.0,0.029004739597439766,275.022705078125,80.46658325195312,0.8115037679672241,0.0,0.0,0.29883962869644165,199.52047729492188,59.66252136230469,0.8889256119728088,207.70787048339844,57.57331848144531,0.5894759893417358,273.64483642578125,170.86459350585938,0.647405207157135,0.0,0.0,0.4615688621997833,0.0,0.0,0.030057121068239212,0.0,0.0,0.018085584044456482,0.0,0.0,0.0006020608125254512,0.0,0.0,0.0005139143904671073
462,True,0.0,0.0,0.002109471010044217,0.0,0.0,0.0009083425393328071,0.0,0.0,6.699410732835531e-05,0.0,0.0,0.010012270882725716,0.0,0.0,0.00020812802540604025,0.0,0.0,0.1257864087820053,0.0,0.0,0.03234873712062836,272.927490234375,79.36177062988281,0.8266444206237793,0.0,0.0,0.29743504524230957,199.28067016601562,59.07191467285156,0.8907502293586731,208.70166015625,54.474647521972656,0.5721668601036072,272.0365905761719,169.9419403076172,0.6686829924583435,0.0,0.0,0.47603923082351685,0.0,0.0,0.03390992432832718,0.0,0.0,0.019551433622837067,0.0,0.0,0.0006889461074024439,0.0,0.0,0.0005713669233955443
463,True,0.0,0.0,0.001793307950720191,0.0,0.0,0.0007587069412693381,0.0,0.0,5.6776621931931004e-05,0.0,0.0,0.009275555610656738,0.0,0.0,0.0001969578443095088,0.0,0.0,0.12021753191947937,0.0,0.0,0.03130778297781944,272.61004638671875,79.38349914550781,0.82532799243927,0.0,0.0,0.30170974135398865,199.51199340820312,58.68663024902344,0.8911884427070618,208.7758026123047,54.021728515625,0.5780667066574097,271.15802001953125,168.27540588378906,0.6716476678848267,0.0,0.0,0.4808894097805023,0.0,0.0,0.03532245755195618,0.0,0.0,0.020552730187773705,0.0,0.0,0.0007074160967022181,0.0,0.0,0.000589354254771024
464,True,0.0,0.0,0.0018577415030449629,0.0,0.0,0.0008055177167989314,0.0,0.0,5.81599488214124e-05,0.0,0.0,0.010068852454423904,0.0,0.0,0.00020540349942166358,0.0,0.0,0.12651386857032776,0.0,0.0,0.03149084001779556,271.794189453125,79.4813232421875,0.8280209898948669,0.0,0.0,0.28919151425361633,199.3704376220703,59.1378173828125,0.890044093132019,208.70907592773438,54.00434112548828,0.5614157319068909,271.07098388671875,168.44345092773438,0.6689245104789734,0.0,0.0,0.4711112082004547,0.0,0.0,0.035635992884635925,0.0,0.0,0.0201661866158247,0.0,0.0,0.0007256505778059363,0.0,0.0,0.0005924879806116223
465,True,0.0,0.0,0.0006021589506417513,0.0,0.0,0.0002616683777887374,0.0,0.0,1.8372549675405025e-05,0.0,0.0,0.004878118168562651,0.0,0.0,8.715606236364692e-05,0.0,0.0,0.08840907365083694,0.0,0.0,0.015710705891251564,274.39520263671875,83.97506713867188,0.8369479775428772,0.0,0.0,0.22711890935897827,201.6534423828125,59.812171936035156,0.886975109577179,0.0,0.0,0.49808451533317566,272.7762451171875,169.4202423095703,0.7707159519195557,270.5353698730469,160.99986267089844,0.5567964911460876,0.0,0.0,0.047620080411434174,0.0,0.0,0.02358017861843109,0.0,0.0,0.0009166538948193192,0.0,0.0,0.0006692831520922482
466,True,0.0,0.0,0.000693421985488385,0.0,0.0,0.00030227951356209815,0.0,0.0,2.08328365260968e-05,0.0,0.0,0.005362967494875193,0.0,0.0,9.108937229029834e-05,0.0,0.0,0.09462699294090271,0.0,0.0,0.017284756526350975,275.3804626464844,84.01863098144531,0.8393444418907166,0.0,0.0,0.23409026861190796,201.54859924316406,59.57257843017578,0.8895883560180664,207.26077270507812,56.81153869628906,0.5074222087860107,273.1522216796875,169.79116821289062,0.7691918611526489,271.0931091308594,161.37393188476562,0.5579538941383362,0.0,0.0,0.049006544053554535,0.0,0.0,0.02455163560807705,0.0,0.0,0.0009453411330468953,0.0,0.0,0.0006975646247155964
467,True,0.0,0.0,0.0007717214757576585,0.0,0.0,0.0003389067423995584,0.0,0.0,2.243498784082476e-05,0.0,0.0,0.0055916509591042995,0.0,0.0,8.709234680281952e-05,0.0,0.0,0.09981252253055573,0.0,0.0,0.018137216567993164,275.4143371582031,85.3795166015625,0.8442259430885315,0.0,0.0,0.24086067080497742,201.10342407226562,59.651832580566406,0.8922877907752991,207.10414123535156,56.782562255859375,0.5139032006263733,273.3102111816406,170.71817016601562,0.765674889087677,270.1477355957031,162.114990234375,0.5548084378242493,0.0,0.0,0.04768220707774162,0.0,0.0,0.02391178533434868,0.0,0.0,0.0009354700450785458,0.0,0.0,0.0006931263487786055
468,True,0.0,0.0,0.0009414944797754288,0.0,0.0,0.0004045478126499802,0.0,0.0,2.71918634098256e-05,0.0,0.0,0.005698923487216234,0.0,0.0,8.745152445044369e-05,0.0,0.0,0.09674736857414246,0.0,0.0,0.019336674362421036,276.8773193359375,86.672119140625,0.8409088253974915,0.0,0.0,0.2627027630805969,201.6313018798828,59.81251525878906,0.8982974886894226,208.41384887695312,54.196929931640625,0.5516269207000732,274.0673828125,172.6271514892578,0.7413186430931091,270.9666748046875,163.51585388183594,0.5359850525856018,0.0,0.0,0.042509984225034714,0.0,0.0,0.022223712876439095,0.0,0.0,0.0008559765410609543,0.0,0.0,0.0006585763185285032
469,True,0.0,0.0,0.000777961453422904,0.0,0.0,0.0003270319721195847,0.0,0.0,2.3169550331658684e-05,0.0,0.0,0.005312494933605194,0.0,0.0,9.414886153535917e-05,0.0,0.0,0.10348573327064514,0.0,0.0,0.01842385157942772,275.5486145019531,84.93383026123047,0.8540630340576172,0.0,0.0,0.24989785254001617,201.254638671875,59.552703857421875,0.9009588360786438,207.9884033203125,54.638206481933594,0.5350908637046814,273.943115234375,170.38055419921875,0.7694907188415527,272.18572998046875,161.9901885986328,0.5550605654716492,0.0,0.0,0.04844119772315025,0.0,0.0,0.024060677736997604,0.0,0.0,0.0008989074849523604,0.0,0.0,0.0006604515365324914
470,True,0.0,0.0,0.0019537562038749456,0.0,0.0,0.0009073936962522566,0.0,0.0,5.577892079600133e-05,0.0,0.0,0.009862691164016724,0.0,0.0,0.00015203823568299413,0.0,0.0,0.11249727010726929,0.0,0.0,0.025460675358772278,274.1048278808594,80.80074310302734,0.8270442485809326,0.0,0.0,0.26558223366737366,199.6805419921875,58.39018249511719,0.8967512249946594,208.98426818847656,54.85809326171875,0.5545923113822937,272.57470703125,170.84205627441406,0.6532631516456604,0.0,0.0,0.44728344678878784,0.0,0.0,0.03559805080294609,0.0,0.0,0.01935211569070816,0.0,0.0,0.0007459443877451122,0.0,0.0,0.0005965806194581091
471,True,0.0,0.0,0.0005934049841016531,0.0,0.0,0.0002623906184453517,0.0,0.0,1.6550478903809562e-05,0.0,0.0,0.005324929021298885,0.0,0.0,8.23165028123185e-05,0.0,0.0,0.09623513370752335,0.0,0.0,0.016411304473876953,272.82440185546875,83.11026000976562,0.8511641025543213,0.0,0.0,0.23338018357753754,200.8878173828125,60.261871337890625,0.8971024751663208,209.2076416015625,52.89427185058594,0.5107216835021973,273.01336669921875,169.5764617919922,0.7787573337554932,273.27423095703125,161.07192993164062,0.5627576112747192,0.0,0.0,0.05039594694972038,0.0,0.0,0.024358706548810005,0.0,0.0,0.0009182713693007827,0.0,0.0,0.0006619159830734134
472,True,0.0,0.0,0.0007833272102288902,0.0,0.0,0.00032698770519346,0.0,0.0,2.4020395358093083e-05,0.0,0.0,0.005032473709434271,0.0,0.0,8.928673196351156e-05,0.0,0.0,0.09021800756454468,0.0,0.0,0.02002042718231678,273.4495849609375,84.27401733398438,0.8398832678794861,0.0,0.0,0.29035717248916626,200.82305908203125,59.937774658203125,0.8963977694511414,209.68045043945312,52.22523498535156,0.574988067150116,274.15252685546875,170.31597900390625,0.7735146880149841,269.74444580078125,162.087890625,0.5890854597091675,0.0,0.0,0.044820915907621384,0.0,0.0,0.024421682581305504,0.0,0.0,0.0008180150180123746,0.0,0.0,0.0006421219441108406
473,True,0.0,0.0,0.000768258876632899,0.0,0.0,0.00033162999898195267,0.0,0.0,2.2492058633361012e-05,0.0,0.0,0.005461796652525663,0.0,0.0,8.672983676660806e-05,0.0,0.0,0.087163046002388,0.0,0.0,0.019789433106780052,273.255126953125,84.2479476928711,0.833973228931427,0.0,0.0,0.2876843512058258,200.9595184326172,60.93400573730469,0.8940489888191223,211.3860626220703,50.77692413330078,0.5674524307250977,272.7808837890625,171.20225524902344,0.7611677646636963,269.84478759765625,162.22756958007812,0.5764657855033875,0.0,0.0,0.041220150887966156,0.0,0.0,0.022528987377882004,0.0,0.0,0.0007691038772463799,0.0,0.0,0.0006080506718717515
474,True,0.0,0.0,0.0007663898868486285,0.0,0.0,0.000345050502801314,0.0,0.0,2.1865735106985085e-05,0.0,0.0,0.00597032718360424,0.0,0.0,8.474370406474918e-05,0.0,0.0,0.089826799929142,0.0,0.0,0.019568337127566338,272.64337158203125,84.81137084960938,0.8354310393333435,0.0,0.0,0.2741015553474426,200.5274200439453,60.95357894897461,0.8942574262619019,211.10394287109375,50.868408203125,0.5517191886901855,272.36395263671875,170.10487365722656,0.7587955594062805,270.13433837890625,160.82931518554688,0.567395031452179,0.0,0.0,0.044114693999290466,0.0,0.0,0.023254599422216415,0.0,0.0,0.0008530115010216832,0.0,0.0,0.0006572410929948092
475,True,0.0,0.0,0.0007205393048934639,0.0,0.0,0.00032901435042731464,0.0,0.0,1.987157156690955e-05,0.0,0.0,0.006069045048207045,0.0,0.0,8.309150871355087e-05,0.0,0.0,0.09428663551807404,0.0,0.0,0.01828826777637005,273.2856140136719,85.4222412109375,0.8410015106201172,0.0,0.0,0.25684142112731934,200.39859008789062,61.01344680786133,0.8975912928581238,211.54942321777344,50.57752990722656,0.5379835963249207,271.52197265625,169.55657958984375,0.7633488178253174,270.78009033203125,159.8958282470703,0.5613920092582703,0.0,0.0,0.048462942242622375,0.0,0.0,0.024807479232549667,0.0,0.0,0.0009335049544461071,0.0,0.0,0.0007041730568744242
476,True,0.0,0.0,0.0007071711006574333,0.0,0.0,0.00033470080234110355,0.0,0.0,1.8538961739977822e-05,0.0,0.0,0.006307230331003666,0.0,0.0,7.757427374599501e-05,0.0,0.0,0.09825320541858673,0.0,0.0,0.016692709177732468,272.6111145019531,84.90924072265625,0.8505330085754395,0.0,0.0,0.2384519726037979,200.24746704101562,60.80815124511719,0.9009281992912292,211.18104553222656,50.068016052246094,0.5196301937103271,271.94427490234375,170.80152893066406,0.7618089318275452,271.41650390625,161.41783142089844,0.5440576076507568,0.0,0.0,0.04527924209833145,0.0,0.0,0.022074706852436066,0.0,0.0,0.0008374417666345835,0.0,0.0,0.0006125154905021191
477,True,0.0,0.0,0.0007505900575779378,0.0,0.0,0.00034474633866921067,0.0,0.0,2.075939846690744e-05,0.0,0.0,0.005915923975408077,0.0,0.0,8.091753988992423e-05,0.0,0.0,0.0937768742442131,0.0,0.0,0.016807522624731064,273.1883850097656,85.71548461914062,0.8447058200836182,0.0,0.0,0.24313092231750488,200.38233947753906,60.59210968017578,0.8988595604896545,210.7498016357422,51.19752502441406,0.5263195037841797,272.5570068359375,171.50296020507812,0.7527316808700562,270.9391174316406,162.17771911621094,0.5376651287078857,0.0,0.0,0.04349691420793533,0.0,0.0,0.021534821018576622,0.0,0.0,0.0008204749319702387,0.0,0.0,0.000605667766649276
478,True,0.0,0.0,0.0007105948170647025,0.0,0.0,0.00030942968442104757,0.0,0.0,2.002413930313196e-05,0.0,0.0,0.005591393914073706,0.0,0.0,8.429759327555075e-05,0.0,0.0,0.0964806005358696,0.0,0.0,0.020095933228731155,271.48779296875,84.90861511230469,0.8482825756072998,0.0,0.0,0.2889975905418396,200.4127960205078,60.48067855834961,0.9007517099380493,209.50372314453125,51.65100860595703,0.5715880393981934,272.12396240234375,171.1603240966797,0.7713015675544739,269.863525390625,162.35183715820312,0.5800144076347351,0.0,0.0,0.04376837611198425,0.0,0.0,0.023179639130830765,0.0,0.0,0.0007750032236799598,0.0,0.0,0.0005983818555250764
479,True,0.0,0.0,0.00056180584942922,0.0,0.0,0.00024001984274946153,0.0,0.0,1.5159028407651931e-05,0.0,0.0,0.004924143198877573,0.0,0.0,7.50414765207097e-05,0.0,0.0,0.08870389312505722,0.0,0.0,0.020151052623987198,269.8491516113281,86.75782012939453,0.8389958143234253,0.0,0.0,0.30695945024490356,199.7656707763672,60.45502471923828,0.8964661955833435,212.53900146484375,48.42578887939453,0.5894649624824524,272.5115661621094,170.07081604003906,0.7802726030349731,271.5107727050781,161.1697998046875,0.6064530611038208,0.0,0.0,0.048100393265485764,0.0,0.0,0.027277899906039238,0.0,0.0,0.0008441735990345478,0.0,0.0,0.0006834613159298897
480,True,0.0,0.0,0.0005737385945394635,0.0,0.0,0.00024111117818392813,0.0,0.0,1.5316434655687772e-05,0.0,0.0,0.004854633938521147,0.0,0.0,7.369239028776065e-05,0.0,0.0,0.09259174019098282,0.0,0.0,0.019750185310840607,269.15380859375,88.0989990234375,0.8456185460090637,0.0,0.0,0.302434504032135,200.34979248046875,61.1642951965332,0.8996989727020264,212.92227172851562,47.437171936035156,0.5861489176750183,271.8620300292969,171.54150390625,0.7748472690582275,271.1292724609375,162.66900634765625,0.5918769240379333,0.0,0.0,0.044346559792757034,0.0,0.0,0.024453287944197655,0.0,0.0,0.0007676734239794314,0.0,0.0,0.0006100179743953049
481,True,0.0,0.0,0.0016257928218692541,0.0,0.0,0.0007138936198316514,0.0,0.0,4.7497938794549555e-05,0.0,0.0,0.008575680665671825,0.0,0.0,0.00014974041550885886,0.0,0.0,0.09826727211475372,0.0,0.0,0.02826269343495369,268.7333984375,82.99638366699219,0.8080381751060486,0.0,0.0,0.3287997543811798,198.89474487304688,58.89075469970703,0.8896085023880005,211.13145446777344,44.01466369628906,0.6113811731338501,271.6013488769531,168.42669677734375,0.6478764414787292,0.0,0.0,0.47847968339920044,0.0,0.0,0.033633168786764145,0.0,0.0,0.0209162849932909,0.0,0.0,0.0006715033669024706,0.0,0.0,0.000593318953178823
482,True,0.0,0.0,0.0006807012832723558,0.0,0.0,0.0002966446918435395,0.0,0.0,1.780320417310577e-05,0.0,0.0,0.004240981303155422,0.0,0.0,5.531394708668813e-05,0.0,0.0,0.07048966735601425,0.0,0.0,0.016193654388189316,272.9734191894531,92.20515441894531,0.8312617540359497,0.0,0.0,0.31024596095085144,202.8307647705078,62.70091247558594,0.9066742062568665,214.0394744873047,48.552757263183594,0.6188797354698181,274.6295166015625,173.34515380859375,0.7307412624359131,269.63226318359375,163.54844665527344,0.5488099455833435,0.0,0.0,0.03753972798585892,0.0,0.0,0.021116141229867935,0.0,0.0,0.0007232562638819218,0.0,0.0,0.0005870621534995735
483,True,0.0,0.0,0.0009280293597839773,0.0,0.0,0.00042594928527250886,0.0,0.0,2.4348186343559064e-05,0.0,0.0,0.004529736470431089,0.0,0.0,4.966838241671212e-05,0.0,0.0,0.058395739644765854,0.0,0.0,0.015348591841757298,276.0480041503906,90.29930877685547,0.8160244226455688,0.0,0.0,0.3374931812286377,204.0458984375,63.83173751831055,0.9106095433235168,214.13290405273438,47.618614196777344,0.6611568927764893,274.1410827636719,173.54843139648438,0.7158149480819702,266.06378173828125,163.111572265625,0.5519300103187561,0.0,0.0,0.031514041125774384,0.0,0.0,0.019252842292189598,0.0,0.0,0.000616394099779427,0.0,0.0,0.0005368704441934824
484,True,0.0,0.0,0.0018940081354230642,0.0,0.0,0.0007609602762386203,0.0,0.0,5.467492519528605e-05,0.0,0.0,0.00625563645735383,0.0,0.0,0.00010621696128509939,0.0,0.0,0.06730406731367111,0.0,0.0,0.029120761901140213,274.9873352050781,86.17140197753906,0.7843605875968933,0.0,0.0,0.4352574944496155,201.30364990234375,62.71025848388672,0.9062880873680115,213.3245391845703,41.1927490234375,0.7334705591201782,273.0274353027344,175.91030883789062,0.5971733927726746,0.0,0.0,0.47868260741233826,0.0,0.0,0.0222505871206522,0.0,0.0,0.01682211458683014,0.0,0.0,0.0004544874536804855,0.0,0.0,0.0004656673700083047
485,True,0.0,0.0,0.0016990132862702012,0.0,0.0,0.0006923001492395997,0.0,0.0,4.937911580782384e-05,0.0,0.0,0.0066406033001840115,0.0,0.0,0.00011437818466220051,0.0,0.0,0.07869003713130951,0.0,0.0,0.03136224299669266,273.0169677734375,85.45172119140625,0.8054588437080383,0.0,0.0,0.445202499628067,201.2721710205078,61.52024841308594,0.9072774052619934,213.75013732910156,39.158226013183594,0.7249556183815002,271.4380187988281,173.0944366455078,0.6557162404060364,263.28656005859375,162.9628448486328,0.5311552882194519,0.0,0.0,0.0280726607888937,0.0,0.0,0.02052098698914051,0.0,0.0,0.0005565475439652801,0.0,0.0,0.0005559918936342001
486,True,0.0,0.0,0.0017606967594474554,0.0,0.0,0.0007077873451635242,0.0,0.0,5.230271926848218e-05,0.0,0.0,0.007632470224052668,0.0,0.0,0.00014235160779207945,0.0,0.0,0.10345785319805145,0.0,0.0,0.036425668746232986,271.5506286621094,83.98391723632812,0.8330898284912109,0.0,0.0,0.43730220198631287,200.4825439453125,61.13252258300781,0.9109597206115723,212.30508422851562,39.85991668701172,0.7079306244850159,270.7491149902344,172.3316650390625,0.6985057592391968,264.2889709472656,163.26321411132812,0.5569971203804016,0.0,0.0,0.03177224099636078,0.0,0.0,0.02176625095307827,0.0,0.0,0.0005703747156076133,0.0,0.0,0.0005409437580965459
487,True,0.0,0.0,0.0016338448040187359,0.0,0.0,0.0006466807681135833,0.0,0.0,4.857032035943121e-05,0.0,0.0,0.007265144027769566,0.0,0.0,0.00013984166434966028,0.0,0.0,0.10014338046312332,0.0,0.0,0.035443611443042755,271.0450134277344,82.36935424804688,0.8339350819587708,0.0,0.0,0.43664976954460144,199.67742919921875,60.73743438720703,0.9101359248161316,212.4102020263672,40.76184844970703,0.703865110874176,270.32733154296875,172.9990234375,0.6923054456710815,263.83856201171875,163.8306884765625,0.5502030849456787,0.0,0.0,0.02944938838481903,0.0,0.0,0.019930580630898476,0.0,0.0,0.0005363643285818398,0.0,0.0,0.000503860239405185
488,True,0.0,0.0,0.001556859235279262,0.0,0.0,0.0006159365875646472,0.0,0.0,4.6404515160247684e-05,0.0,0.0,0.007021443918347359,0.0,0.0,0.00013688707258552313,0.0,0.0,0.09699194878339767,0.0,0.0,0.034041937440633774,270.8753356933594,82.31896209716797,0.830295741558075,0.0,0.0,0.43001389503479004,199.74288940429688,60.60951232910156,0.9078565239906311,212.6589813232422,40.40252685546875,0.6984239220619202,270.33880615234375,172.9174041748047,0.688395619392395,263.89691162109375,163.6829833984375,0.5457618236541748,0.0,0.0,0.029234759509563446,0.0,0.0,0.019805777817964554,0.0,0.0,0.0005378040950745344,0.0,0.0,0.0005055175279267132
489,True,0.0,0.0,0.000700591946952045,0.0,0.0,0.0002860320673789829,0.0,0.0,2.0378280169097707e-05,0.0,0.0,0.004479187540709972,0.0,0.0,7.628725143149495e-05,0.0,0.0,0.0822310522198677,0.0,0.0,0.021998457610607147,270.6592712402344,87.97122955322266,0.8336599469184875,0.0,0.0,0.36071351170539856,201.64996337890625,61.83793640136719,0.8972848057746887,212.583984375,45.90315246582031,0.6347997784614563,272.23223876953125,171.39910888671875,0.7754251956939697,266.6019287109375,161.93260192871094,0.6227151155471802,0.0,0.0,0.03884413093328476,0.0,0.0,0.023616846650838852,0.0,0.0,0.000684283790178597,0.0,0.0,0.0005847165011800826
490,True,0.0,0.0,0.00182430655695498,0.0,0.0,0.0007417005836032331,0.0,0.0,5.3461444622371346e-05,0.0,0.0,0.008146787993609905,0.0,0.0,0.00014750166155863553,0.0,0.0,0.10775230079889297,0.0,0.0,0.03877357020974159,271.9623718261719,83.65337371826172,0.8300689458847046,0.0,0.0,0.4282829165458679,199.89004516601562,59.28083801269531,0.9053227305412292,211.82443237304688,42.11211395263672,0.6881895065307617,271.1667175292969,173.420654296875,0.6814051270484924,264.11572265625,163.87083435058594,0.5394684076309204,0.0,0.0,0.03038877807557583,0.0,0.0,0.02028120681643486,0.0,0.0,0.000582992797717452,0.0,0.0,0.0005428605945780873
491,True,0.0,0.0,0.0008720005862414837,0.0,0.0,0.00034890350070782006,0.0,0.0,2.6046549464808777e-05,0.0,0.0,0.00455316249281168,0.0,0.0,7.977875793585554e-05,0.0,0.0,0.08215073496103287,0.0,0.0,0.023594031110405922,274.0203552246094,89.94962310791016,0.8280631303787231,0.0,0.0,0.3689398169517517,203.03704833984375,61.765933990478516,0.8961735963821411,211.29798889160156,48.77067565917969,0.6404727101325989,273.1918029785156,174.0086669921875,0.7511002421379089,265.8754577636719,164.49627685546875,0.598649799823761,0.0,0.0,0.03435167297720909,0.0,0.0,0.021205605939030647,0.0,0.0,0.0006354298093356192,0.0,0.0,0.00054925587028265
492,True,0.0,0.0,0.0018933826358988881,0.0,0.0,0.0007717817206867039,0.0,0.0,5.436681749415584e-05,0.0,0.0,0.008268176577985287,0.0,0.0,0.0001436590391676873,0.0,0.0,0.10746455192565918,0.0,0.0,0.038691990077495575,272.72900390625,85.57958221435547,0.8267515301704407,0.0,0.0,0.41980573534965515,200.45652770996094,59.40386199951172,0.9053126573562622,211.0240936279297,45.246673583984375,0.6836448311805725,271.09686279296875,175.40252685546875,0.6510368585586548,264.4229431152344,165.6617431640625,0.5057638883590698,0.0,0.0,0.027746662497520447,0.0,0.0,0.018276013433933258,0.0,0.0,0.000554596190340817,0.0,0.0,0.0005114699597470462
493,True,0.0,0.0,0.0015974909765645862,0.0,0.0,0.0006479541189037263,0.0,0.0,4.867427560384385e-05,0.0,0.0,0.007683298550546169,0.0,0.0,0.00015424008597619832,0.0,0.0,0.09319928288459778,0.0,0.0,0.03587401658296585,270.6012268066406,84.39947509765625,0.7954683303833008,0.0,0.0,0.4063310921192169,199.9995880126953,58.747703552246094,0.8843650817871094,211.58615112304688,44.023712158203125,0.6604610681533813,269.7202453613281,171.047119140625,0.6423193216323853,264.1287841796875,160.9866943359375,0.5096387267112732,0.0,0.0,0.028416410088539124,0.0,0.0,0.01978331431746483,0.0,0.0,0.0005883953417651355,0.0,0.0,0.0005637298454530537
494,True,0.0,0.0,0.0009674789034761488,0.0,0.0,0.0003932428953703493,0.0,0.0,3.087322329520248e-05,0.0,0.0,0.004947363864630461,0.0,0.0,9.229976421920583e-05,0.0,0.0,0.07750330120325089,0.0,0.0,0.022603606805205345,274.58563232421875,88.55967712402344,0.809901773929596,0.0,0.0,0.337474524974823,203.31993103027344,61.846073150634766,0.8869560956954956,210.54086303710938,52.373680114746094,0.6107859015464783,272.96337890625,171.57275390625,0.731812059879303,266.8061218261719,161.84326171875,0.5743640065193176,0.0,0.0,0.03752029314637184,0.0,0.0,0.022497445344924927,0.0,0.0,0.0007663691067136824,0.0,0.0,0.0006469711079262197
495,True,0.0,0.0,0.0011319891782477498,0.0,0.0,0.0004303080204408616,0.0,0.0,4.11484252254013e-05,0.0,0.0,0.0047933561727404594,0.0,0.0,0.0001217258395627141,0.0,0.0,0.07043130695819855,0.0,0.0,0.027131961658596992,273.35296630859375,87.28059387207031,0.7628903388977051,0.0,0.0,0.36222174763679504,203.0531005859375,63.681007385253906,0.8569841980934143,207.81103515625,54.868141174316406,0.6193472743034363,274.2171325683594,171.44906616210938,0.6871305108070374,267.67755126953125,162.12489318847656,0.5580149292945862,0.0,0.0,0.03167261183261871,0.0,0.0,0.02169152908027172,0.0,0.0,0.0007191611221060157,0.0,0.0,0.0006680685328319669
496,True,0.0,0.0,0.0010731876827776432,0.0,0.0,0.0004272025835234672,0.0,0.0,3.371062848600559e-05,0.0,0.0,0.003772435477003455,0.0,0.0,7.036376337055117e-05,0.0,0.0,0.051856301724910736,0.0,0.0,0.0184429120272398,277.665283203125,92.7469253540039,0.7633556127548218,0.0,0.0,0.3449910581111908,203.7234344482422,67.25050354003906,0.8860599994659424,209.15847778320312,56.10752868652344,0.6524593234062195,276.10504150390625,174.1257781982422,0.6574214100837708,267.381103515625,162.89608764648438,0.5218247175216675,0.0,0.0,0.03578256815671921,0.0,0.0,0.02342911809682846,0.0,0.0,0.0009718681685626507,0.0,0.0,0.0008803444798104465
497,True,0.0,0.0,0.001955315237864852,0.0,0.0,0.0008266859804280102,0.0,0.0,6.335721263894811e-05,0.0,0.0,0.00428210012614727,0.0,0.0,6.720135570503771e-05,0.0,0.0,0.05333349481225014,0.0,0.0,0.018838241696357727,283.73931884765625,100.03486633300781,0.7759225964546204,0.0,0.0,0.37092524766921997,206.1097869873047,75.31681823730469,0.9137386679649353,215.737060546875,64.11050415039062,0.7149724960327148,278.9521179199219,177.3902587890625,0.6435655355453491,264.3367614746094,164.9605255126953,0.5088258981704712,0.0,0.0,0.03686148300766945,0.0,0.0,0.02402423694729805,0.0,0.0,0.001080358400940895,0.0,0.0,0.0009779363172128797
498,True,0.0,0.0,0.002391854068264365,0.0,0.0,0.0010837720474228263,0.0,0.0,8.052366320043802e-05,0.0,0.0,0.004613100551068783,0.0,0.0,7.718319102423266e-05,0.0,0.0,0.06755191832780838,0.0,0.0,0.01848185434937477,282.7353820800781,100.53314971923828,0.7918888330459595,0.0,0.0,0.30611705780029297,205.3411102294922,75.13809967041016,0.9183748960494995,216.8387908935547,64.09777069091797,0.6740687489509583,280.5584716796875,180.69720458984375,0.7059181332588196,264.57550048828125,169.26669311523438,0.5444857478141785,0.0,0.0,0.05886761471629143,0.0,0.0,0.033582620322704315,0.0,0.0,0.002102332189679146,0.0,0.0,0.0016867329832166433
499,True,0.0,0.0,0.003092786530032754,0.0,0.0,0.0015246223192662,0.0,0.0,7.405081851175055e-05,0.0,0.0,0.007759144529700279,0.0,0.0,7.32372427592054e-05,0.0,0.0,0.10352294147014618,0.0,0.0,0.0190572626888752,287.4613037109375,102.25923156738281,0.8707554340362549,0.0,0.0,0.2784334421157837,208.60824584960938,82.0953140258789,0.9548593163490295,216.25399780273438,74.06651306152344,0.6790304780006409,279.67962646484375,179.4391632080078,0.6533159613609314,0.0,0.0,0.4217616319656372,0.0,0.0,0.04087444767355919,0.0,0.0,0.017889458686113358,0.0,0.0,0.0010677578393369913,0.0,0.0,0.0007329366053454578
500,True,0.0,0.0,0.0013682811986654997,0.0,0.0,0.0005947525496594608,0.0,0.0,3.039276271010749e-05,0.0,0.0,0.004906892776489258,0.0,0.0,4.844990689889528e-05,0.0,0.0,0.0746406689286232,0.0,0.0,0.011746509931981564,283.4811706542969,116.6707763671875,0.8347770571708679,0.0,0.0,0.23264388740062714,211.6170196533203,90.15046691894531,0.9375085234642029,219.584716796875,78.12055969238281,0.6334071755409241,0.0,0.0,0.4687707722187042,0.0,0.0,0.2661011815071106,0.0,0.0,0.025041326880455017,0.0,0.0,0.011687313206493855,0.0,0.0,0.000923887244425714,0.0,0.0,0.0006520644528791308
501,True,0.0,0.0,0.0032216603867709637,0.0,0.0,0.002120436169207096,0.0,0.0,7.370988896582276e-05,0.0,0.0,0.01603204384446144,0.0,0.0,8.642568718641996e-05,0.0,0.0,0.12460292875766754,0.0,0.0,0.018797723576426506,282.5719909667969,120.42200469970703,0.8211219310760498,0.0,0.0,0.21745409071445465,214.11749267578125,93.87448120117188,0.9201240539550781,222.46046447753906,81.73371887207031,0.5811973810195923,281.34991455078125,186.4276123046875,0.5374851822853088,0.0,0.0,0.3279246985912323,0.0,0.0,0.04280528053641319,0.0,0.0,0.02128087356686592,0.0,0.0,0.0018632191931828856,0.0,0.0,0.001394225168041885
502,True,0.0,0.0,0.0028130754362791777,0.0,0.0,0.0012269949074834585,0.0,0.0,5.847951251780614e-05,0.0,0.0,0.00458418158814311,0.0,0.0,5.487315502250567e-05,0.0,0.0,0.08730591833591461,0.0,0.0,0.01281608548015356,290.83154296875,120.39957427978516,0.8634504675865173,0.0,0.0,0.24240802228450775,212.3494873046875,91.13319396972656,0.969224750995636,225.5123748779297,77.81373596191406,0.7442803382873535,0.0,0.0,0.42267853021621704,0.0,0.0,0.2157360017299652,0.0,0.0,0.02885490097105503,0.0,0.0,0.012141551822423935,0.0,0.0,0.000988244661130011,0.0,0.0,0.0006507368525490165
503,True,0.0,0.0,0.0018456269754096866,0.0,0.0,0.0007846532971598208,0.0,0.0,4.1462441004114226e-05,0.0,0.0,0.004799200687557459,0.0,0.0,5.5203763622557744e-05,0.0,0.0,0.07767973840236664,0.0,0.0,0.013719603419303894,287.0229187011719,115.53056335449219,0.8574298024177551,0.0,0.0,0.2801806926727295,212.7171630859375,94.43751525878906,0.9604789614677429,219.74183654785156,80.48417663574219,0.7373467087745667,0.0,0.0,0.4794795513153076,0.0,0.0,0.27350056171417236,0.0,0.0,0.021328816190361977,0.0,0.0,0.010001887567341328,0.0,0.0,0.0006285266717895865,0.0,0.0,0.00044903092202730477
504,True,0.0,0.0,0.0011869530426338315,0.0,0.0,0.00037533376598730683,0.0,0.0,3.5797849704977125e-05,0.0,0.0,0.0022581845987588167,0.0,0.0,5.646792851621285e-05,0.0,0.0,0.055144328624010086,0.0,0.0,0.020095031708478928,283.60223388671875,111.89067840576172,0.831244707107544,0.0,0.0,0.48087722063064575,208.7149200439453,91.45091247558594,0.9504908919334412,216.2028045654297,71.76361083984375,0.8364713191986084,281.29150390625,187.94424438476562,0.6446945071220398,270.42059326171875,175.30154418945312,0.5121234655380249,0.0,0.0,0.026188435032963753,0.0,0.0,0.017916841432452202,0.0,0.0,0.0005793513264507055,0.0,0.0,0.0005391601589508355
505,True,0.0,0.0,0.0013851895928382874,0.0,0.0,0.00042508653132244945,0.0,0.0,4.5962293370394036e-05,0.0,0.0,0.002352781593799591,0.0,0.0,7.170261960709468e-05,0.0,0.0,0.05328139290213585,0.0,0.0,0.024200694635510445,284.746337890625,111.33000183105469,0.7924644351005554,274.6423034667969,59.565765380859375,0.5034378170967102,208.6589813232422,91.26713562011719,0.9409114122390747,217.01678466796875,71.42180633544922,0.8456335663795471,281.583251953125,184.55943298339844,0.6266441941261292,271.6533508300781,171.73208618164062,0.5244515538215637,0.0,0.0,0.027617143467068672,0.0,0.0,0.021681999787688255,0.0,0.0,0.0006209189305081964,0.0,0.0,0.0006347352173179388
506,True,0.0,0.0,0.0014244411140680313,0.0,0.0,0.00047012773575261235,0.0,0.0,4.023476503789425e-05,0.0,0.0,0.002355047035962343,0.0,0.0,5.6231379858218133e-05,0.0,0.0,0.058573368936777115,0.0,0.0,0.022132940590381622,283.1670837402344,109.42932891845703,0.8410771489143372,0.0,0.0,0.47710955142974854,203.51480102539062,86.69978332519531,0.961516261100769,200.85693359375,69.59628295898438,0.8571862578392029,281.2041015625,177.11338806152344,0.6101285815238953,0.0,0.0,0.4677460491657257,0.0,0.0,0.03468474745750427,0.0,0.0,0.022367732599377632,0.0,0.0,0.0007437319145537913,0.0,0.0,0.0006624053348787129
507,True,0.0,0.0,0.0010992923052981496,0.0,0.0,0.00024177413433790207,0.0,0.0,2.9528442610171624e-05,0.0,0.0,0.0008925777510739863,0.0,0.0,4.86613716930151e-05,0.0,0.0,0.0374002568423748,0.0,0.0,0.0300961472094059,285.663818359375,105.48845672607422,0.8432101607322693,234.94236755371094,54.998382568359375,0.6942999958992004,207.11058044433594,90.6668701171875,0.9739876389503479,154.13015747070312,64.92465209960938,0.9444109797477722,280.7007751464844,177.69589233398438,0.6207195520401001,266.0096435546875,165.66641235351562,0.5635889768600464,0.0,0.0,0.027524098753929138,0.0,0.0,0.022444363683462143,0.0,0.0,0.0004345159395597875,0.0,0.0,0.00045942413271404803
508,True,0.0,0.0,0.0010950904106721282,0.0,0.0,0.0002289061521878466,0.0,0.0,2.7834743377752602e-05,0.0,0.0,0.0009719404624775052,0.0,0.0,5.3120038501219824e-05,0.0,0.0,0.0376616008579731,0.0,0.0,0.042301442474126816,276.6149597167969,102.141845703125,0.8316015005111694,225.21636962890625,37.843994140625,0.7396398782730103,213.10789489746094,95.0051040649414,0.975064754486084,136.49990844726562,65.79000854492188,0.9563126564025879,279.1195373535156,176.60723876953125,0.6365600824356079,267.8815612792969,163.58335876464844,0.6118806004524231,0.0,0.0,0.03140857815742493,0.0,0.0,0.027714623138308525,0.0,0.0,0.0005473392084240913,0.0,0.0,0.0006086520152166486
509,True,0.0,0.0,0.0015132582047954202,0.0,0.0,0.0002716926101129502,0.0,0.0,3.962702612625435e-05,0.0,0.0,0.0008117344113998115,0.0,0.0,5.850399611517787e-05,0.0,0.0,0.03618847578763962,0.0,0.0,0.06551708281040192,279.7669982910156,105.73380279541016,0.8399902582168579,208.057861328125,35.539283752441406,0.846214771270752,215.62344360351562,98.35074615478516,0.9795892834663391,112.85680389404297,69.49884033203125,0.9767184853553772,286.354736328125,184.41650390625,0.5914376378059387,267.8719177246094,171.87713623046875,0.623382031917572,0.0,0.0,0.01242135837674141,0.0,0.0,0.013239480555057526,0.0,0.0,0.00015286143752746284,0.0,0.0,0.00019541106303222477
510,True,0.0,0.0,0.012423130683600903,0.0,0.0,0.0015162554336711764,0.0,0.0,0.0008956608944572508,0.0,0.0,0.00103528902400285,0.0,0.0,0.001018494600430131,0.0,0.0,0.05278170853853226,0.0,0.0,0.249120831489563,265.54962158203125,89.8453369140625,0.6076056957244873,187.66879272460938,43.638458251953125,0.8993187546730042,225.77552795410156,103.38555908203125,0.8952770233154297,95.99839782714844,81.5702133178711,0.9698724150657654,280.6164245605469,181.09849548339844,0.604243278503418,257.3295593261719,172.11080932617188,0.7673520445823669,0.0,0.0,0.021660247817635536,0.0,0.0,0.04322214424610138,0.0,0.0,0.000485966942505911,0.0,0.0,0.000965989544056356
511,True,0.0,0.0,0.017816726118326187,0.0,0.0,0.002234500600025058,0.0,0.0,0.0013249908806756139,0.0,0.0,0.0011782028013840318,0.0,0.0,0.0012040546862408519,0.0,0.0,0.06299041956663132,0.0,0.0,0.28333327174186707,273.6097106933594,90.62770080566406,0.611788809299469,185.33241271972656,43.83820343017578,0.902286171913147,233.61517333984375,105.81257629394531,0.8918034434318542,90.61239624023438,85.002685546875,0.9701226353645325,284.7469787597656,180.79212951660156,0.6614788770675659,258.39898681640625,172.2442626953125,0.8096233606338501,0.0,0.0,0.024945462122559547,0.0,0.0,0.05188068747520447,0.0,0.0,0.0004968489520251751,0.0,0.0,0.001023602089844644
512,True,0.0,0.0,0.027055151760578156,0.0,0.0,0.003500208957120776,0.0,0.0,0.0027607660740613937,0.0,0.0,0.0012188201071694493,0.0,0.0,0.0020966290030628443,0.0,0.0,0.04975090175867081,0.0,0.0,0.36255350708961487,0.0,0.0,0.44933509826660156,170.81825256347656,41.27293395996094,0.9161330461502075,245.76377868652344,108.68041229248047,0.7986882925033569,78.0005874633789,97.42385864257812,0.9688474535942078,293.8653869628906,171.0260009765625,0.6771431565284729,261.96234130859375,163.49383544921875,0.8632287979125977,0.0,0.0,0.034583207219839096,0.0,0.0,0.09134252369403839,0.0,0.0,0.0008377371123060584,0.0,0.0,0.0021026493050158024
513,True,0.0,0.0,0.025075748562812805,0.0,0.0,0.002928512403741479,0.0,0.0,0.0023263655602931976,0.0,0.0,0.0009735177736729383,0.0,0.0,0.001636250177398324,0.0,0.0,0.050322383642196655,0.0,0.0,0.3669877052307129,0.0,0.0,0.47521838545799255,170.35574340820312,44.510467529296875,0.9283825159072876,246.65853881835938,111.43907165527344,0.8256420493125916,78.46729278564453,99.34107971191406,0.9738086462020874,289.2303466796875,181.02786254882812,0.6586185097694397,256.13262939453125,171.79835510253906,0.855101466178894,0.0,0.0,0.02475830540060997,0.0,0.0,0.06916686147451401,0.0,0.0,0.0005331084248609841,0.0,0.0,0.0013725621392950416
514,True,0.0,0.0,0.024118315428495407,0.0,0.0,0.0029097257647663355,0.0,0.0,0.00187532021664083,0.0,0.0,0.0009679592913016677,0.0,0.0,0.0012493993854150176,0.0,0.0,0.05958649516105652,0.0,0.0,0.36892080307006836,286.5665588378906,98.90809631347656,0.5764210820198059,166.88784790039062,43.33216094970703,0.9366422295570374,248.49351501464844,114.96244049072266,0.8892123699188232,74.508544921875,101.81430053710938,0.9806392788887024,294.13079833984375,181.79013061523438,0.6811283230781555,258.62359619140625,171.78369140625,0.8577950596809387,0.0,0.0,0.02786986157298088,0.0,0.0,0.0694328024983406,0.0,0.0,0.0005679207970388234,0.0,0.0,0.0013482696376740932
515,True,0.0,0.0,0.0320291668176651,0.0,0.0,0.004138493444770575,0.0,0.0,0.0023625968024134636,0.0,0.0,0.0013358689611777663,0.0,0.0,0.0013660554541274905,0.0,0.0,0.07770653069019318,0.0,0.0,0.40914386510849,289.1167297363281,103.3147201538086,0.6051394939422607,165.76666259765625,45.72632598876953,0.9348925948143005,248.78289794921875,116.22518920898438,0.8945414423942566,74.19955444335938,103.90742492675781,0.9790570735931396,290.4617614746094,185.88404846191406,0.6951659917831421,254.55149841308594,174.9871826171875,0.858612060546875,0.0,0.0,0.027505211532115936,0.0,0.0,0.06600040942430496,0.0,0.0,0.0005477159866131842,0.0,0.0,0.0012708064168691635
516,True,0.0,0.0,0.027296055108308792,0.0,0.0,0.0037117255851626396,0.0,0.0,0.0018900081049650908,0.0,0.0,0.0013040159828960896,0.0,0.0,0.0010465073864907026,0.0,0.0,0.07113281637430191,0.0,0.0,0.363776832818985,292.302490234375,103.86711120605469,0.6072388887405396,166.11863708496094,44.920982360839844,0.9280194044113159,251.21435546875,118.3460693359375,0.9055780172348022,72.96894073486328,104.36883544921875,0.9786524176597595,285.7444763183594,185.42465209960938,0.7011528015136719,249.98036193847656,173.68246459960938,0.8569627404212952,0.0,0.0,0.03767849877476692,0.0,0.0,0.08429019153118134,0.0,0.0,0.0008084579603746533,0.0,0.0,0.0017776950262486935
517,True,0.0,0.0,0.03586803004145622,0.0,0.0,0.006063755135983229,0.0,0.0,0.002334682736545801,0.0,0.0,0.001962379552423954,0.0,0.0,0.0009610223933123052,0.0,0.0,0.05920310318470001,0.0,0.0,0.3865422308444977,0.0,0.0,0.4858557879924774,163.94332885742188,44.25212097167969,0.9214481711387634,250.927978515625,116.484375,0.880558967590332,74.2355728149414,105.0443115234375,0.976671576499939,287.73370361328125,182.18502807617188,0.5866283178329468,251.90122985839844,167.6269989013672,0.8177061080932617,0.0,0.0,0.0567111112177372,0.0,0.0,0.13001108169555664,0.0,0.0,0.002019219333305955,0.0,0.0,0.004625729285180569
518,True,0.0,0.0,0.029312705621123314,0.0,0.0,0.004180524498224258,0.0,0.0,0.0019096105825155973,0.0,0.0,0.0012526481878012419,0.0,0.0,0.0008365943212993443,0.0,0.0,0.03331217169761658,0.0,0.0,0.2967284619808197,0.0,0.0,0.3889908194541931,175.76416015625,40.85565185546875,0.9103139042854309,251.42457580566406,120.17091369628906,0.8289452791213989,71.32286071777344,100.49116516113281,0.9729325771331787,0.0,0.0,0.4524773061275482,258.0455017089844,177.06915283203125,0.7403088212013245,0.0,0.0,0.017971711233258247,0.0,0.0,0.050866950303316116,0.0,0.0,0.000548032985534519,0.0,0.0,0.001414432772435248
519,True,0.0,0.0,0.03885233774781227,0.0,0.0,0.006172030232846737,0.0,0.0,0.002135327784344554,0.0,0.0,0.0017565563321113586,0.0,0.0,0.0007716288673691452,0.0,0.0,0.03687123581767082,0.0,0.0,0.34409433603286743,0.0,0.0,0.38028231263160706,176.22055053710938,39.50639343261719,0.9149661064147949,249.46697998046875,119.80455780029297,0.8325908184051514,70.96651458740234,98.37370300292969,0.974760890007019,0.0,0.0,0.46633315086364746,264.73370361328125,172.81729125976562,0.7643045783042908,0.0,0.0,0.03100506030023098,0.0,0.0,0.08659996092319489,0.0,0.0,0.001105857896618545,0.0,0.0,0.0029283701442182064
520,True,0.0,0.0,0.04686902463436127,0.0,0.0,0.008643588982522488,0.0,0.0,0.0026060938835144043,0.0,0.0,0.0056205131113529205,0.0,0.0,0.0016998102655634284,0.0,0.0,0.09595567733049393,253.87144470214844,0.0,0.5676126480102539,0.0,0.0,0.4799022674560547,183.8461151123047,48.49987030029297,0.9350447654724121,238.49269104003906,115.4666748046875,0.8354688882827759,84.1681137084961,85.6500244140625,0.9704919457435608,280.32489013671875,185.20326232910156,0.54752516746521,263.30426025390625,170.44883728027344,0.8090149164199829,0.0,0.0,0.06029752269387245,0.0,0.0,0.14462999999523163,0.0,0.0,0.0025877428706735373,0.0,0.0,0.006298497784882784
521,True,0.0,0.0,0.0046685668639838696,0.0,0.0,0.0009180990164168179,0.0,0.0,0.00010508760169614106,0.0,0.0,0.001487929723225534,0.0,0.0,8.408258872805163e-05,0.0,0.0,0.07234472781419754,0.0,0.0,0.062385812401771545,292.1418151855469,124.82095336914062,0.8823946118354797,212.1799774169922,41.5382080078125,0.7746709585189819,229.43984985351562,116.6420669555664,0.9833804368972778,108.98519134521484,68.65382385253906,0.9662981033325195,0.0,0.0,0.3526209890842438,0.0,0.0,0.32139328122138977,0.0,0.0,0.005887763574719429,0.0,0.0,0.004689285531640053,0.0,0.0,8.755624730838463e-05,0.0,0.0,9.126316581387073e-05
522,True,0.0,0.0,0.004194351378828287,0.0,0.0,0.0007701566792093217,0.0,0.0,0.00010367877257522196,0.0,0.0,0.001159034320153296,0.0,0.0,8.539420377928764e-05,0.0,0.0,0.06392638385295868,0.0,0.0,0.0620226189494133,294.9258117675781,121.05645751953125,0.8827258944511414,211.22390747070312,41.670127868652344,0.7971106171607971,229.4376983642578,116.58415985107422,0.9841422438621521,108.62342834472656,68.6884765625,0.9708309173583984,0.0,0.0,0.38769569993019104,0.0,0.0,0.36221832036972046,0.0,0.0,0.005444981157779694,0.0,0.0,0.004507686942815781,0.0,0.0,7.122456736396998e-05,0.0,0.0,7.582460239063948e-05
523,True,0.0,0.0,0.007380438037216663,0.0,0.0,0.0017222960013896227,0.0,0.0,0.00015981512842699885,0.0,0.0,0.0033856199588626623,0.0,0.0,0.00013922405196353793,0.0,0.0,0.12519823014736176,0.0,0.0,0.06699644029140472,283.8275451660156,135.0830078125,0.9104126691818237,243.46827697753906,55.50305938720703,0.7173082828521729,220.32322692871094,124.63570404052734,0.9825190305709839,148.04331970214844,55.948974609375,0.945979118347168,0.0,0.0,0.2770234942436218,0.0,0.0,0.2086842805147171,0.0,0.0,0.0038927956484258175,0.0,0.0,0.0025705366861075163,0.0,0.0,7.502079097321257e-05,0.0,0.0,6.920467421878129e-05
524,True,0.0,0.0,0.3017953634262085,0.0,0.0,0.4262998700141907,0.0,0.0,0.007630043663084507,267.0790710449219,28.653030395507812,0.5163489580154419,0.0,0.0,0.0006402165745384991,0.0,0.0,0.44444698095321655,0.0,0.0,0.17751935124397278,260.2325744628906,139.25692749023438,0.6970997452735901,0.0,0.0,0.2193470597267151,205.989501953125,129.45895385742188,0.8228111267089844,0.0,0.0,0.4792608320713043,0.0,0.0,0.24869117140769958,0.0,0.0,0.17627455294132233,0.0,0.0,0.022226868197321892,0.0,0.0,0.014488578774034977,0.0,0.0,0.0022511789575219154,0.0,0.0,0.002172553213313222
525,True,244.7372589111328,48.99900817871094,0.5192370414733887,245.6094207763672,39.80451965332031,0.6619927883148193,0.0,0.0,0.012582691386342049,264.0071716308594,32.46604919433594,0.6661748290061951,0.0,0.0,0.0009488848736509681,282.711181640625,76.94355010986328,0.6840817928314209,0.0,0.0,0.24154648184776306,255.8635711669922,141.53268432617188,0.8405810594558716,0.0,0.0,0.18792162835597992,192.16799926757812,139.000732421875,0.9175966382026672,0.0,0.0,0.49831223487854004,0.0,0.0,0.22190354764461517,0.0,0.0,0.11436033993959427,0.0,0.0,0.019592292606830597,0.0,0.0,0.00822174921631813,0.0,0.0,0.0016130766598507762,0.0,0.0,0.0011689255479723215
526,True,0.0,0.0,0.45967772603034973,245.08580017089844,38.54786682128906,0.5170300006866455,0.0,0.0,0.010555124841630459,0.0,0.0,0.46628743410110474,0.0,0.0,0.0010669855400919914,273.3644714355469,82.13325500488281,0.7528275847434998,0.0,0.0,0.19283302128314972,250.7548828125,153.7362518310547,0.9391477704048157,0.0,0.0,0.23634211719036102,175.96548461914062,145.96563720703125,0.9745862483978271,206.60330200195312,92.3721923828125,0.672451376914978,0.0,0.0,0.2926205098628998,0.0,0.0,0.11572736501693726,0.0,0.0,0.020688192918896675,0.0,0.0,0.0068883332423865795,0.0,0.0,0.0011534002842381597,0.0,0.0,0.0006866191979497671
527,True,0.0,0.0,0.09653843939304352,0.0,0.0,0.12306926399469376,0.0,0.0,0.0015458660200238228,0.0,0.0,0.4910911023616791,0.0,0.0,0.0016380153829231858,267.9617004394531,77.29428100585938,0.755057692527771,0.0,0.0,0.2508167624473572,214.47354125976562,144.41726684570312,0.8961294889450073,0.0,0.0,0.1990719586610794,161.47164916992188,142.15582275390625,0.8836835026741028,0.0,0.0,0.4002830982208252,0.0,0.0,0.25591713190078735,0.0,0.0,0.11705305427312851,0.0,0.0,0.023923657834529877,0.0,0.0,0.00862669013440609,0.0,0.0,0.0017973541980609298,0.0,0.0,0.001133290003053844
528,True,0.0,0.0,0.004104746971279383,0.0,0.0,0.0025108519475907087,0.0,0.0,5.71112941543106e-05,0.0,0.0,0.022927848622202873,0.0,0.0,0.0001550746092107147,0.0,0.0,0.2721841633319855,0.0,0.0,0.011375540867447853,242.14022827148438,90.3952407836914,0.9411824941635132,0.0,0.0,0.062228765338659286,167.3983917236328,140.75860595703125,0.9553591012954712,0.0,0.0,0.3119216561317444,0.0,0.0,0.3604844808578491,0.0,0.0,0.08809445798397064,0.0,0.0,0.018802789971232414,0.0,0.0,0.003299620235338807,0.0,0.0,0.0007977175409905612,0.0,0.0,0.0002987324260175228
529,True,0.0,0.0,0.0014811354922130704,0.0,0.0,0.0006150238332338631,0.0,0.0,3.73825132555794e-05,0.0,0.0,0.004572607111185789,0.0,0.0,0.0001100560839404352,0.0,0.0,0.06205520033836365,0.0,0.0,0.008647389709949493,242.6534423828125,77.90708923339844,0.8403634428977966,0.0,0.0,0.13393479585647583,164.83047485351562,136.6600341796875,0.9234371185302734,0.0,0.0,0.49661365151405334,0.0,0.0,0.328207403421402,0.0,0.0,0.13830751180648804,0.0,0.0,0.013247032649815083,0.0,0.0,0.004547972232103348,0.0,0.0,0.0006761391996406019,0.0,0.0,0.0003893896355293691
530,True,0.0,0.0,0.0018738234648481011,0.0,0.0,0.00043263519182801247,0.0,0.0,8.126180182443932e-05,0.0,0.0,0.002674201037734747,0.0,0.0,0.0002854648628272116,0.0,0.0,0.04653976112604141,0.0,0.0,0.04016081616282463,245.76470947265625,77.81486511230469,0.7337225675582886,0.0,0.0,0.4965386986732483,171.88717651367188,135.70947265625,0.8887950778007507,177.4168701171875,124.77771759033203,0.8136314749717712,0.0,0.0,0.34366747736930847,0.0,0.0,0.2975790798664093,0.0,0.0,0.0075393132865428925,0.0,0.0,0.006160207092761993,0.0,0.0,0.0002864018315449357,0.0,0.0,0.00030187860829755664
531,True,0.0,0.0,0.0016014217399060726,0.0,0.0,0.0004465542733669281,0.0,0.0,3.960609683417715e-05,0.0,0.0,0.002917143516242504,0.0,0.0,0.00015318114310503006,0.0,0.0,0.08915168792009354,0.0,0.0,0.027584578841924667,249.77801513671875,90.55426025390625,0.9072659015655518,0.0,0.0,0.46710625290870667,163.85256958007812,132.43307495117188,0.9748927354812622,196.42532348632812,114.09959411621094,0.8766642212867737,0.0,0.0,0.4051124155521393,0.0,0.0,0.2482641488313675,0.0,0.0,0.015471389517188072,0.0,0.0,0.007658648770302534,0.0,0.0,0.000462685595266521,0.0,0.0,0.0003446328337304294
532,True,0.0,0.0,0.0016499024350196123,0.0,0.0,0.0004087916458956897,0.0,0.0,4.434428774402477e-05,0.0,0.0,0.004021152388304472,0.0,0.0,0.0002446942962706089,0.0,0.0,0.0992198958992958,0.0,0.0,0.057162970304489136,250.3614044189453,99.62690734863281,0.8790813088417053,272.1011962890625,65.51127624511719,0.6132794618606567,165.51148986816406,128.61346435546875,0.963502824306488,206.56558227539062,104.01612091064453,0.9010337591171265,0.0,0.0,0.48005422949790955,0.0,0.0,0.3841606080532074,0.0,0.0,0.016568295657634735,0.0,0.0,0.011694271117448807,0.0,0.0,0.00043350132182240486,0.0,0.0,0.0004065694229211658
533,True,0.0,0.0,0.0015764740528538823,0.0,0.0,0.000384890241548419,0.0,0.0,4.495868051890284e-05,0.0,0.0,0.0037538763135671616,0.0,0.0,0.00024915722315199673,0.0,0.0,0.09271440654993057,0.0,0.0,0.05438040941953659,250.6109161376953,99.01185607910156,0.8720191717147827,271.5462341308594,65.37264251708984,0.6091205477714539,165.87957763671875,128.34939575195312,0.9613779187202454,206.66128540039062,103.91294860839844,0.8991296291351318,0.0,0.0,0.46662816405296326,0.0,0.0,0.3739031255245209,0.0,0.0,0.015735270455479622,0.0,0.0,0.011269345879554749,0.0,0.0,0.0004162751720286906,0.0,0.0,0.00039384467527270317
534,True,0.0,0.0,0.0016128862043842673,0.0,0.0,0.0005097956163808703,0.0,0.0,4.7178509703371674e-05,0.0,0.0,0.005027798470109701,0.0,0.0,0.00019789946964010596,0.0,0.0,0.0830853134393692,0.0,0.0,0.03802241384983063,256.44976806640625,104.11512756347656,0.795330286026001,0.0,0.0,0.3730275332927704,171.6217498779297,126.18038940429688,0.9058561325073242,190.8120880126953,116.44953155517578,0.7220998406410217,0.0,0.0,0.37838277220726013,0.0,0.0,0.2689310312271118,0.0,0.0,0.014689195901155472,0.0,0.0,0.009296963922679424,0.0,0.0,0.0005319166230037808,0.0,0.0,0.00046952220145612955
535,True,0.0,0.0,0.00205033365637064,0.0,0.0,0.0006922770407982171,0.0,0.0,6.840329297119752e-05,0.0,0.0,0.00574900908395648,0.0,0.0,0.00018361116235610098,0.0,0.0,0.06386104971170425,0.0,0.0,0.034049905836582184,266.8101501464844,91.9395751953125,0.7495914697647095,0.0,0.0,0.347472608089447,193.53125,118.44744873046875,0.898407518863678,202.5360107421875,107.59658813476562,0.6952873468399048,0.0,0.0,0.44202736020088196,0.0,0.0,0.3257385194301605,0.0,0.0,0.018005246296525,0.0,0.0,0.011250033043324947,0.0,0.0,0.0006580721237696707,0.0,0.0,0.0005675572319887578
536,True,0.0,0.0,0.0058771781623363495,0.0,0.0,0.002188941929489374,0.0,0.0,0.00018224545056000352,0.0,0.0,0.012795727699995041,0.0,0.0,0.0003026820777449757,0.0,0.0,0.09685209393501282,0.0,0.0,0.07866339385509491,271.3591613769531,102.69583129882812,0.7255967855453491,0.0,0.0,0.4588387906551361,198.9672393798828,115.64262390136719,0.8643393516540527,191.47496032714844,120.59046936035156,0.7097582221031189,0.0,0.0,0.4123997986316681,0.0,0.0,0.3550286293029785,0.0,0.0,0.009406629018485546,0.0,0.0,0.007413172163069248,0.0,0.0,0.0003027611819561571,0.0,0.0,0.00031803472666069865
537,True,0.0,0.0,0.004673754796385765,0.0,0.0,0.0017956054070964456,0.0,0.0,0.0001432290009688586,0.0,0.0,0.009105549193918705,0.0,0.0,0.00017410219879820943,0.0,0.0,0.07263574004173279,0.0,0.0,0.053901247680187225,272.85443115234375,111.67339324951172,0.7615975141525269,0.0,0.0,0.49329060316085815,200.52365112304688,113.07664489746094,0.9037221074104309,190.5142822265625,124.4209213256836,0.7543482184410095,0.0,0.0,0.4730120301246643,0.0,0.0,0.4087288975715637,0.0,0.0,0.015591718256473541,0.0,0.0,0.010983834974467754,0.0,0.0,0.000542739755474031,0.0,0.0,0.0005235228454694152
538,True,0.0,0.0,0.00259709102101624,0.0,0.0,0.0007954172906465828,0.0,0.0,0.00011042990809073672,0.0,0.0,0.005251109600067139,0.0,0.0,0.0002535259409341961,0.0,0.0,0.05511971190571785,0.0,0.0,0.05663619562983513,271.2599792480469,99.2978515625,0.6821537017822266,272.41796875,78.42454528808594,0.5307180881500244,201.1961669921875,111.33924865722656,0.8607646822929382,198.34010314941406,114.3348388671875,0.7722989320755005,280.0543212890625,187.83685302734375,0.5210962295532227,0.0,0.0,0.49316179752349854,0.0,0.0,0.010795215144753456,0.0,0.0,0.010035206563770771,0.0,0.0,0.0002634052652865648,0.0,0.0,0.0003027839702554047
539,True,0.0,0.0,0.002875371603295207,0.0,0.0,0.0010195178911089897,0.0,0.0,9.323700942331925e-05,0.0,0.0,0.008627098053693771,0.0,0.0,0.00023436050105374306,0.0,0.0,0.08838310092687607,0.0,0.0,0.04999533295631409,271.7200927734375,97.6678695678711,0.7764904499053955,0.0,0.0,0.4049166142940521,201.7081298828125,111.96554565429688,0.8939539194107056,191.2805633544922,117.21485900878906,0.6859860420227051,279.25103759765625,189.18673706054688,0.5092491507530212,0.0,0.0,0.3978874087333679,0.0,0.0,0.012975344434380531,0.0,0.0,0.00832106452435255,0.0,0.0,0.00033078406704589725,0.0,0.0,0.00029536682995967567
540,True,0.0,0.0,0.0033613862469792366,0.0,0.0,0.0012504380429163575,0.0,0.0,9.475248225498945e-05,0.0,0.0,0.008232183754444122,0.0,0.0,0.00016496128228027374,0.0,0.0,0.06416831910610199,0.0,0.0,0.04227176308631897,273.3568115234375,101.76205444335938,0.7770197987556458,0.0,0.0,0.4564005732536316,201.6133575439453,109.0663070678711,0.9157518148422241,198.09158325195312,94.93521118164062,0.7552305459976196,0.0,0.0,0.4619186520576477,0.0,0.0,0.37671154737472534,0.0,0.0,0.010623392648994923,0.0,0.0,0.007165026850998402,0.0,0.0,0.0002806941338349134,0.0,0.0,0.00026074194465763867
541,True,0.0,0.0,0.0006645182147622108,0.0,0.0,0.00021576664585154504,0.0,0.0,1.822403100959491e-05,0.0,0.0,0.0036286937538534403,0.0,0.0,0.00010051923163700849,0.0,0.0,0.054901156574487686,0.0,0.0,0.03532490134239197,265.76318359375,109.19084167480469,0.7301822900772095,0.0,0.0,0.4415268898010254,202.05703735351562,106.55311584472656,0.890086829662323,194.68161010742188,87.4776611328125,0.7519927620887756,277.4286804199219,179.86439514160156,0.5688663721084595,0.0,0.0,0.4841185212135315,0.0,0.0,0.026220444589853287,0.0,0.0,0.019710086286067963,0.0,0.0,0.0005826514679938555,0.0,0.0,0.0005735269514843822
542,True,0.0,0.0,0.000522454094607383,0.0,0.0,0.00011622250167420134,0.0,0.0,2.3642722226213664e-05,0.0,0.0,0.0016030921833589673,0.0,0.0,0.0001622432318981737,0.0,0.0,0.03852983936667442,0.0,0.0,0.03765367344021797,269.09515380859375,102.70844268798828,0.7164880633354187,261.15472412109375,64.30802154541016,0.5900542140007019,205.81716918945312,109.43353271484375,0.8958708047866821,187.3463592529297,86.25611114501953,0.8510850071907043,277.5381774902344,176.603759765625,0.5793347358703613,277.9093017578125,167.4029541015625,0.5393689870834351,0.0,0.0,0.016626037657260895,0.0,0.0,0.01572342962026596,0.0,0.0,0.0003361589915584773,0.0,0.0,0.0003822545404545963
543,True,0.0,0.0,0.0025338479317724705,0.0,0.0,0.0006511217798106372,0.0,0.0,8.71931406436488e-05,0.0,0.0,0.006551146041601896,0.0,0.0,0.00023918804072309285,0.0,0.0,0.09375357627868652,0.0,0.0,0.10858054459095001,278.8460693359375,101.74845123291016,0.8189517259597778,264.8594970703125,66.0962142944336,0.7535167932510376,212.7501220703125,117.60971069335938,0.9418043494224548,188.378662109375,78.89436340332031,0.9118620157241821,273.1483459472656,180.20895385742188,0.6424455642700195,273.127685546875,171.6437225341797,0.6211675405502319,0.0,0.0,0.015895504504442215,0.0,0.0,0.016012435778975487,0.0,0.0,0.0002494659856893122,0.0,0.0,0.0003064034099224955
544,True,0.0,0.0,0.0010967233683913946,0.0,0.0,0.00019934462034143507,0.0,0.0,4.236631139065139e-05,0.0,0.0,0.0014223826583474874,0.0,0.0,0.00012260429502930492,0.0,0.0,0.04898294806480408,0.0,0.0,0.05425632745027542,282.8425598144531,103.37752532958984,0.8461927175521851,258.84173583984375,60.329689025878906,0.7987115383148193,221.1560821533203,119.64640045166016,0.9638764262199402,180.57852172851562,82.66790771484375,0.950745701789856,277.7810363769531,185.63861083984375,0.618029773235321,272.1537780761719,175.1549072265625,0.5916993618011475,0.0,0.0,0.009870419278740883,0.0,0.0,0.00955843273550272,0.0,0.0,0.00015413480286952108,0.0,0.0,0.00018052836821880192
545,True,0.0,0.0,0.0005277872551232576,0.0,0.0,0.0001058223788277246,0.0,0.0,2.2170954252942465e-05,0.0,0.0,0.0016524106031283736,0.0,0.0,0.0001542292011436075,0.0,0.0,0.04298225790262222,0.0,0.0,0.05720832198858261,273.7182922363281,87.93401336669922,0.7954530715942383,258.7979431152344,56.940147399902344,0.766053318977356,215.8776397705078,118.32347869873047,0.9417908191680908,181.32107543945312,82.3741683959961,0.9326642751693726,277.64910888671875,176.71437072753906,0.6743724346160889,277.2997741699219,168.2610321044922,0.664642333984375,0.0,0.0,0.014970792457461357,0.0,0.0,0.015497331507503986,0.0,0.0,0.00024191154807340354,0.0,0.0,0.00029674312099814415
546,True,0.0,0.0,0.0011176515836268663,0.0,0.0,0.00022249271569307894,0.0,0.0,3.914752232958563e-05,0.0,0.0,0.0020038424991071224,0.0,0.0,0.00015040740254335105,0.0,0.0,0.07023269683122635,0.0,0.0,0.054246287792921066,280.2845458984375,101.35137176513672,0.8738397359848022,260.865966796875,57.00621795654297,0.7441937923431396,215.84915161132812,118.73702239990234,0.9672815203666687,179.90451049804688,81.62852478027344,0.9366049766540527,277.7754211425781,188.119140625,0.6396528482437134,276.95587158203125,177.406494140625,0.5701849460601807,0.0,0.0,0.010801260359585285,0.0,0.0,0.00882443692535162,0.0,0.0,0.0001582112890901044,0.0,0.0,0.00016481631610076874
547,True,0.0,0.0,0.001953181577846408,0.0,0.0,0.00048641764442436397,0.0,0.0,5.137730477144942e-05,0.0,0.0,0.003503714920952916,0.0,0.0,0.00010410110553493723,0.0,0.0,0.07062338292598724,0.0,0.0,0.05974576994776726,276.24652099609375,101.12395477294922,0.8518710732460022,256.6548156738281,54.225738525390625,0.711821436882019,212.37814331054688,120.15319061279297,0.9651574492454529,183.48898315429688,79.04896545410156,0.9298195838928223,282.03631591796875,184.58731079101562,0.5130108594894409,0.0,0.0,0.4575005769729614,0.0,0.0,0.011727720499038696,0.0,0.0,0.009814167395234108,0.0,0.0,0.00021869115880690515,0.0,0.0,0.00023685353517066687
548,True,0.0,0.0,0.0018703981768339872,0.0,0.0,0.0004989961162209511,0.0,0.0,4.3845284380950034e-05,0.0,0.0,0.00314669543877244,0.0,0.0,7.268029730767012e-05,0.0,0.0,0.061790287494659424,0.0,0.0,0.042035870254039764,278.0027160644531,111.08623504638672,0.856049656867981,258.7813415527344,57.20509338378906,0.6703099608421326,211.69869995117188,119.82870483398438,0.9684296250343323,183.6834259033203,78.03971099853516,0.9224004745483398,0.0,0.0,0.4420507550239563,0.0,0.0,0.3722459077835083,0.0,0.0,0.010203953832387924,0.0,0.0,0.007815441116690636,0.0,0.0,0.0002150168438674882,0.0,0.0,0.0002188941289205104
549,True,0.0,0.0,0.003260259283706546,0.0,0.0,0.0008508080500178039,0.0,0.0,8.833635365590453e-05,0.0,0.0,0.00406190799549222,0.0,0.0,0.00011229565279791132,0.0,0.0,0.06676904857158661,0.0,0.0,0.06487220525741577,278.59307861328125,119.38475036621094,0.8152678608894348,257.0259094238281,59.17686462402344,0.7283608913421631,212.58291625976562,121.49749755859375,0.9604059457778931,183.3348388671875,80.06343078613281,0.9335629343986511,0.0,0.0,0.42505472898483276,0.0,0.0,0.4078950583934784,0.0,0.0,0.010836761444807053,0.0,0.0,0.010203867219388485,0.0,0.0,0.00025980640202760696,0.0,0.0,0.00030562211759388447
550,True,0.0,0.0,0.1568705141544342,0.0,0.0,0.16701199114322662,0.0,0.0,0.0020871737506240606,0.0,0.0,0.24072352051734924,0.0,0.0,0.00020967944874428213,0.0,0.0,0.32075145840644836,0.0,0.0,0.19207622110843658,274.79144287109375,133.88003540039062,0.8561722636222839,251.70123291015625,61.84619140625,0.5800905227661133,213.22950744628906,121.77716064453125,0.9647467732429504,179.67807006835938,81.65139770507812,0.8732662796974182,0.0,0.0,0.43473100662231445,0.0,0.0,0.3780920207500458,0.0,0.0,0.017891259863972664,0.0,0.0,0.013680273666977882,0.0,0.0,0.0006035333499312401,0.0,0.0,0.000670293637085706
551,True,0.0,0.0,0.01090889610350132,0.0,0.0,0.006628435105085373,0.0,0.0,0.00016648886958137155,0.0,0.0,0.030191749334335327,0.0,0.0,0.00010055441089207307,0.0,0.0,0.15631325542926788,0.0,0.0,0.06299382448196411,274.31439208984375,131.16236877441406,0.883989691734314,258.4323425292969,61.034156799316406,0.5422008037567139,213.18670654296875,121.01640319824219,0.9715282320976257,183.3077850341797,76.97450256347656,0.8682997822761536,0.0,0.0,0.46765121817588806,0.0,0.0,0.3519488573074341,0.0,0.0,0.017767762765288353,0.0,0.0,0.010506452061235905,0.0,0.0,0.0005079564871266484,0.0,0.0,0.00044577597873285413
552,True,0.0,0.0,0.0159296877682209,0.0,0.0,0.01258146483451128,0.0,0.0,0.00023016126942820847,0.0,0.0,0.05298280343413353,0.0,0.0,0.0001480260689277202,0.0,0.0,0.3201671242713928,0.0,0.0,0.05781592056155205,266.5374450683594,128.34637451171875,0.9458649158477783,0.0,0.0,0.42095813155174255,213.9512176513672,121.64405059814453,0.9821301102638245,180.4364471435547,74.82176971435547,0.8177803754806519,279.9221496582031,205.27748107910156,0.5925373435020447,0.0,0.0,0.3454304337501526,0.0,0.0,0.017952173948287964,0.0,0.0,0.006771286483854055,0.0,0.0,0.00039471706259064376,0.0,0.0,0.0002521982532925904
553,True,0.0,0.0,0.008875703439116478,0.0,0.0,0.005812936462461948,0.0,0.0,0.0001471065334044397,0.0,0.0,0.02552405185997486,0.0,0.0,0.00012058765423716977,0.0,0.0,0.23292188346385956,0.0,0.0,0.03810132294893265,268.9034423828125,121.5672378540039,0.9432365298271179,0.0,0.0,0.4039524793624878,214.38861083984375,122.99624633789062,0.9829066395759583,180.3426055908203,75.03173828125,0.8271501064300537,282.55670166015625,206.16932678222656,0.5635977983474731,0.0,0.0,0.3136081397533417,0.0,0.0,0.015267794020473957,0.0,0.0,0.005638025235384703,0.0,0.0,0.00034648244036361575,0.0,0.0,0.0002161319280276075
554,True,0.0,0.0,0.00268905539996922,0.0,0.0,0.001061182119883597,0.0,0.0,5.245896682026796e-05,0.0,0.0,0.005848787724971771,0.0,0.0,8.254028944065794e-05,0.0,0.0,0.13112469017505646,0.0,0.0,0.02781600132584572,271.1084289550781,127.14463806152344,0.9382065534591675,255.84246826171875,58.765357971191406,0.5219870209693909,214.24432373046875,122.77975463867188,0.9855178594589233,177.77476501464844,76.79823303222656,0.8948519825935364,0.0,0.0,0.4908166825771332,0.0,0.0,0.28805771470069885,0.0,0.0,0.010336958803236485,0.0,0.0,0.004343998618423939,0.0,0.0,0.00022556768089998513,0.0,0.0,0.0001507745764683932
555,True,0.0,0.0,0.010524327866733074,0.0,0.0,0.005392471794039011,0.0,0.0,0.0002092147624352947,0.0,0.0,0.018755486235022545,0.0,0.0,0.00014980668493080884,0.0,0.0,0.21557451784610748,0.0,0.0,0.05985109508037567,272.61083984375,126.720703125,0.9360285401344299,253.60983276367188,60.45038604736328,0.5730052590370178,214.59002685546875,124.94757080078125,0.9831812977790833,178.51295471191406,77.5050048828125,0.8967100977897644,281.01177978515625,205.77548217773438,0.5479904413223267,0.0,0.0,0.3625353276729584,0.0,0.0,0.012245288118720055,0.0,0.0,0.005965308286249638,0.0,0.0,0.0002698992902878672,0.0,0.0,0.00020340933406259865
556,True,0.0,0.0,0.0030651679262518883,0.0,0.0,0.0011174599640071392,0.0,0.0,5.790223440271802e-05,0.0,0.0,0.0076997485011816025,0.0,0.0,8.993985829874873e-05,0.0,0.0,0.1041625440120697,0.0,0.0,0.044042959809303284,274.45758056640625,127.58338928222656,0.8781077265739441,261.172607421875,56.3824462890625,0.56842440366745,213.18524169921875,126.17430114746094,0.9705052971839905,184.3875274658203,76.76074981689453,0.8844159841537476,0.0,0.0,0.3966169059276581,0.0,0.0,0.2900385558605194,0.0,0.0,0.010999426245689392,0.0,0.0,0.006706330459564924,0.0,0.0,0.00030653897556476295,0.0,0.0,0.0002670916437637061
557,True,0.0,0.0,0.0014184133615344763,0.0,0.0,0.0003927866055164486,0.0,0.0,3.070254751946777e-05,0.0,0.0,0.004045690409839153,0.0,0.0,9.465594484936446e-05,0.0,0.0,0.09127174317836761,0.0,0.0,0.042543549090623856,272.6416320800781,119.91307067871094,0.8796043992042542,262.3711242675781,57.7254638671875,0.5975232124328613,211.22935485839844,125.53582000732422,0.9671284556388855,184.5924072265625,75.13065338134766,0.8856346011161804,0.0,0.0,0.4318017363548279,0.0,0.0,0.3203471601009369,0.0,0.0,0.010024760849773884,0.0,0.0,0.006266454234719276,0.0,0.0,0.00022656546207144856,0.0,0.0,0.00019729991618078202
558,True,0.0,0.0,0.0011489124735817313,0.0,0.0,0.00033591489773243666,0.0,0.0,2.5997787815867923e-05,0.0,0.0,0.0029443521052598953,0.0,0.0,9.156478336080909e-05,0.0,0.0,0.1304078996181488,0.0,0.0,0.023391878232359886,270.2188720703125,115.6059341430664,0.9460812211036682,0.0,0.0,0.49545761942863464,213.4804229736328,125.9842758178711,0.9841662645339966,178.88787841796875,74.9269027709961,0.8759006261825562,279.0838928222656,205.6146697998047,0.551017165184021,0.0,0.0,0.30918681621551514,0.0,0.0,0.009978882037103176,0.0,0.0,0.0038808914832770824,0.0,0.0,0.00017406367987859994,0.0,0.0,0.00010801979806274176
559,True,0.0,0.0,0.0027697603218257427,0.0,0.0,0.0010163544211536646,0.0,0.0,4.7966965212253854e-05,0.0,0.0,0.007499446626752615,0.0,0.0,8.628742943983525e-05,0.0,0.0,0.11987386643886566,0.0,0.0,0.03443921357393265,273.02069091796875,125.85872650146484,0.8975262641906738,0.0,0.0,0.47699296474456787,212.0884246826172,126.71541595458984,0.9736558794975281,183.22433471679688,77.37622833251953,0.852304220199585,0.0,0.0,0.3539404571056366,0.0,0.0,0.21795444190502167,0.0,0.0,0.010922539047896862,0.0,0.0,0.005383668467402458,0.0,0.0,0.00032473477767780423,0.0,0.0,0.0002420578384771943
560,True,0.0,0.0,0.0015171943232417107,0.0,0.0,0.0004970417357981205,0.0,0.0,3.0307148335850798e-05,0.0,0.0,0.0036050090566277504,0.0,0.0,8.18043336039409e-05,0.0,0.0,0.14165948331356049,0.0,0.0,0.020471030846238136,269.6330871582031,132.23974609375,0.9418268799781799,0.0,0.0,0.43392789363861084,213.16702270507812,125.91932678222656,0.9840696454048157,180.11611938476562,74.62986755371094,0.8578103184700012,0.0,0.0,0.44397851824760437,0.0,0.0,0.21944460272789001,0.0,0.0,0.00900720339268446,0.0,0.0,0.003334391163662076,0.0,0.0,0.00018974726845044643,0.0,0.0,0.00011408180580474436
561,True,0.0,0.0,0.051613692194223404,0.0,0.0,0.03742368146777153,0.0,0.0,0.0007901223143562675,0.0,0.0,0.08389926701784134,0.0,0.0,0.00027528489590622485,0.0,0.0,0.4220254421234131,0.0,0.0,0.11913140118122101,267.0496826171875,151.61068725585938,0.9371238350868225,254.6090087890625,61.73831558227539,0.5452612638473511,212.49217224121094,125.74530029296875,0.982039749622345,178.68028259277344,73.48638916015625,0.875356137752533,0.0,0.0,0.42877906560897827,0.0,0.0,0.26458415389060974,0.0,0.0,0.010963862761855125,0.0,0.0,0.005425157491117716,0.0,0.0,0.00028636225033551455,0.0,0.0,0.00022192175674717873
562,True,0.0,0.0,0.11368247866630554,0.0,0.0,0.10231180489063263,0.0,0.0,0.0015227419789880514,0.0,0.0,0.1751742660999298,0.0,0.0,0.0003460753941908479,278.5803527832031,74.25373840332031,0.5454133152961731,0.0,0.0,0.15421649813652039,264.7389221191406,155.1879119873047,0.9376662373542786,0.0,0.0,0.48526668548583984,212.08387756347656,125.41768646240234,0.980307400226593,178.8158721923828,72.9205322265625,0.8433924913406372,0.0,0.0,0.38263100385665894,0.0,0.0,0.22017425298690796,0.0,0.0,0.010771948844194412,0.0,0.0,0.0050857956521213055,0.0,0.0,0.0003129441465716809,0.0,0.0,0.00023930073075462133
563,True,0.0,0.0,0.23285730183124542,0.0,0.0,0.2302365005016327,0.0,0.0,0.0034566561225801706,0.0,0.0,0.2827552258968353,0.0,0.0,0.00043326991726644337,279.36383056640625,78.66534423828125,0.6077934503555298,0.0,0.0,0.2176775336265564,266.4041748046875,156.99794006347656,0.9374455809593201,251.76138305664062,63.755550384521484,0.5344566106796265,212.91433715820312,125.93463134765625,0.9816489815711975,178.82411193847656,74.30386352539062,0.8661320209503174,0.0,0.0,0.4053059220314026,0.0,0.0,0.2522851526737213,0.0,0.0,0.011277223005890846,0.0,0.0,0.00577640300616622,0.0,0.0,0.0003189946000929922,0.0,0.0,0.00026039837393909693
564,True,0.0,0.0,0.3936648666858673,0.0,0.0,0.4063968360424042,0.0,0.0,0.007528773508965969,0.0,0.0,0.4099057912826538,0.0,0.0,0.0006317719235084951,278.6717224121094,78.7447738647461,0.6778547167778015,0.0,0.0,0.30961698293685913,264.99627685546875,151.97955322265625,0.9397443532943726,248.10821533203125,66.42010498046875,0.5834448337554932,212.6532440185547,125.87931823730469,0.9814907312393188,178.416015625,75.76824188232422,0.8770390748977661,0.0,0.0,0.4585368037223816,0.0,0.0,0.3078848719596863,0.0,0.0,0.012489364482462406,0.0,0.0,0.006747408304363489,0.0,0.0,0.0003367885365150869,0.0,0.0,0.00028682456468231976
565,True,0.0,0.0,0.11243991553783417,0.0,0.0,0.09979820996522903,0.0,0.0,0.0015639271587133408,0.0,0.0,0.14895986020565033,0.0,0.0,0.0002817771164700389,0.0,0.0,0.45853129029273987,0.0,0.0,0.13973648846149445,263.7748718261719,153.70159912109375,0.9264002442359924,253.91607666015625,61.89174270629883,0.5170541405677795,210.40213012695312,125.24315643310547,0.9801546931266785,178.1774139404297,74.0704345703125,0.8669451475143433,0.0,0.0,0.3780391812324524,0.0,0.0,0.23678626120090485,0.0,0.0,0.011670724488794804,0.0,0.0,0.006066483445465565,0.0,0.0,0.0003680441586766392,0.0,0.0,0.0003008973435498774
566,True,0.0,0.0,0.23760643601417542,0.0,0.0,0.23895186185836792,0.0,0.0,0.003397177206352353,0.0,0.0,0.2604089379310608,0.0,0.0,0.0003109702083747834,280.5888671875,70.5575180053711,0.5489084720611572,0.0,0.0,0.20096702873706818,267.7157287597656,147.96841430664062,0.9397908449172974,251.56369018554688,62.275760650634766,0.5670396089553833,212.21881103515625,125.93350219726562,0.9840365052223206,180.24630737304688,71.85909271240234,0.8857652544975281,0.0,0.0,0.4547422230243683,0.0,0.0,0.2978895306587219,0.0,0.0,0.013681174255907536,0.0,0.0,0.00723562715575099,0.0,0.0,0.00038616833626292646,0.0,0.0,0.0003222152590751648
567,True,0.0,0.0,0.002908694092184305,0.0,0.0,0.0007708916673436761,0.0,0.0,6.571909034391865e-05,0.0,0.0,0.0037972794380038977,0.0,0.0,8.501168485963717e-05,0.0,0.0,0.07629610598087311,0.0,0.0,0.05438396334648132,276.5251770019531,126.69466400146484,0.8516879081726074,258.7107238769531,53.148681640625,0.7149036526679993,211.09359741210938,127.76769256591797,0.9682051539421082,182.8995361328125,69.1036148071289,0.9307822585105896,0.0,0.0,0.36190760135650635,0.0,0.0,0.3223055601119995,0.0,0.0,0.008946452289819717,0.0,0.0,0.007490099873393774,0.0,0.0,0.00024933114764280617,0.0,0.0,0.00026811729185283184
568,True,0.0,0.0,0.0030966438353061676,0.0,0.0,0.0008292160928249359,0.0,0.0,7.04173871781677e-05,0.0,0.0,0.004129690583795309,0.0,0.0,8.61949083628133e-05,0.0,0.0,0.07171991467475891,0.0,0.0,0.05491471663117409,276.30743408203125,114.36322021484375,0.8400213122367859,257.6346130371094,52.34935760498047,0.7044446468353271,211.17428588867188,128.1230010986328,0.964729905128479,182.24464416503906,68.35443878173828,0.9277186989784241,0.0,0.0,0.34263283014297485,0.0,0.0,0.30736732482910156,0.0,0.0,0.007389351259917021,0.0,0.0,0.006411024369299412,0.0,0.0,0.00020956472144462168,0.0,0.0,0.00023283885093405843
569,True,0.0,0.0,0.0022080778144299984,0.0,0.0,0.0005217544385232031,0.0,0.0,5.463135676109232e-05,0.0,0.0,0.0023928997106850147,0.0,0.0,6.241928349481896e-05,0.0,0.0,0.04608139768242836,0.0,0.0,0.04797046631574631,277.8554992675781,113.60042572021484,0.8129116296768188,254.76695251464844,50.89653015136719,0.7557407021522522,210.0830078125,128.62142944335938,0.9629048109054565,181.83273315429688,66.06120300292969,0.9446192383766174,0.0,0.0,0.3446709215641022,0.0,0.0,0.3426564633846283,0.0,0.0,0.006167866755276918,0.0,0.0,0.006328291725367308,0.0,0.0,0.00016311857325490564,0.0,0.0,0.00020317014423198998
570,True,0.0,0.0,0.002092611277475953,0.0,0.0,0.0005394443869590759,0.0,0.0,4.5108128688298166e-05,0.0,0.0,0.0032638174016028643,0.0,0.0,6.637865590164438e-05,0.0,0.0,0.07140424102544785,0.0,0.0,0.044585712254047394,274.8992919921875,106.10563659667969,0.8777957558631897,257.5710144042969,51.718170166015625,0.6937264204025269,209.77670288085938,128.16180419921875,0.9716176986694336,182.4961700439453,64.4537124633789,0.9269676804542542,0.0,0.0,0.3965412378311157,0.0,0.0,0.3247157037258148,0.0,0.0,0.007166838273406029,0.0,0.0,0.005445226561278105,0.0,0.0,0.00016822585894260556,0.0,0.0,0.00016966859402600676
571,True,0.0,0.0,0.001948380027897656,0.0,0.0,0.0005484300781972706,0.0,0.0,3.803518120548688e-05,0.0,0.0,0.0032250480726361275,0.0,0.0,5.1214316044934094e-05,0.0,0.0,0.07176380604505539,0.0,0.0,0.032604631036520004,274.2621154785156,111.47764587402344,0.8893662095069885,258.27911376953125,49.600494384765625,0.6358746886253357,208.3374786376953,127.86251831054688,0.975918173789978,183.10716247558594,64.82466125488281,0.9170792102813721,0.0,0.0,0.3911930024623871,0.0,0.0,0.2925739586353302,0.0,0.0,0.009203288704156876,0.0,0.0,0.006049314048141241,0.0,0.0,0.00023732666159048676,0.0,0.0,0.000215837630094029
572,True,0.0,0.0,0.0025013922713696957,0.0,0.0,0.0006068378570489585,0.0,0.0,6.0127469623694196e-05,0.0,0.0,0.0026654088869690895,0.0,0.0,6.227260746527463e-05,0.0,0.0,0.05376312509179115,0.0,0.0,0.04396827146410942,276.7103271484375,112.18603515625,0.8470546007156372,255.96481323242188,51.743865966796875,0.7373787760734558,210.90481567382812,130.40267944335938,0.9714636206626892,182.67440795898438,69.69767761230469,0.9446779489517212,0.0,0.0,0.35600510239601135,0.0,0.0,0.32428309321403503,0.0,0.0,0.007364190649241209,0.0,0.0,0.006558636203408241,0.0,0.0,0.00020122123532928526,0.0,0.0,0.00022465291840489954
573,True,0.0,0.0,0.002208632417023182,0.0,0.0,0.0005770026473328471,0.0,0.0,4.752775203087367e-05,0.0,0.0,0.0026799326296895742,0.0,0.0,5.233470074017532e-05,0.0,0.0,0.05993841215968132,0.0,0.0,0.0338374562561512,276.2182922363281,120.36212921142578,0.8516165614128113,254.2811279296875,53.395240783691406,0.6436278820037842,209.9610595703125,130.41644287109375,0.9701400399208069,179.95449829101562,72.15021514892578,0.9223154187202454,0.0,0.0,0.2962321639060974,0.0,0.0,0.23862051963806152,0.0,0.0,0.006890254560858011,0.0,0.0,0.0052294242195785046,0.0,0.0,0.00021038658451288939,0.0,0.0,0.00021129382366780192
574,True,0.0,0.0,0.0025168759748339653,0.0,0.0,0.0006987708620727062,0.0,0.0,5.646669524139725e-05,0.0,0.0,0.003264565020799637,0.0,0.0,7.392578845610842e-05,0.0,0.0,0.07305052876472473,0.0,0.0,0.03490413725376129,273.4996337890625,133.98574829101562,0.8342980146408081,256.1887512207031,55.9215087890625,0.5804422497749329,209.40574645996094,129.94224548339844,0.9633100628852844,181.50213623046875,77.07242584228516,0.8979015946388245,0.0,0.0,0.24373814463615417,0.0,0.0,0.18807409703731537,0.0,0.0,0.007188256364315748,0.0,0.0,0.005172253120690584,0.0,0.0,0.0002627618669066578,0.0,0.0,0.0002539059496484697
575,True,0.0,0.0,0.0026937962975353003,0.0,0.0,0.0009248745045624673,0.0,0.0,4.825020732823759e-05,0.0,0.0,0.005015045870095491,0.0,0.0,6.147805834189057e-05,0.0,0.0,0.08819713443517685,0.0,0.0,0.028059007599949837,273.7084655761719,126.42915344238281,0.8674702048301697,0.0,0.0,0.4763384461402893,208.87118530273438,129.5497589111328,0.9685881733894348,180.4713134765625,76.92191314697266,0.8645850419998169,0.0,0.0,0.27605605125427246,0.0,0.0,0.1785905510187149,0.0,0.0,0.008431395515799522,0.0,0.0,0.004893509671092033,0.0,0.0,0.0002851819444913417,0.0,0.0,0.0002400880475761369
576,True,0.0,0.0,0.006341421045362949,0.0,0.0,0.0028180102817714214,0.0,0.0,0.00010870776895899326,0.0,0.0,0.011890111491084099,0.0,0.0,8.6160383943934e-05,0.0,0.0,0.11666550487279892,0.0,0.0,0.04475872591137886,273.8832702636719,136.9482421875,0.8432852029800415,257.39776611328125,56.26947021484375,0.5055736303329468,208.97720336914062,129.59942626953125,0.9624935984611511,181.55580139160156,75.5030517578125,0.8667866587638855,0.0,0.0,0.26816320419311523,0.0,0.0,0.19657506048679352,0.0,0.0,0.009084822610020638,0.0,0.0,0.006150697823613882,0.0,0.0,0.00034890981623902917,0.0,0.0,0.00033335821353830397
577,True,0.0,0.0,0.0015779006062075496,0.0,0.0,0.0004231810162309557,0.0,0.0,3.033487701031845e-05,0.0,0.0,0.0024581614416092634,0.0,0.0,6.814898370066658e-05,0.0,0.0,0.12416424602270126,0.0,0.0,0.03002181090414524,272.079345703125,137.88697814941406,0.9361180067062378,259.806640625,55.93678283691406,0.6329591870307922,210.65127563476562,127.19122314453125,0.9859179854393005,180.30772399902344,71.67967224121094,0.9319189786911011,0.0,0.0,0.44852712750434875,0.0,0.0,0.2848786413669586,0.0,0.0,0.00813341699540615,0.0,0.0,0.004404905252158642,0.0,0.0,0.0001525866537122056,0.0,0.0,0.00012104374036425725
578,True,0.0,0.0,0.005571335554122925,0.0,0.0,0.0015586791560053825,0.0,0.0,0.00011820943473139778,0.0,0.0,0.004977211356163025,0.0,0.0,8.497310045640916e-05,0.0,0.0,0.08124306052923203,0.0,0.0,0.060651395469903946,278.4989013671875,129.330322265625,0.830619752407074,255.46359252929688,53.02369689941406,0.7168192863464355,210.21884155273438,131.10484313964844,0.9656462669372559,179.84304809570312,66.64554595947266,0.9352395534515381,0.0,0.0,0.2735682725906372,0.0,0.0,0.2564328610897064,0.0,0.0,0.006166329141706228,0.0,0.0,0.0058213393203914165,0.0,0.0,0.00019186163262929767,0.0,0.0,0.00022750103380531073
579,True,0.0,0.0,0.0021820724941790104,0.0,0.0,0.0005191222298890352,0.0,0.0,4.803709452971816e-05,0.0,0.0,0.0023203890305012465,0.0,0.0,7.650003681192175e-05,0.0,0.0,0.1186799481511116,0.0,0.0,0.04531661048531532,275.1163024902344,128.41033935546875,0.9401305317878723,255.48362731933594,55.386627197265625,0.7639580965042114,211.8051300048828,127.76820373535156,0.9866355061531067,178.32846069335938,63.94609451293945,0.9553812146186829,278.95855712890625,209.85728454589844,0.5302588939666748,0.0,0.0,0.3987850248813629,0.0,0.0,0.007165298797190189,0.0,0.0,0.004687807988375425,0.0,0.0,0.00011307618842693046,0.0,0.0,0.00010279033449478447
580,True,0.0,0.0,0.004621744155883789,0.0,0.0,0.0013162443647161126,0.0,0.0,9.804338333196938e-05,0.0,0.0,0.005296284798532724,0.0,0.0,9.251874143956229e-05,0.0,0.0,0.09240350127220154,0.0,0.0,0.06302079558372498,275.45794677734375,125.51941680908203,0.8478472828865051,256.6456604003906,52.782196044921875,0.7105950117111206,208.29380798339844,129.47976684570312,0.9636558890342712,180.21353149414062,63.4158935546875,0.9258425235748291,0.0,0.0,0.31496870517730713,0.0,0.0,0.28426504135131836,0.0,0.0,0.006616806611418724,0.0,0.0,0.0059474618174135685,0.0,0.0,0.0001848940155468881,0.0,0.0,0.00021195283625274897
581,True,0.0,0.0,0.0039836335927248,0.0,0.0,0.0011083531426265836,0.0,0.0,8.254689601017162e-05,0.0,0.0,0.004437397234141827,0.0,0.0,8.087835158221424e-05,0.0,0.0,0.08945786952972412,0.0,0.0,0.05168299004435539,275.3272705078125,130.1339111328125,0.863271951675415,256.67364501953125,51.13639831542969,0.6945610046386719,209.18438720703125,130.67193603515625,0.9690129160881042,180.88815307617188,63.72081756591797,0.9263456463813782,0.0,0.0,0.3175496757030487,0.0,0.0,0.2700607478618622,0.0,0.0,0.007032742258161306,0.0,0.0,0.0057571339420974255,0.0,0.0,0.00020129646873101592,0.0,0.0,0.00021583292982541025
582,True,0.0,0.0,0.003431175369769335,0.0,0.0,0.0010107625275850296,0.0,0.0,6.69322325848043e-05,0.0,0.0,0.005418605171144009,0.0,0.0,9.025009057950228e-05,0.0,0.0,0.10387226939201355,0.0,0.0,0.053286515176296234,273.6274719238281,120.11677551269531,0.8700664043426514,259.21014404296875,50.851112365722656,0.6496353149414062,209.21240234375,130.09161376953125,0.9677008986473083,182.30967712402344,69.69828796386719,0.9124994277954102,0.0,0.0,0.35395190119743347,0.0,0.0,0.2843395471572876,0.0,0.0,0.008306150324642658,0.0,0.0,0.00630246801301837,0.0,0.0,0.0002157364069717005,0.0,0.0,0.00022055838780943304
583,True,0.0,0.0,0.0031515141017735004,0.0,0.0,0.0008954057702794671,0.0,0.0,6.273298640735447e-05,0.0,0.0,0.004593009129166603,0.0,0.0,8.030151366256177e-05,0.0,0.0,0.09840526431798935,0.0,0.0,0.047127120196819305,275.5165100097656,122.22311401367188,0.8676583766937256,259.3266296386719,53.44145202636719,0.6282861232757568,209.60289001464844,130.86607360839844,0.967047393321991,183.929931640625,72.868408203125,0.9072805643081665,0.0,0.0,0.34341955184936523,0.0,0.0,0.26769062876701355,0.0,0.0,0.0075162556022405624,0.0,0.0,0.005629766266793013,0.0,0.0,0.00019373930990695953,0.0,0.0,0.00019531030557118356
584,True,0.0,0.0,0.003827845910564065,0.0,0.0,0.0011824234388768673,0.0,0.0,6.927479262230918e-05,0.0,0.0,0.0053453873842954636,0.0,0.0,7.762333552818745e-05,0.0,0.0,0.10921042412519455,0.0,0.0,0.03991461545228958,275.07708740234375,127.37109375,0.8712660670280457,259.718994140625,53.73085021972656,0.5547443628311157,209.6493377685547,130.91323852539062,0.968467652797699,182.91453552246094,76.57220458984375,0.8892579078674316,0.0,0.0,0.28285282850265503,0.0,0.0,0.19940119981765747,0.0,0.0,0.007453087717294693,0.0,0.0,0.004959717392921448,0.0,0.0,0.00022597778297495097,0.0,0.0,0.00021125235070940107
585,True,0.0,0.0,0.004371759481728077,0.0,0.0,0.0013568629510700703,0.0,0.0,8.710530528333038e-05,0.0,0.0,0.00551234744489193,0.0,0.0,8.193096437025815e-05,0.0,0.0,0.09174767881631851,0.0,0.0,0.048550575971603394,277.0147705078125,124.57646179199219,0.8434885740280151,257.4809265136719,56.963523864746094,0.6186235547065735,209.68521118164062,130.5397186279297,0.962906539440155,181.26747131347656,75.95408630371094,0.905306875705719,0.0,0.0,0.2859383523464203,0.0,0.0,0.23266737163066864,0.0,0.0,0.007020170334726572,0.0,0.0,0.005558133590966463,0.0,0.0,0.00021515320986509323,0.0,0.0,0.00022704683942720294
586,True,0.0,0.0,0.0029344353824853897,0.0,0.0,0.0008825117256492376,0.0,0.0,5.318695184541866e-05,0.0,0.0,0.004611484706401825,0.0,0.0,7.220743282232434e-05,0.0,0.0,0.10225380212068558,0.0,0.0,0.03551024943590164,275.135009765625,125.40071868896484,0.8815018534660339,263.3774108886719,56.75750732421875,0.5691231489181519,209.00216674804688,129.2900848388672,0.9705528616905212,186.43063354492188,74.82713317871094,0.8930533528327942,0.0,0.0,0.30483800172805786,0.0,0.0,0.21203291416168213,0.0,0.0,0.007140009663999081,0.0,0.0,0.004707163665443659,0.0,0.0,0.00019161977979820222,0.0,0.0,0.00017689722881186754
587,True,0.0,0.0,0.0031049835961312056,0.0,0.0,0.0009035380207933486,0.0,0.0,5.6206721637863666e-05,0.0,0.0,0.004607049748301506,0.0,0.0,7.975799235282466e-05,0.0,0.0,0.11530088633298874,0.0,0.0,0.039553701877593994,274.8380126953125,132.01608276367188,0.8866022825241089,264.7215576171875,53.48175048828125,0.596648633480072,208.87466430664062,129.6702880859375,0.9725123047828674,188.06668090820312,72.8417739868164,0.9032030701637268,0.0,0.0,0.30702897906303406,0.0,0.0,0.21720580756664276,0.0,0.0,0.007796657737344503,0.0,0.0,0.005283656530082226,0.0,0.0,0.00021251193538773805,0.0,0.0,0.0001998041698243469
588,True,0.0,0.0,0.0030288081616163254,0.0,0.0,0.000818978704046458,0.0,0.0,5.761439024354331e-05,0.0,0.0,0.004256548825651407,0.0,0.0,8.244698983617127e-05,0.0,0.0,0.11052823811769485,0.0,0.0,0.043122291564941406,275.6662902832031,125.6984634399414,0.8923823237419128,264.25128173828125,54.320045471191406,0.635546863079071,209.5102996826172,130.0744171142578,0.9743081331253052,188.6513214111328,71.4873046875,0.914789617061615,0.0,0.0,0.3241701126098633,0.0,0.0,0.23604686558246613,0.0,0.0,0.007516789250075817,0.0,0.0,0.0052170660346746445,0.0,0.0,0.00019024474022444338,0.0,0.0,0.00018066597112920135
589,True,0.0,0.0,0.003139549633488059,0.0,0.0,0.0009060441516339779,0.0,0.0,5.552116272156127e-05,0.0,0.0,0.004951654467731714,0.0,0.0,8.250510290963575e-05,0.0,0.0,0.125714972615242,0.0,0.0,0.04137607663869858,274.82275390625,128.4962921142578,0.9005498886108398,265.3747863769531,54.707977294921875,0.6004815101623535,209.20278930664062,129.70645141601562,0.9750785827636719,189.15115356445312,71.30874633789062,0.9026632308959961,0.0,0.0,0.3232780992984772,0.0,0.0,0.22121894359588623,0.0,0.0,0.00794835016131401,0.0,0.0,0.005070218350738287,0.0,0.0,0.0002042648702627048,0.0,0.0,0.0001832931739045307
590,True,0.0,0.0,0.0035515339113771915,0.0,0.0,0.0010380869498476386,0.0,0.0,7.554053445346653e-05,0.0,0.0,0.005600450094789267,0.0,0.0,9.912182576954365e-05,0.0,0.0,0.11830956488847733,0.0,0.0,0.0583268441259861,274.8248596191406,122.40599060058594,0.8826684951782227,260.9595031738281,62.60938262939453,0.6637669205665588,205.61447143554688,127.80814361572266,0.9674550294876099,191.28933715820312,77.01618957519531,0.9080563187599182,0.0,0.0,0.3805704414844513,0.0,0.0,0.301935613155365,0.0,0.0,0.008910149335861206,0.0,0.0,0.006654640194028616,0.0,0.0,0.00022622180404141545,0.0,0.0,0.0002254199789604172
591,True,0.0,0.0,0.001869668485596776,0.0,0.0,0.0005990700447000563,0.0,0.0,3.345956065459177e-05,0.0,0.0,0.003998386207967997,0.0,0.0,6.16129909758456e-05,0.0,0.0,0.10989309102296829,0.0,0.0,0.024944370612502098,271.4476013183594,122.45728302001953,0.9061825275421143,0.0,0.0,0.4727444350719452,196.01641845703125,124.66260528564453,0.9728992581367493,195.16253662109375,80.03645324707031,0.8554695844650269,0.0,0.0,0.36525291204452515,0.0,0.0,0.2179955393075943,0.0,0.0,0.010883617214858532,0.0,0.0,0.005796846002340317,0.0,0.0,0.00028038411983288825,0.0,0.0,0.00022003184130880982
592,True,0.0,0.0,0.001284007215872407,0.0,0.0,0.0004203064600005746,0.0,0.0,2.4193643184844404e-05,0.0,0.0,0.002785088261589408,0.0,0.0,4.913153316010721e-05,0.0,0.0,0.09098174422979355,0.0,0.0,0.016563139855861664,268.9977722167969,124.82177734375,0.9153608083724976,0.0,0.0,0.45193901658058167,186.93734741210938,121.15846252441406,0.9755467176437378,191.35435485839844,81.50408935546875,0.858632504940033,0.0,0.0,0.37520939111709595,0.0,0.0,0.21519693732261658,0.0,0.0,0.010408555157482624,0.0,0.0,0.005157229956239462,0.0,0.0,0.000271053024334833,0.0,0.0,0.0002023741544689983
593,True,0.0,0.0,0.002204607240855694,0.0,0.0,0.0004554011975415051,0.0,0.0,0.00010020341142080724,0.0,0.0,0.0015413674991577864,0.0,0.0,0.00017278445011470467,0.0,0.0,0.028826672583818436,0.0,0.0,0.051543403416872025,268.567138671875,123.65396118164062,0.6345385313034058,262.78594970703125,82.27198791503906,0.7346655130386353,182.40200805664062,114.16995239257812,0.9073541760444641,192.31640625,88.4356918334961,0.9240359663963318,0.0,0.0,0.2546938359737396,0.0,0.0,0.31570321321487427,0.0,0.0,0.007297096773982048,0.0,0.0,0.010138764046132565,0.0,0.0,0.0002722693025134504,0.0,0.0,0.00041448697447776794
594,True,0.0,0.0,0.002390463836491108,0.0,0.0,0.0005046927835792303,0.0,0.0,0.00010455035953782499,0.0,0.0,0.0015832961071282625,0.0,0.0,0.00015511705714743584,0.0,0.0,0.025878652930259705,0.0,0.0,0.050097301602363586,269.7132873535156,124.14585876464844,0.6256799697875977,264.06768798828125,85.29896545410156,0.7410602569580078,182.53326416015625,114.09127807617188,0.9061660766601562,192.0849151611328,89.05014038085938,0.9241471886634827,0.0,0.0,0.23481042683124542,0.0,0.0,0.3016393780708313,0.0,0.0,0.0063526928424835205,0.0,0.0,0.008882946334779263,0.0,0.0,0.0002521143469493836,0.0,0.0,0.0003874502726830542
595,True,0.0,0.0,0.005061393138021231,0.0,0.0,0.0029750720132142305,0.0,0.0,0.00013197463704273105,0.0,0.0,0.0173460952937603,0.0,0.0,0.00018077815184369683,0.0,0.0,0.0962342694401741,0.0,0.0,0.05944967642426491,258.0779113769531,95.0802993774414,0.7834354043006897,256.40380859375,72.42601013183594,0.514691948890686,181.28509521484375,109.77387237548828,0.901759147644043,190.83570861816406,85.04638671875,0.7707701325416565,282.3481140136719,168.7044677734375,0.5782608389854431,271.2278747558594,156.34706115722656,0.5216904878616333,0.0,0.0,0.055092550814151764,0.0,0.0,0.0404803566634655,0.0,0.0,0.002821859670802951,0.0,0.0,0.0029429509304463863
596,True,0.0,0.0,0.11618325859308243,0.0,0.0,0.11218942701816559,0.0,0.0,0.0019004407804459333,0.0,0.0,0.30443695187568665,0.0,0.0,0.0015764012932777405,256.854736328125,58.582275390625,0.612806499004364,0.0,0.0,0.2854174077510834,201.9705810546875,116.68124389648438,0.905819833278656,241.36090087890625,75.8077163696289,0.5244908332824707,123.14014434814453,107.68873596191406,0.9373905658721924,182.00265502929688,76.16751098632812,0.7778053879737854,0.0,0.0,0.44783324003219604,0.0,0.0,0.3382815718650818,0.0,0.0,0.019505556672811508,0.0,0.0,0.013636103831231594,0.0,0.0,0.0006805371376685798,0.0,0.0,0.0007198539678938687
597,True,0.0,0.0,0.0038130339235067368,0.0,0.0,0.002256999956443906,0.0,0.0,6.13220181548968e-05,0.0,0.0,0.017402933910489082,0.0,0.0,0.00023852352751418948,0.0,0.0,0.18181362748146057,0.0,0.0,0.041166022419929504,185.88328552246094,94.20976257324219,0.8983573913574219,0.0,0.0,0.267683207988739,80.94407653808594,110.57720947265625,0.933395266532898,123.05198669433594,98.39945220947266,0.6610134243965149,0.0,0.0,0.38148200511932373,0.0,0.0,0.2177773118019104,0.0,0.0,0.020145535469055176,0.0,0.0,0.008842455223202705,0.0,0.0,0.0007949607097543776,0.0,0.0,0.0005902320262975991
598,True,0.0,0.0,0.002207075711339712,0.0,0.0,0.0009374548681080341,0.0,0.0,5.06640863022767e-05,0.0,0.0,0.0065694535151124,0.0,0.0,0.0003697402717079967,0.0,0.0,0.18263854086399078,0.0,0.0,0.026615001261234283,166.7742462158203,77.3665771484375,0.9117615222930908,0.0,0.0,0.16789953410625458,77.36348724365234,113.06099700927734,0.9089798927307129,0.0,0.0,0.4891715943813324,271.76251220703125,176.833251953125,0.5185485482215881,0.0,0.0,0.2640383243560791,0.0,0.0,0.02651744708418846,0.0,0.0,0.007996493019163609,0.0,0.0,0.0008361588115803897,0.0,0.0,0.0004671173810493201
599,True,0.0,0.0,0.0014037670334801078,0.0,0.0,0.00044589885510504246,0.0,0.0,4.4169515604153275e-05,0.0,0.0,0.004998338874429464,0.0,0.0,0.0006909967050887644,0.0,0.0,0.13162454962730408,0.0,0.0,0.0508645735681057,152.20680236816406,70.1408920288086,0.8304886221885681,0.0,0.0,0.2879783511161804,80.51078033447266,118.71759033203125,0.8086907863616943,87.0126724243164,117.24258422851562,0.5615940093994141,270.6407470703125,177.47544860839844,0.5005998611450195,0.0,0.0,0.3612557351589203,0.0,0.0,0.014932853169739246,0.0,0.0,0.007518440019339323,0.0,0.0,0.00045271855196915567,0.0,0.0,0.0003591070126276463
600,True,0.0,0.0,0.0010128803551197052,0.0,0.0,0.0004146327846683562,0.0,0.0,2.0317753296694718e-05,0.0,0.0,0.0037027117796242237,0.0,0.0,0.00021235720487311482,0.0,0.0,0.05020719766616821,0.0,0.0,0.0044965860433876514,147.05218505859375,50.53730010986328,0.793908417224884,0.0,0.0,0.05095739662647247,71.64942932128906,125.01850128173828,0.8762637972831726,0.0,0.0,0.347554475069046,0.0,0.0,0.31676262617111206,0.0,0.0,0.11822379380464554,0.0,0.0,0.024101082235574722,0.0,0.0,0.006745027378201485,0.0,0.0,0.0010722019942477345,0.0,0.0,0.0005539070698432624
601,True,0.0,0.0,0.009517224505543709,0.0,0.0,0.004769488237798214,0.0,0.0,0.0004037203034386039,0.0,0.0,0.06352265924215317,0.0,0.0,0.004508142359554768,0.0,0.0,0.23694686591625214,0.0,0.0,0.2907361090183258,0.0,0.0,0.48741403222084045,0.0,0.0,0.37763088941574097,0.0,0.0,0.31627288460731506,0.0,0.0,0.3495815098285675,271.7656555175781,168.93087768554688,0.5694456100463867,277.47216796875,173.5371551513672,0.6279025077819824,0.0,0.0,0.03551313281059265,0.0,0.0,0.03921186178922653,0.0,0.0,0.0024455564562231302,0.0,0.0,0.0033748282585293055
602,True,0.0,0.0,0.01026811171323061,0.0,0.0,0.005029268097132444,0.0,0.0,0.0004874796431977302,0.0,0.0,0.050580624490976334,0.0,0.0,0.004138310439884663,0.0,0.0,0.15138734877109528,0.0,0.0,0.19606411457061768,0.0,0.0,0.4913164973258972,0.0,0.0,0.39035868644714355,0.0,0.0,0.42208132147789,0.0,0.0,0.487817645072937,269.1023254394531,168.97210693359375,0.5644223690032959,279.03564453125,172.82376098632812,0.6218861937522888,0.0,0.0,0.033043328672647476,0.0,0.0,0.03778645023703575,0.0,0.0,0.0020631421357393265,0.0,0.0,0.0029330113902688026
603,True,0.0,0.0,0.0021233540028333664,0.0,0.0,0.0008069259929470718,0.0,0.0,8.187261846615002e-05,0.0,0.0,0.011718976311385632,0.0,0.0,0.0015495355473831296,0.0,0.0,0.09604725986719131,0.0,0.0,0.10888306051492691,0.0,0.0,0.45480021834373474,0.0,0.0,0.33106282353401184,0.0,0.0,0.41173815727233887,0.0,0.0,0.4744623303413391,0.0,0.0,0.4244694411754608,0.0,0.0,0.47051259875297546,0.0,0.0,0.03514692559838295,0.0,0.0,0.037122081965208054,0.0,0.0,0.0030533981043845415,0.0,0.0,0.003898877650499344
604,True,0.0,0.0,0.003922618459910154,0.0,0.0,0.0011605677427724004,0.0,0.0,0.00012059731670888141,0.0,0.0,0.005517609417438507,0.0,0.0,0.0008676249999552965,0.0,0.0,0.07155612111091614,0.0,0.0,0.0655074492096901,149.87823486328125,60.85859680175781,0.6378268599510193,0.0,0.0,0.28371384739875793,65.8576889038086,116.58218383789062,0.7079254984855652,77.81224822998047,113.58892822265625,0.607937753200531,0.0,0.0,0.34995636343955994,0.0,0.0,0.3280657231807709,0.0,0.0,0.025713089853525162,0.0,0.0,0.020027033984661102,0.0,0.0,0.001503932406194508,0.0,0.0,0.0016589573351666331
605,True,0.0,0.0,0.0026727570220828056,0.0,0.0,0.000997090246528387,0.0,0.0,6.484326149802655e-05,0.0,0.0,0.007146387826651335,0.0,0.0,0.0006338139646686614,0.0,0.0,0.09030100703239441,0.0,0.0,0.03623298928141594,145.95367431640625,63.52748107910156,0.7191414833068848,0.0,0.0,0.1527823805809021,61.624114990234375,118.4539566040039,0.7421846389770508,0.0,0.0,0.4477349519729614,0.0,0.0,0.35372069478034973,0.0,0.0,0.24738967418670654,0.0,0.0,0.02898729220032692,0.0,0.0,0.015237505547702312,0.0,0.0,0.001689216704107821,0.0,0.0,0.0014191456139087677
606,True,0.0,0.0,0.002687089378014207,0.0,0.0,0.0011612136149778962,0.0,0.0,4.446565071702935e-05,0.0,0.0,0.010780945420265198,0.0,0.0,0.00033557048300281167,0.0,0.0,0.14411179721355438,0.0,0.0,0.04690173268318176,161.62197875976562,79.29844665527344,0.8310062885284424,0.0,0.0,0.22598454356193542,63.481773376464844,111.17500305175781,0.8374004364013672,70.50601196289062,102.20877075195312,0.5320809483528137,0.0,0.0,0.3920673131942749,0.0,0.0,0.2691735625267029,0.0,0.0,0.028355639427900314,0.0,0.0,0.014453928917646408,0.0,0.0,0.0011392923770472407,0.0,0.0,0.0009612197172828019
607,True,0.0,0.0,0.00805616658180952,0.0,0.0,0.004461347125470638,0.0,0.0,0.00010231994383502752,0.0,0.0,0.03844471648335457,0.0,0.0,0.0005314222653396428,0.0,0.0,0.45931148529052734,0.0,0.0,0.11670536547899246,170.6643524169922,99.86746215820312,0.9302054047584534,0.0,0.0,0.33056706190109253,82.73477172851562,100.54674530029297,0.8872405886650085,99.56375885009766,82.05374145507812,0.5370143055915833,272.76904296875,195.09695434570312,0.5024906992912292,0.0,0.0,0.319202721118927,0.0,0.0,0.01767031103372574,0.0,0.0,0.007637217175215483,0.0,0.0,0.0004529973666649312,0.0,0.0,0.000345125823514536
608,True,0.0,0.0,0.003996793646365404,0.0,0.0,0.0010882050264626741,0.0,0.0,0.00013540245709009469,0.0,0.0,0.005179198924452066,0.0,0.0,0.0005660682800225914,0.0,0.0,0.11246369779109955,0.0,0.0,0.08329319208860397,199.73980712890625,93.45269012451172,0.7856903076171875,201.24392700195312,80.82489013671875,0.5442663431167603,109.65028381347656,94.64439392089844,0.8466300964355469,116.73140716552734,90.380615234375,0.7852350473403931,0.0,0.0,0.32325267791748047,0.0,0.0,0.30101853609085083,0.0,0.0,0.00783462543040514,0.0,0.0,0.006761887110769749,0.0,0.0,0.00024511764058843255,0.0,0.0,0.0002868956362362951
609,True,0.0,0.0,0.012636015191674232,0.0,0.0,0.008166859857738018,0.0,0.0,0.0003440342261455953,0.0,0.0,0.04150358587503433,0.0,0.0,0.000557669554837048,0.0,0.0,0.24734541773796082,0.0,0.0,0.1086563989520073,219.47470092773438,86.10204315185547,0.8328109979629517,0.0,0.0,0.4580463171005249,139.2386016845703,83.3756103515625,0.8812376856803894,175.5380859375,71.9163589477539,0.7073328495025635,272.435546875,165.53457641601562,0.708601176738739,266.0172119140625,156.9744415283203,0.6222895979881287,0.0,0.0,0.10405483096837997,0.0,0.0,0.07764346152544022,0.0,0.0,0.004699038807302713,0.0,0.0,0.004933490883558989
610,True,0.0,0.0,0.020613618195056915,0.0,0.0,0.005729105789214373,0.0,0.0,0.0006577987223863602,0.0,0.0,0.006970782298594713,0.0,0.0,0.0003745705762412399,0.0,0.0,0.06645594537258148,0.0,0.0,0.12037886679172516,248.97506713867188,103.70462799072266,0.6209595203399658,241.3634033203125,91.70849609375,0.6838690042495728,143.24380493164062,73.51496887207031,0.8583481311798096,146.68292236328125,72.03681945800781,0.8816067576408386,0.0,0.0,0.18651336431503296,0.0,0.0,0.256715327501297,0.0,0.0,0.006917320191860199,0.0,0.0,0.009881960228085518,0.0,0.0,0.00029101024847477674,0.0,0.0,0.0004860176704823971
611,True,0.0,0.0,0.018535370007157326,0.0,0.0,0.0046988422982394695,0.0,0.0,0.0009789468022063375,0.0,0.0,0.004063385538756847,0.0,0.0,0.0004416619776748121,0.0,0.0,0.040185123682022095,0.0,0.0,0.09309546649456024,0.0,0.0,0.47505441308021545,249.83197021484375,83.09088134765625,0.628119707107544,166.08255004882812,75.13661193847656,0.8245399594306946,166.27952575683594,72.40750885009766,0.8761861324310303,0.0,0.0,0.19844484329223633,0.0,0.0,0.2773650586605072,0.0,0.0,0.0048186504282057285,0.0,0.0,0.007915948517620564,0.0,0.0,0.00016381328168790787,0.0,0.0,0.0002859453670680523
612,True,0.0,0.0,0.0025984577368944883,0.0,0.0,0.0008171639638021588,0.0,0.0,7.700601418036968e-05,0.0,0.0,0.002876211190596223,0.0,0.0,0.00010072274744743481,0.0,0.0,0.06467551738023758,0.0,0.0,0.02876756712794304,259.5355529785156,120.60012817382812,0.8175333142280579,0.0,0.0,0.4989164173603058,173.05068969726562,82.35678100585938,0.9443209767341614,189.2681427001953,72.6358642578125,0.8415350317955017,0.0,0.0,0.4383353590965271,0.0,0.0,0.34159010648727417,0.0,0.0,0.016407480463385582,0.0,0.0,0.0118459677323699,0.0,0.0,0.0004102446255274117,0.0,0.0,0.00039697482134215534
613,True,0.0,0.0,0.004582830239087343,0.0,0.0,0.0018200428457930684,0.0,0.0,0.00012303012772463262,0.0,0.0,0.006877811159938574,0.0,0.0,0.00012059650180162862,0.0,0.0,0.0778055191040039,0.0,0.0,0.023366063833236694,278.73980712890625,103.61981964111328,0.8037211298942566,0.0,0.0,0.311828076839447,194.9883575439453,83.09083557128906,0.9299569725990295,199.37786865234375,75.74053192138672,0.6930381059646606,0.0,0.0,0.359397828578949,0.0,0.0,0.2309701293706894,0.0,0.0,0.013483826071023941,0.0,0.0,0.007632344029843807,0.0,0.0,0.0005249810637906194,0.0,0.0,0.00042817657231353223
614,True,0.0,0.0,0.006313652731478214,0.0,0.0,0.0022472792770713568,0.0,0.0,0.00017226149793714285,0.0,0.0,0.008632148616015911,0.0,0.0,0.0001469360722694546,0.0,0.0,0.08665817975997925,0.0,0.0,0.04251324012875557,284.6837158203125,104.38484191894531,0.7912912368774414,0.0,0.0,0.469768226146698,205.0718231201172,82.43536376953125,0.9305943250656128,206.75318908691406,79.45912170410156,0.7826794385910034,0.0,0.0,0.36983415484428406,0.0,0.0,0.2889348864555359,0.0,0.0,0.017270207405090332,0.0,0.0,0.012191800400614738,0.0,0.0,0.0006603977526538074,0.0,0.0,0.0006342107080854475
615,True,0.0,0.0,0.005243000574409962,0.0,0.0,0.0017579968553036451,0.0,0.0,0.00014685734640806913,0.0,0.0,0.00691530667245388,0.0,0.0,0.00014550528430845588,0.0,0.0,0.08134423196315765,0.0,0.0,0.03849434852600098,282.67669677734375,106.13843536376953,0.7854822278022766,0.0,0.0,0.46007266640663147,204.8590545654297,82.32662963867188,0.9288495779037476,206.94976806640625,79.43281555175781,0.7779867649078369,0.0,0.0,0.34821122884750366,0.0,0.0,0.2688344120979309,0.0,0.0,0.017544692382216454,0.0,0.0,0.012116237543523312,0.0,0.0,0.0007324980688281357,0.0,0.0,0.0006884965114295483
616,True,0.0,0.0,0.002495158463716507,0.0,0.0,0.0010407119989395142,0.0,0.0,6.579013279406354e-05,0.0,0.0,0.004474028013646603,0.0,0.0,6.311022298177704e-05,0.0,0.0,0.0705161988735199,0.0,0.0,0.014165771193802357,284.41619873046875,113.13684844970703,0.8569994568824768,0.0,0.0,0.33981603384017944,210.84719848632812,82.6492691040039,0.9612480401992798,217.3314208984375,71.0550765991211,0.7614231705665588,0.0,0.0,0.47944316267967224,0.0,0.0,0.29151907563209534,0.0,0.0,0.0271252803504467,0.0,0.0,0.012865371070802212,0.0,0.0,0.0009352538618259132,0.0,0.0,0.0006680131773464382
617,True,0.0,0.0,0.0021751958411186934,0.0,0.0,0.001072300598025322,0.0,0.0,5.071706618764438e-05,0.0,0.0,0.008478221483528614,0.0,0.0,6.445468170568347e-05,0.0,0.0,0.06819824129343033,0.0,0.0,0.018662717193365097,284.42437744140625,96.17739868164062,0.7623040080070496,0.0,0.0,0.2939992845058441,215.68814086914062,82.47700500488281,0.8903242945671082,225.80221557617188,66.08321380615234,0.6099758744239807,0.0,0.0,0.48359158635139465,0.0,0.0,0.34037861227989197,0.0,0.0,0.0240409504622221,0.0,0.0,0.0150517662987113,0.0,0.0,0.0009442074806429446,0.0,0.0,0.0008344663074240088
618,True,0.0,0.0,0.004306231625378132,0.0,0.0,0.0018111469689756632,0.0,0.0,0.0001104613984352909,0.0,0.0,0.00788346491754055,0.0,0.0,8.856746717356145e-05,0.0,0.0,0.06215384975075722,0.0,0.0,0.03308367356657982,291.2789306640625,100.85295867919922,0.7270234227180481,0.0,0.0,0.4539451599121094,217.00698852539062,80.3616714477539,0.9153386950492859,234.79052734375,54.36277770996094,0.7754417061805725,0.0,0.0,0.4496464729309082,0.0,0.0,0.3778705894947052,0.0,0.0,0.02366814576089382,0.0,0.0,0.01922181434929371,0.0,0.0,0.0008911437471397221,0.0,0.0,0.0009539901511743665
619,True,0.0,0.0,0.0029951988253742456,0.0,0.0,0.0012050541117787361,0.0,0.0,7.23199627827853e-05,0.0,0.0,0.005774699617177248,0.0,0.0,6.309361924650148e-05,0.0,0.0,0.0524212047457695,0.0,0.0,0.024621043354272842,289.9631652832031,99.78998565673828,0.7740137577056885,0.0,0.0,0.47227025032043457,217.06716918945312,79.72709655761719,0.9382578730583191,233.44302368164062,51.73284912109375,0.8047968745231628,0.0,0.0,0.47162801027297974,0.0,0.0,0.3794851005077362,0.0,0.0,0.0225778017193079,0.0,0.0,0.016514921560883522,0.0,0.0,0.0007636335212737322,0.0,0.0,0.0007551820599474013
620,True,0.0,0.0,0.0032448989804834127,0.0,0.0,0.0013829633826389909,0.0,0.0,8.04165392764844e-05,0.0,0.0,0.008602690882980824,0.0,0.0,9.815592784434557e-05,0.0,0.0,0.08219849318265915,0.0,0.0,0.03862009942531586,283.8023986816406,100.21729278564453,0.7706719040870667,0.0,0.0,0.46897152066230774,214.44468688964844,78.58715057373047,0.9101237654685974,233.5579833984375,49.79676055908203,0.7512170672416687,278.7427978515625,188.74429321289062,0.5389811396598816,0.0,0.0,0.44635772705078125,0.0,0.0,0.024520602077245712,0.0,0.0,0.01903689280152321,0.0,0.0,0.0007837954326532781,0.0,0.0,0.000812667771242559
621,True,0.0,0.0,0.0025174194015562534,0.0,0.0,0.0008892653859220445,0.0,0.0,7.146302232285962e-05,0.0,0.0,0.0037895936984568834,0.0,0.0,9.213224984705448e-05,0.0,0.0,0.06224358081817627,0.0,0.0,0.027435502037405968,284.927978515625,98.53181457519531,0.7846586108207703,0.0,0.0,0.45346102118492126,212.77951049804688,78.913818359375,0.937881588935852,232.3253173828125,55.92771911621094,0.7983320951461792,282.5790100097656,187.41970825195312,0.552729606628418,0.0,0.0,0.4357398748397827,0.0,0.0,0.02212592400610447,0.0,0.0,0.015029310248792171,0.0,0.0,0.0005834931507706642,0.0,0.0,0.0005381318042054772
622,True,0.0,0.0,0.002571315737441182,0.0,0.0,0.0009184184018522501,0.0,0.0,7.614443165948614e-05,0.0,0.0,0.003640399780124426,0.0,0.0,9.378577669849619e-05,0.0,0.0,0.0590391531586647,0.0,0.0,0.02566993050277233,283.2071838378906,100.90463256835938,0.7761756181716919,0.0,0.0,0.45083317160606384,212.44056701660156,78.37816619873047,0.9346694946289062,232.2392578125,55.69618225097656,0.7941209077835083,281.273681640625,185.42977905273438,0.5268804430961609,0.0,0.0,0.4124589264392853,0.0,0.0,0.019725032150745392,0.0,0.0,0.013424615375697613,0.0,0.0,0.0005347091937437654,0.0,0.0,0.0004920486826449633
623,True,0.0,0.0,0.00323430891148746,0.0,0.0,0.0013282342115417123,0.0,0.0,8.400084334425628e-05,0.0,0.0,0.0073101092129945755,0.0,0.0,9.460721048526466e-05,0.0,0.0,0.07298752665519714,0.0,0.0,0.03753068670630455,282.6365661621094,103.99246215820312,0.7647331953048706,283.3226623535156,59.22337341308594,0.5043653249740601,214.52818298339844,80.39704895019531,0.9143386483192444,233.75653076171875,51.39762878417969,0.7787808775901794,277.33740234375,187.78872680664062,0.5134126543998718,0.0,0.0,0.43471652269363403,0.0,0.0,0.021398749202489853,0.0,0.0,0.01707462966442108,0.0,0.0,0.0006754642236046493,0.0,0.0,0.0007072580046951771
624,True,0.0,0.0,0.0033467726316303015,0.0,0.0,0.0014446842251345515,0.0,0.0,7.60287803132087e-05,0.0,0.0,0.007450185250490904,0.0,0.0,7.39876413717866e-05,0.0,0.0,0.07247210294008255,0.0,0.0,0.032835640013217926,283.39373779296875,109.08403015136719,0.7802928686141968,0.0,0.0,0.483428955078125,215.47702026367188,82.02793884277344,0.9288312792778015,232.87303161621094,51.80534362792969,0.7859168648719788,0.0,0.0,0.48031431436538696,0.0,0.0,0.39046454429626465,0.0,0.0,0.022119952365756035,0.0,0.0,0.01635652966797352,0.0,0.0,0.0007144064293242991,0.0,0.0,0.000709167739842087
625,True,0.0,0.0,0.0033102070447057486,0.0,0.0,0.0013115904293954372,0.0,0.0,8.313263970194384e-05,0.0,0.0,0.0067479414865374565,0.0,0.0,8.880265522748232e-05,0.0,0.0,0.07984686642885208,0.0,0.0,0.03703024610877037,283.50531005859375,108.42610168457031,0.7987957000732422,282.292724609375,63.357704162597656,0.5061025619506836,214.96876525878906,81.82740783691406,0.9312955141067505,232.75546264648438,52.12123107910156,0.7935529947280884,279.2677001953125,189.92669677734375,0.5063760280609131,0.0,0.0,0.40996918082237244,0.0,0.0,0.02244090661406517,0.0,0.0,0.01630818285048008,0.0,0.0,0.0006990053807385266,0.0,0.0,0.0006805475568398833
626,True,0.0,0.0,0.0037724249996244907,0.0,0.0,0.0015027255285531282,0.0,0.0,9.605028753867373e-05,0.0,0.0,0.007372620049864054,0.0,0.0,9.831601346377283e-05,0.0,0.0,0.08239555358886719,0.0,0.0,0.04022945091128349,283.460693359375,107.49774169921875,0.7915536165237427,282.407958984375,62.79371643066406,0.5143429636955261,214.94931030273438,81.75643157958984,0.9280678033828735,233.1097869873047,51.798377990722656,0.7939997315406799,278.8298645019531,189.35284423828125,0.503703773021698,0.0,0.0,0.41522344946861267,0.0,0.0,0.022133832797408104,0.0,0.0,0.016557766124606133,0.0,0.0,0.0006961513427086174,0.0,0.0,0.0006920234300196171
627,True,0.0,0.0,0.004007932264357805,0.0,0.0,0.0015464505413547158,0.0,0.0,0.0001106002091546543,0.0,0.0,0.006451020482927561,0.0,0.0,9.03416148503311e-05,0.0,0.0,0.05863705649971962,0.0,0.0,0.040239155292510986,290.1510925292969,105.79867553710938,0.7225647568702698,283.45733642578125,61.63787841796875,0.5376402735710144,216.11595153808594,81.247314453125,0.9131927490234375,232.73770141601562,54.70793151855469,0.8120551705360413,0.0,0.0,0.46984896063804626,0.0,0.0,0.42494335770606995,0.0,0.0,0.017289916053414345,0.0,0.0,0.01562621258199215,0.0,0.0,0.0005312951398082078,0.0,0.0,0.0006066990317776799
628,True,0.0,0.0,0.004568387754261494,0.0,0.0,0.0016621991526335478,0.0,0.0,0.0001278589916182682,0.0,0.0,0.0074698301032185555,0.0,0.0,0.00011952321801800281,0.0,0.0,0.06996002048254013,0.0,0.0,0.05470656976103783,289.904541015625,102.62932586669922,0.7252185344696045,285.2777099609375,59.82579040527344,0.5700002312660217,216.40367126464844,82.68754577636719,0.9109384417533875,232.05604553222656,53.805145263671875,0.8208728432655334,0.0,0.0,0.47045469284057617,0.0,0.0,0.43644702434539795,0.0,0.0,0.01804938353598118,0.0,0.0,0.017094280570745468,0.0,0.0,0.0005678493762388825,0.0,0.0,0.0006678135832771659
629,True,0.0,0.0,0.004472581669688225,0.0,0.0,0.0017185728065669537,0.0,0.0,0.0001238649565493688,0.0,0.0,0.008491973392665386,0.0,0.0,0.00012847089965362102,0.0,0.0,0.07847655564546585,0.0,0.0,0.05515846982598305,287.3543701171875,101.07096862792969,0.7372879981994629,284.7235107421875,58.15711212158203,0.5547053217887878,215.47994995117188,81.76801300048828,0.9057719707489014,232.26687622070312,52.60015106201172,0.8003249764442444,277.7720947265625,187.95217895507812,0.507761538028717,0.0,0.0,0.46206504106521606,0.0,0.0,0.01962483488023281,0.0,0.0,0.01789029687643051,0.0,0.0,0.0005973521620035172,0.0,0.0,0.0006857984117232263
630,True,0.0,0.0,0.0031389466021209955,0.0,0.0,0.0011909271124750376,0.0,0.0,8.135236566886306e-05,0.0,0.0,0.006294463761150837,0.0,0.0,8.725885709282011e-05,0.0,0.0,0.06169401854276657,0.0,0.0,0.04035692662000656,286.3481750488281,103.20065307617188,0.7414066195487976,283.07794189453125,59.27111053466797,0.5315960645675659,215.52793884277344,82.27536010742188,0.9165030717849731,230.9756317138672,52.1055908203125,0.8064406514167786,0.0,0.0,0.47867441177368164,0.0,0.0,0.4222949147224426,0.0,0.0,0.01839546486735344,0.0,0.0,0.015863582491874695,0.0,0.0,0.0005552351358346641,0.0,0.0,0.0006094931741245091
631,True,0.0,0.0,0.0031850002706050873,0.0,0.0,0.0011011305032297969,0.0,0.0,9.497800056124106e-05,0.0,0.0,0.005671583116054535,0.0,0.0,0.00011043906852137297,0.0,0.0,0.060478053987026215,0.0,0.0,0.048622239381074905,287.0285949707031,100.43474578857422,0.7324559688568115,282.08319091796875,58.04302978515625,0.5849121809005737,215.4619140625,81.60665893554688,0.9108070135116577,230.75894165039062,50.95983123779297,0.8260259032249451,278.92022705078125,188.28680419921875,0.5111067295074463,0.0,0.0,0.47543299198150635,0.0,0.0,0.018674176186323166,0.0,0.0,0.017487946897745132,0.0,0.0,0.0005421589012257755,0.0,0.0,0.0006291964673437178
632,True,0.0,0.0,0.0033443847205489874,0.0,0.0,0.0012362223351374269,0.0,0.0,9.07100475160405e-05,0.0,0.0,0.006372202653437853,0.0,0.0,9.74382201093249e-05,0.0,0.0,0.061081964522600174,0.0,0.0,0.044865041971206665,287.0458068847656,102.47077178955078,0.7367653250694275,282.6482849121094,58.23114013671875,0.5592970848083496,214.92059326171875,81.79713439941406,0.9136791825294495,229.82699584960938,49.954689025878906,0.8148529529571533,0.0,0.0,0.499578595161438,0.0,0.0,0.4560490846633911,0.0,0.0,0.019140129908919334,0.0,0.0,0.017196472734212875,0.0,0.0,0.0005595245165750384,0.0,0.0,0.0006330089527182281
633,True,0.0,0.0,0.0027972243260592222,0.0,0.0,0.0010563516989350319,0.0,0.0,6.562777707586065e-05,0.0,0.0,0.005859630648046732,0.0,0.0,7.464906957466155e-05,0.0,0.0,0.06549760699272156,0.0,0.0,0.03383907675743103,288.43133544921875,106.45635986328125,0.7845732569694519,286.9066467285156,57.305519104003906,0.5132604241371155,216.0380859375,83.78097534179688,0.9394165873527527,232.76324462890625,50.29042053222656,0.8202900886535645,0.0,0.0,0.48512721061706543,0.0,0.0,0.4001179039478302,0.0,0.0,0.022495904937386513,0.0,0.0,0.01723342388868332,0.0,0.0,0.0006531951949000359,0.0,0.0,0.0006582769565284252
634,True,0.0,0.0,0.0012962432811036706,0.0,0.0,0.0003902761382050812,0.0,0.0,4.0026458009378985e-05,0.0,0.0,0.0022569934371858835,0.0,0.0,6.496915739262477e-05,0.0,0.0,0.04450064152479172,0.0,0.0,0.024307843297719955,287.86798095703125,108.87852478027344,0.7940677404403687,283.994873046875,54.93611145019531,0.5584867000579834,214.60293579101562,83.78659057617188,0.9483077526092529,229.951416015625,56.31355285644531,0.861155092716217,279.9012451171875,189.86814880371094,0.5556312203407288,0.0,0.0,0.46955734491348267,0.0,0.0,0.024109886959195137,0.0,0.0,0.01854926347732544,0.0,0.0,0.0006797055248171091,0.0,0.0,0.000675227667670697
635,True,0.0,0.0,0.004107020329684019,0.0,0.0,0.0014028248842805624,0.0,0.0,0.00011798871855717152,0.0,0.0,0.005471871234476566,0.0,0.0,0.0001312133390456438,0.0,0.0,0.0818767100572586,0.0,0.0,0.047368474304676056,292.5873718261719,99.2432861328125,0.7958203554153442,281.23797607421875,49.62879180908203,0.5365505218505859,212.01605224609375,80.68643188476562,0.9424655437469482,227.34996032714844,53.3746337890625,0.8347082734107971,283.9740905761719,186.41192626953125,0.5935397148132324,271.9601135253906,173.20556640625,0.5089104771614075,0.0,0.0,0.02754669263958931,0.0,0.0,0.020748289301991463,0.0,0.0,0.0007148453732952476,0.0,0.0,0.0007165887509472668
636,True,0.0,0.0,0.003841981990262866,0.0,0.0,0.001492439303547144,0.0,0.0,9.362323908135295e-05,0.0,0.0,0.009262357838451862,0.0,0.0,0.00011597384582273662,0.0,0.0,0.09044451266527176,0.0,0.0,0.06400604546070099,285.3868713378906,104.52764892578125,0.7731523513793945,284.3866271972656,53.79853820800781,0.5949098467826843,214.53482055664062,80.48820495605469,0.9218577742576599,230.99290466308594,45.47837829589844,0.8251816034317017,278.5036926269531,188.2720947265625,0.5713000893592834,272.5846252441406,175.28057861328125,0.52530437707901,0.0,0.0,0.027424434199929237,0.0,0.0,0.0245435182005167,0.0,0.0,0.0007498668855987489,0.0,0.0,0.0008529115584678948
637,True,0.0,0.0,0.0031174304895102978,0.0,0.0,0.0012214279267936945,0.0,0.0,7.480712520191446e-05,0.0,0.0,0.007480429019778967,0.0,0.0,9.294257324654609e-05,0.0,0.0,0.07661334425210953,0.0,0.0,0.04904104769229889,283.4933166503906,104.49011993408203,0.776182234287262,283.5937805175781,52.526832580566406,0.5775970220565796,213.1517791748047,80.51594543457031,0.9254582524299622,231.23109436035156,44.02699279785156,0.8255481123924255,278.74713134765625,187.4165496826172,0.5668511390686035,271.6439208984375,174.29425048828125,0.5117168426513672,0.0,0.0,0.027026431635022163,0.0,0.0,0.02354610711336136,0.0,0.0,0.000737809925340116,0.0,0.0,0.00082401093095541
638,True,0.0,0.0,0.004252620041370392,0.0,0.0,0.0016877972520887852,0.0,0.0,0.00010118260252056643,0.0,0.0,0.009982985444366932,0.0,0.0,0.00011447279393905774,0.0,0.0,0.09492960572242737,0.0,0.0,0.06386929005384445,285.2496643066406,101.21045684814453,0.7881496548652649,284.2119140625,52.16608428955078,0.591500997543335,212.86181640625,80.32820129394531,0.9265317320823669,230.78668212890625,44.4150390625,0.8237131237983704,278.8461608886719,187.77786254882812,0.577463686466217,272.3559875488281,174.72119140625,0.5246307253837585,0.0,0.0,0.028418397530913353,0.0,0.0,0.024398980662226677,0.0,0.0,0.0007939303759485483,0.0,0.0,0.0008812181185930967
639,True,0.0,0.0,0.0009598447941243649,0.0,0.0,0.0003017381823156029,0.0,0.0,2.8571594157256186e-05,0.0,0.0,0.002469860715791583,0.0,0.0,7.105733675416559e-05,0.0,0.0,0.050631508231163025,0.0,0.0,0.025800559669733047,279.5078430175781,102.71984100341797,0.7883506417274475,281.6885681152344,51.86334228515625,0.5225258469581604,210.464111328125,80.603271484375,0.933759868144989,230.07705688476562,53.795387268066406,0.8237699270248413,278.13897705078125,184.21832275390625,0.6094202399253845,271.8972473144531,171.43836975097656,0.5160990357398987,0.0,0.0,0.026893354952335358,0.0,0.0,0.0202820785343647,0.0,0.0,0.000671960471663624,0.0,0.0,0.000655057025142014
640,True,0.0,0.0,0.004078349098563194,0.0,0.0,0.0014216724084690213,0.0,0.0,0.00011618483404163271,0.0,0.0,0.01081671379506588,0.0,0.0,0.00021448303596116602,0.0,0.0,0.12730734050273895,0.0,0.0,0.09662400186061859,281.9432373046875,102.2340087890625,0.7665820121765137,284.2985534667969,56.74449920654297,0.611656904220581,211.13063049316406,79.70191955566406,0.8986154198646545,229.88540649414062,47.08711242675781,0.8039211630821228,275.15582275390625,184.7047882080078,0.6236023306846619,273.8592834472656,172.86021423339844,0.5855565667152405,0.0,0.0,0.030200190842151642,0.0,0.0,0.02881276048719883,0.0,0.0,0.0007036695606075227,0.0,0.0,0.0008308098185807467
641,True,0.0,0.0,0.004418741445988417,0.0,0.0,0.0015832839999347925,0.0,0.0,0.00012574440916068852,0.0,0.0,0.008572645485401154,0.0,0.0,0.00015668864944018424,0.0,0.0,0.09167832881212234,0.0,0.0,0.06813300400972366,284.47393798828125,103.21516418457031,0.7376317381858826,284.1968078613281,55.07127380371094,0.5864638090133667,210.67584228515625,80.91828155517578,0.8991544842720032,230.06997680664062,48.002845764160156,0.8097856044769287,276.3023681640625,187.54490661621094,0.572172999382019,270.57177734375,174.97402954101562,0.5388003587722778,0.0,0.0,0.024215292185544968,0.0,0.0,0.023893505334854126,0.0,0.0,0.0006141809280961752,0.0,0.0,0.0007483716472052038
642,True,0.0,0.0,0.0037455216515809298,0.0,0.0,0.0013999276561662555,0.0,0.0,9.64464052231051e-05,0.0,0.0,0.008203631266951561,0.0,0.0,0.00013180082896724343,0.0,0.0,0.09590335935354233,0.0,0.0,0.05211736261844635,282.7021789550781,106.12378692626953,0.7673030495643616,285.151123046875,54.27919006347656,0.5168662667274475,209.2506561279297,80.41702270507812,0.9128848910331726,229.82720947265625,47.61326599121094,0.7847808599472046,276.6239013671875,187.86802673339844,0.5550327301025391,0.0,0.0,0.4828208088874817,0.0,0.0,0.026692181825637817,0.0,0.0,0.022544890642166138,0.0,0.0,0.0007049431442283094,0.0,0.0,0.0007672811043448746
643,True,0.0,0.0,0.003538240911439061,0.0,0.0,0.001312898937612772,0.0,0.0,9.594363655196503e-05,0.0,0.0,0.008009360171854496,0.0,0.0,0.00013709829363506287,0.0,0.0,0.09011715650558472,0.0,0.0,0.05145370960235596,282.4659729003906,101.73662567138672,0.7630335688591003,284.3355407714844,50.62969970703125,0.524057924747467,208.66424560546875,80.03428649902344,0.9087710976600647,228.5664520263672,46.472412109375,0.7834839820861816,275.53204345703125,185.91656494140625,0.5817436575889587,271.649658203125,172.85354614257812,0.5136800408363342,0.0,0.0,0.02645232528448105,0.0,0.0,0.02283134125173092,0.0,0.0,0.0006704802508465946,0.0,0.0,0.0007425853982567787
644,True,0.0,0.0,0.0031597279012203217,0.0,0.0,0.0011975511442869902,0.0,0.0,8.48036797833629e-05,0.0,0.0,0.007145995274186134,0.0,0.0,0.0001165655703516677,0.0,0.0,0.08179982006549835,0.0,0.0,0.044863369315862656,281.2166442871094,102.71764373779297,0.7627190947532654,283.3036804199219,51.923614501953125,0.5156089663505554,208.66162109375,79.93733978271484,0.910895824432373,230.35597229003906,45.75428009033203,0.7837364077568054,276.1160583496094,186.6629638671875,0.5785848498344421,270.7548828125,173.57489013671875,0.5056073665618896,0.0,0.0,0.026785491034388542,0.0,0.0,0.022562038153409958,0.0,0.0,0.0006981226033531129,0.0,0.0,0.0007582941907458007
645,True,0.0,0.0,0.0027157911099493504,0.0,0.0,0.0010089470306411386,0.0,0.0,7.301333243958652e-05,0.0,0.0,0.0065435562282800674,0.0,0.0,0.00011189097131136805,0.0,0.0,0.07797272503376007,0.0,0.0,0.04588935896754265,278.9528503417969,101.29682922363281,0.7691925764083862,280.9877624511719,50.900360107421875,0.5554517507553101,207.40130615234375,79.03983306884766,0.9086537957191467,228.0155029296875,43.465003967285156,0.7980334162712097,275.9996032714844,186.48678588867188,0.5982950925827026,269.2347412109375,173.74642944335938,0.5368148684501648,0.0,0.0,0.023070357739925385,0.0,0.0,0.02051476761698723,0.0,0.0,0.0005460315733216703,0.0,0.0,0.0006192954024299979
646,True,0.0,0.0,0.000507480523083359,0.0,0.0,0.00015534827252849936,0.0,0.0,1.58639122673776e-05,0.0,0.0,0.0011036405339837074,0.0,0.0,4.020810592919588e-05,0.0,0.0,0.03252405300736427,0.0,0.0,0.010064779780805111,278.2507629394531,102.19488525390625,0.8243834972381592,0.0,0.0,0.4280184507369995,203.5188446044922,78.53123474121094,0.9548938870429993,226.11300659179688,52.387027740478516,0.8271158933639526,277.9490051269531,189.27310180664062,0.6863776445388794,267.90545654296875,176.76890563964844,0.5374684929847717,0.0,0.0,0.028421835973858833,0.0,0.0,0.01751459389925003,0.0,0.0,0.0005904480931349099,0.0,0.0,0.0004879685293417424
647,True,0.0,0.0,0.0027734979521483183,0.0,0.0,0.0010235528461635113,0.0,0.0,8.0901721958071e-05,0.0,0.0,0.006181059870868921,0.0,0.0,0.00011693160195136443,0.0,0.0,0.07293824851512909,0.0,0.0,0.04322170093655586,280.5169677734375,100.53993225097656,0.7627704739570618,279.1896667480469,48.59656524658203,0.5444162487983704,206.7577362060547,79.89175415039062,0.9093239307403564,225.48126220703125,43.159324645996094,0.7972778081893921,274.87713623046875,184.5132293701172,0.623558521270752,267.3016052246094,171.41064453125,0.5602688789367676,0.0,0.0,0.0264185331761837,0.0,0.0,0.02327159233391285,0.0,0.0,0.0006232935702428222,0.0,0.0,0.0007001474150456488
648,True,0.0,0.0,0.0029502485413104296,0.0,0.0,0.0011022608960047364,0.0,0.0,7.87184399086982e-05,0.0,0.0,0.006692645139992237,0.0,0.0,0.00011008735600626096,0.0,0.0,0.08123195916414261,0.0,0.0,0.046955306082963943,281.163818359375,102.64991760253906,0.7883524894714355,279.55950927734375,49.79656982421875,0.5710787177085876,206.81324768066406,81.25888061523438,0.9238337278366089,225.92459106445312,43.515625,0.8216012716293335,276.7528991699219,185.47149658203125,0.6144006252288818,269.3758239746094,172.24594116210938,0.5477354526519775,0.0,0.0,0.024966590106487274,0.0,0.0,0.02174268290400505,0.0,0.0,0.0005603741738013923,0.0,0.0,0.0006272248574532568
649,True,0.0,0.0,0.0026830441784113646,0.0,0.0,0.001018075505271554,0.0,0.0,7.119814836187288e-05,0.0,0.0,0.007136599626392126,0.0,0.0,0.00011502261622808874,0.0,0.0,0.08356630057096481,0.0,0.0,0.04657940939068794,279.21807861328125,98.77330017089844,0.7714987993240356,279.3421630859375,48.74463653564453,0.5303424000740051,206.0115203857422,80.40383911132812,0.9075065851211548,225.12657165527344,42.698753356933594,0.7845384478569031,275.44403076171875,185.35643005371094,0.6130713224411011,269.88604736328125,172.9178924560547,0.5425506830215454,0.0,0.0,0.02494058944284916,0.0,0.0,0.021587220951914787,0.0,0.0,0.0005791164003312588,0.0,0.0,0.0006458794232457876
650,True,0.0,0.0,0.003202006919309497,0.0,0.0,0.0012188049731776118,0.0,0.0,8.732119749765843e-05,0.0,0.0,0.007204898167401552,0.0,0.0,0.00011154911044286564,0.0,0.0,0.07538808882236481,0.0,0.0,0.050756849348545074,280.6148376464844,99.08478546142578,0.744613766670227,278.19219970703125,50.42871856689453,0.5603417754173279,206.89382934570312,80.673828125,0.899001955986023,225.0020751953125,44.01927947998047,0.7983984351158142,275.61328125,186.80313110351562,0.588519275188446,267.45794677734375,174.1798553466797,0.5426685810089111,0.0,0.0,0.02206931822001934,0.0,0.0,0.020880239084362984,0.0,0.0,0.0005587732885032892,0.0,0.0,0.0006667734705843031
651,True,0.0,0.0,0.003150762291625142,0.0,0.0,0.0012114276178181171,0.0,0.0,8.622770837973803e-05,0.0,0.0,0.007305111736059189,0.0,0.0,0.00011406897101551294,0.0,0.0,0.07802388072013855,0.0,0.0,0.048805221915245056,279.84722900390625,99.29923248291016,0.7507057785987854,278.2506408691406,50.145660400390625,0.5456362962722778,206.62071228027344,80.78152465820312,0.8993170261383057,225.17831420898438,43.5599365234375,0.789896547794342,275.95050048828125,186.81381225585938,0.5941346883773804,268.0581359863281,174.16006469726562,0.5396089553833008,0.0,0.0,0.022676611319184303,0.0,0.0,0.02082960121333599,0.0,0.0,0.0005719700711779296,0.0,0.0,0.0006692971801385283
652,True,0.0,0.0,0.0035799313336610794,0.0,0.0,0.0013248708564788103,0.0,0.0,0.0001057895933627151,0.0,0.0,0.006895372644066811,0.0,0.0,0.00012286189303267747,0.0,0.0,0.07204076647758484,0.0,0.0,0.05217162147164345,281.44580078125,100.38664245605469,0.7359530925750732,276.9814758300781,50.68891906738281,0.5792202353477478,206.7439422607422,80.73464965820312,0.8995729684829712,224.28631591796875,43.75440216064453,0.8129732012748718,276.23345947265625,186.52374267578125,0.5886492729187012,266.6040954589844,173.79502868652344,0.552645206451416,0.0,0.0,0.021462170407176018,0.0,0.0,0.021070800721645355,0.0,0.0,0.0005250388639979064,0.0,0.0,0.0006420693243853748
653,True,0.0,0.0,0.0031132157891988754,0.0,0.0,0.0011421589879319072,0.0,0.0,9.040331497089937e-05,0.0,0.0,0.006255853921175003,0.0,0.0,0.00011454256309662014,0.0,0.0,0.07189885526895523,0.0,0.0,0.04776685684919357,280.6851501464844,103.29440307617188,0.7537322640419006,277.5490417480469,51.885475158691406,0.5764588117599487,206.74783325195312,80.673583984375,0.9064782857894897,225.13714599609375,44.41285705566406,0.8132292032241821,275.97015380859375,186.73814392089844,0.6010220050811768,266.50390625,173.63116455078125,0.554092526435852,0.0,0.0,0.022059805691242218,0.0,0.0,0.0207346361130476,0.0,0.0,0.0005252117407508194,0.0,0.0,0.000621139130089432
654,True,0.0,0.0,0.002969778375700116,0.0,0.0,0.001142876222729683,0.0,0.0,8.08125187177211e-05,0.0,0.0,0.006165426690131426,0.0,0.0,9.658068302087486e-05,0.0,0.0,0.06913329660892487,0.0,0.0,0.04013035446405411,280.1805419921875,104.36363983154297,0.7548933625221252,277.55548095703125,53.27734375,0.5343343019485474,206.06405639648438,80.93572235107422,0.9054107666015625,225.040283203125,45.80113220214844,0.792138397693634,277.215576171875,188.3025665283203,0.5712586641311646,266.8174133300781,175.1648406982422,0.5106685757637024,0.0,0.0,0.020169872790575027,0.0,0.0,0.017919015139341354,0.0,0.0,0.0005110722850076854,0.0,0.0,0.0005834063631482422
655,True,0.0,0.0,0.003504948690533638,0.0,0.0,0.0013465156080201268,0.0,0.0,9.70808687270619e-05,0.0,0.0,0.007432054728269577,0.0,0.0,0.00012038085696985945,0.0,0.0,0.08031557500362396,0.0,0.0,0.048921529203653336,279.1985778808594,102.70741271972656,0.7606239914894104,278.1068115234375,53.71553039550781,0.5469846725463867,206.8333740234375,81.03457641601562,0.9065965414047241,225.64169311523438,45.712921142578125,0.796307384967804,277.7879638671875,188.0146026611328,0.5716812610626221,268.8880920410156,175.30674743652344,0.5122418403625488,0.0,0.0,0.02040090411901474,0.0,0.0,0.018050318583846092,0.0,0.0,0.0005172601668164134,0.0,0.0,0.0005872977781109512
656,True,0.0,0.0,0.004343041684478521,0.0,0.0,0.0017481036484241486,0.0,0.0,0.00011283309140708297,0.0,0.0,0.009101076051592827,0.0,0.0,0.000125335602206178,0.0,0.0,0.0880507230758667,0.0,0.0,0.05493377521634102,279.9588623046875,103.28702545166016,0.760309636592865,278.80975341796875,54.85595703125,0.5485110878944397,207.38906860351562,80.69358825683594,0.904039204120636,224.64590454101562,47.07855224609375,0.7901018261909485,278.3597412109375,189.975341796875,0.5513848662376404,0.0,0.0,0.49658918380737305,0.0,0.0,0.019284335896372795,0.0,0.0,0.017124149948358536,0.0,0.0,0.00052358751418069,0.0,0.0,0.0006000955472700298
657,True,0.0,0.0,0.0037556206807494164,0.0,0.0,0.0014516348019242287,0.0,0.0,9.779073297977448e-05,0.0,0.0,0.008632033132016659,0.0,0.0,0.00013393867993727326,0.0,0.0,0.09809315204620361,0.0,0.0,0.05813697353005409,278.1130676269531,102.63703918457031,0.7710362672805786,277.8028259277344,53.98320007324219,0.5487304925918579,206.49356079101562,80.3727035522461,0.9040054082870483,224.6837615966797,46.804718017578125,0.7869022488594055,277.2843322753906,188.94554138183594,0.5607113838195801,0.0,0.0,0.4986383020877838,0.0,0.0,0.019834203645586967,0.0,0.0,0.017377275973558426,0.0,0.0,0.0005205746274441481,0.0,0.0,0.0005872026085853577
658,True,0.0,0.0,0.003749028779566288,0.0,0.0,0.0014434382319450378,0.0,0.0,9.588665852788836e-05,0.0,0.0,0.008543507196009159,0.0,0.0,0.0001336632267339155,0.0,0.0,0.09948260337114334,0.0,0.0,0.05613057687878609,278.3084716796875,103.72797393798828,0.7695498466491699,278.5234375,54.36370849609375,0.5299179553985596,206.68984985351562,80.53955078125,0.9040279984474182,224.7971954345703,47.20491027832031,0.778876006603241,277.6687316894531,189.51565551757812,0.5300818681716919,0.0,0.0,0.46245113015174866,0.0,0.0,0.018915599212050438,0.0,0.0,0.016224222257733345,0.0,0.0,0.0005200206069275737,0.0,0.0,0.0005772573640570045
659,True,0.0,0.0,0.003905700519680977,0.0,0.0,0.0015087762149050832,0.0,0.0,9.844350279308856e-05,0.0,0.0,0.009617538191378117,0.0,0.0,0.0001489949645474553,0.0,0.0,0.11532261967658997,0.0,0.0,0.06297322362661362,277.3457336425781,102.31474304199219,0.7852506637573242,278.1234130859375,54.109825134277344,0.5361009836196899,206.14151000976562,80.40435028076172,0.9052833318710327,224.18174743652344,46.55333709716797,0.7756598591804504,277.26544189453125,188.62539672851562,0.551504373550415,0.0,0.0,0.47756126523017883,0.0,0.0,0.019276689738035202,0.0,0.0,0.01631113700568676,0.0,0.0,0.0004980219528079033,0.0,0.0,0.0005472473567351699
660,True,0.0,0.0,0.0033650563564151525,0.0,0.0,0.0012404272565618157,0.0,0.0,8.756360330153257e-05,0.0,0.0,0.007577172946184874,0.0,0.0,0.0001312734093517065,0.0,0.0,0.09931395202875137,0.0,0.0,0.05494452267885208,278.5247497558594,104.79147338867188,0.7763091325759888,279.0283203125,55.34148406982422,0.5415531992912292,206.40786743164062,80.6483154296875,0.9068820476531982,225.18861389160156,47.45630645751953,0.7868923544883728,276.8456115722656,189.52737426757812,0.5393770337104797,0.0,0.0,0.4704846143722534,0.0,0.0,0.018601037561893463,0.0,0.0,0.016111768782138824,0.0,0.0,0.00048166944179683924,0.0,0.0,0.0005359284114092588
661,True,0.0,0.0,0.003186732530593872,0.0,0.0,0.0012117276201024652,0.0,0.0,7.921105861896649e-05,0.0,0.0,0.008048930205404758,0.0,0.0,0.00012755978968925774,0.0,0.0,0.10045599192380905,0.0,0.0,0.05486791580915451,276.59405517578125,104.72451782226562,0.7766366600990295,278.612060546875,54.88218688964844,0.5353014469146729,206.127685546875,80.30397033691406,0.9045607447624207,224.57501220703125,46.970069885253906,0.778801441192627,276.9727783203125,189.7869110107422,0.5353170037269592,0.0,0.0,0.4658544659614563,0.0,0.0,0.018756914883852005,0.0,0.0,0.016032636165618896,0.0,0.0,0.0004954117466695607,0.0,0.0,0.0005473099881783128
662,True,0.0,0.0,0.003370234975591302,0.0,0.0,0.0013302902225404978,0.0,0.0,8.012207399588078e-05,0.0,0.0,0.007983268238604069,0.0,0.0,0.00010473016300238669,0.0,0.0,0.09177546948194504,0.0,0.0,0.049724556505680084,278.61956787109375,105.7873306274414,0.7821508646011353,279.3365173339844,54.257781982421875,0.5442792773246765,207.4618377685547,81.48377990722656,0.9140067100524902,225.93838500976562,45.55024719238281,0.7934430241584778,276.9209899902344,189.80577087402344,0.5501356720924377,0.0,0.0,0.48126715421676636,0.0,0.0,0.020131854340434074,0.0,0.0,0.01711929589509964,0.0,0.0,0.0005180651787668467,0.0,0.0,0.0005723247886635363
663,True,0.0,0.0,0.0030735719483345747,0.0,0.0,0.001202033250592649,0.0,0.0,7.146759890019894e-05,0.0,0.0,0.008330734446644783,0.0,0.0,0.00010818534065037966,0.0,0.0,0.0978654995560646,0.0,0.0,0.05527695640921593,277.98577880859375,105.09062194824219,0.7784874439239502,279.8949890136719,54.28515625,0.5533579587936401,207.5214385986328,80.67697143554688,0.9068179130554199,225.8098907470703,45.450286865234375,0.7866836786270142,276.1903991699219,189.39996337890625,0.56220543384552,0.0,0.0,0.49944961071014404,0.0,0.0,0.02064080350100994,0.0,0.0,0.01800640858709812,0.0,0.0,0.0005159369902685285,0.0,0.0,0.0005816246848553419
664,True,0.0,0.0,0.002954664407297969,0.0,0.0,0.0011487450683489442,0.0,0.0,6.809629849158227e-05,0.0,0.0,0.008079092018306255,0.0,0.0,0.00010576468048384413,0.0,0.0,0.09742225706577301,0.0,0.0,0.05367140471935272,278.0301818847656,105.24807739257812,0.7824652194976807,279.9200439453125,54.04181671142578,0.5527224540710449,207.57176208496094,80.98249816894531,0.9086848497390747,225.38858032226562,44.97721862792969,0.7877288460731506,275.9112854003906,189.209228515625,0.5627949237823486,0.0,0.0,0.49718329310417175,0.0,0.0,0.02050219103693962,0.0,0.0,0.01776362583041191,0.0,0.0,0.000506550190038979,0.0,0.0,0.0005684103816747665
665,True,0.0,0.0,0.0034090462140738964,0.0,0.0,0.0013180520618334413,0.0,0.0,8.161896403180435e-05,0.0,0.0,0.0076345838606357574,0.0,0.0,9.67997548286803e-05,0.0,0.0,0.08177095651626587,0.0,0.0,0.053775765001773834,280.0589599609375,106.39700317382812,0.758424699306488,279.056884765625,54.08470916748047,0.5746749639511108,208.46087646484375,81.03600311279297,0.9088010191917419,226.09716796875,45.05549621582031,0.8076655268669128,276.259033203125,191.009521484375,0.543503999710083,0.0,0.0,0.49989053606987,0.0,0.0,0.02035757713019848,0.0,0.0,0.018695274367928505,0.0,0.0,0.0005447309231385589,0.0,0.0,0.0006353810313157737
666,True,0.0,0.0,0.0029258483555167913,0.0,0.0,0.0011192124802619219,0.0,0.0,6.966671935515478e-05,0.0,0.0,0.007373946253210306,0.0,0.0,9.80554468696937e-05,0.0,0.0,0.0827752873301506,0.0,0.0,0.05457080155611038,278.41131591796875,105.4102554321289,0.7645605206489563,279.1599426269531,53.56261444091797,0.5861113667488098,207.8009490966797,80.91242980957031,0.9062674045562744,225.80181884765625,44.51190948486328,0.8067601323127747,276.2003173828125,190.05120849609375,0.563403308391571,268.36590576171875,176.6654510498047,0.5203490257263184,0.0,0.0,0.019966715946793556,0.0,0.0,0.018501896411180496,0.0,0.0,0.0005026111612096429,0.0,0.0,0.0005910114850848913
667,True,0.0,0.0,0.003141899360343814,0.0,0.0,0.0012078960426151752,0.0,0.0,7.428859680658206e-05,0.0,0.0,0.00847568828612566,0.0,0.0,0.00011010931484634057,0.0,0.0,0.0953536182641983,0.0,0.0,0.06105136498808861,278.33782958984375,105.66787719726562,0.7761122584342957,279.7384033203125,53.78106689453125,0.5842399001121521,207.6374053955078,80.64849090576172,0.9073538780212402,225.51400756835938,44.96812438964844,0.8007323145866394,276.1571044921875,189.61366271972656,0.5710546374320984,269.4873352050781,176.49029541015625,0.5225210189819336,0.0,0.0,0.02077498845756054,0.0,0.0,0.018843600526452065,0.0,0.0,0.0005178943392820656,0.0,0.0,0.0005997184780426323
668,True,0.0,0.0,0.003683608490973711,0.0,0.0,0.001423981273546815,0.0,0.0,9.342578414361924e-05,0.0,0.0,0.0069692088291049,0.0,0.0,9.141933696810156e-05,0.0,0.0,0.06926721334457397,0.0,0.0,0.05161775276064873,281.6884460449219,106.07742309570312,0.7350033521652222,278.59698486328125,54.39021301269531,0.5946964025497437,208.95301818847656,81.45597839355469,0.9055323600769043,227.4727783203125,46.857078552246094,0.823173999786377,277.779052734375,190.5866241455078,0.5140513777732849,0.0,0.0,0.48983141779899597,0.0,0.0,0.01818409003317356,0.0,0.0,0.017901644110679626,0.0,0.0,0.0005241946782916784,0.0,0.0,0.0006431144429370761
669,True,0.0,0.0,0.0035683836322277784,0.0,0.0,0.0013279016129672527,0.0,0.0,9.164479706669226e-05,0.0,0.0,0.00749082351103425,0.0,0.0,0.00011544126027729362,0.0,0.0,0.08940288424491882,0.0,0.0,0.05703666806221008,280.8094177246094,106.22042083740234,0.7661048769950867,279.91571044921875,56.580230712890625,0.5771521925926208,208.60182189941406,80.89411926269531,0.9105709195137024,227.93702697753906,47.82757568359375,0.8094053864479065,277.1365661621094,188.55178833007812,0.524272084236145,0.0,0.0,0.4752240777015686,0.0,0.0,0.018576981499791145,0.0,0.0,0.016823170706629753,0.0,0.0,0.0004915110184811056,0.0,0.0,0.0005628992221318185
670,True,0.0,0.0,0.0035654825624078512,0.0,0.0,0.0013885803055018187,0.0,0.0,8.776164031587541e-05,0.0,0.0,0.007818536832928658,0.0,0.0,0.00010962057422148064,0.0,0.0,0.08370799571275711,0.0,0.0,0.05232970789074898,279.77105712890625,106.53046417236328,0.7462906241416931,280.10498046875,56.91313934326172,0.5506265163421631,208.807861328125,81.03543090820312,0.903303861618042,228.05599975585938,48.55070495605469,0.7979238033294678,0.0,0.0,0.4966334104537964,0.0,0.0,0.4494617283344269,0.0,0.0,0.017893632873892784,0.0,0.0,0.016483157873153687,0.0,0.0,0.0004942509694956243,0.0,0.0,0.0005753057193942368
671,True,0.0,0.0,0.003766072215512395,0.0,0.0,0.001433263998478651,0.0,0.0,9.66868392424658e-05,0.0,0.0,0.00783176813274622,0.0,0.0,0.0001171178519143723,0.0,0.0,0.08400017023086548,0.0,0.0,0.05784853175282478,280.1470031738281,105.05458068847656,0.7473847270011902,279.0227355957031,56.738136291503906,0.5771722197532654,208.5652313232422,80.79793548583984,0.9018303751945496,226.5948486328125,48.521202087402344,0.8061686754226685,278.00885009765625,189.64981079101562,0.5199797749519348,0.0,0.0,0.48173844814300537,0.0,0.0,0.017608381807804108,0.0,0.0,0.01666371151804924,0.0,0.0,0.00046974787255749106,0.0,0.0,0.0005573740927502513
672,True,0.0,0.0,0.0035327107179909945,0.0,0.0,0.0013299683341756463,0.0,0.0,8.926493319449946e-05,0.0,0.0,0.007024788297712803,0.0,0.0,0.00010526241385377944,0.0,0.0,0.07690723240375519,0.0,0.0,0.05044165253639221,281.5353698730469,106.20624542236328,0.7443792819976807,280.10968017578125,56.938446044921875,0.555978000164032,208.90232849121094,81.20457458496094,0.9060301780700684,226.55418395996094,48.787506103515625,0.8033984899520874,0.0,0.0,0.4878399074077606,0.0,0.0,0.4439529478549957,0.0,0.0,0.017255596816539764,0.0,0.0,0.015853753313422203,0.0,0.0,0.0004932665615342557,0.0,0.0,0.0005713116261176765
673,True,0.0,0.0,0.003501612925902009,0.0,0.0,0.0013312736991792917,0.0,0.0,8.826940756989643e-05,0.0,0.0,0.007353633176535368,0.0,0.0,0.0001086887059500441,0.0,0.0,0.08046945929527283,0.0,0.0,0.0519094243645668,280.55816650390625,105.96090698242188,0.7469968199729919,279.7402648925781,56.782737731933594,0.5548520684242249,208.7391815185547,80.85496520996094,0.9046549201011658,226.86573791503906,48.99689483642578,0.800366997718811,277.6877746582031,190.07241821289062,0.5000859498977661,0.0,0.0,0.4540003538131714,0.0,0.0,0.017439264804124832,0.0,0.0,0.016003333032131195,0.0,0.0,0.0004811426915694028,0.0,0.0,0.0005572744994424284
674,True,0.0,0.0,0.0033060810528695583,0.0,0.0,0.0012315540807321668,0.0,0.0,8.313715807162225e-05,0.0,0.0,0.007109022233635187,0.0,0.0,0.0001067956691258587,0.0,0.0,0.0801672413945198,0.0,0.0,0.05223340541124344,280.88580322265625,105.65745544433594,0.7488085627555847,280.32733154296875,57.14715576171875,0.561883270740509,209.2649383544922,80.43894958496094,0.9041619896888733,227.32931518554688,49.373069763183594,0.8008649349212646,0.0,0.0,0.48892149329185486,0.0,0.0,0.44455277919769287,0.0,0.0,0.016020117327570915,0.0,0.0,0.014744730666279793,0.0,0.0,0.00044240671559236944,0.0,0.0,0.0005134330713190138
675,True,0.0,0.0,0.003351751482114196,0.0,0.0,0.0012782064732164145,0.0,0.0,8.469643944408745e-05,0.0,0.0,0.007259759586304426,0.0,0.0,0.00010653700155671686,0.0,0.0,0.07835250347852707,0.0,0.0,0.05079539120197296,280.1591491699219,104.7439956665039,0.7415438294410706,279.7203369140625,56.97190856933594,0.5546887516975403,208.8678741455078,80.40072631835938,0.898472011089325,227.59170532226562,49.20790100097656,0.7936317920684814,277.3092346191406,190.7119903564453,0.5018942356109619,0.0,0.0,0.45801594853401184,0.0,0.0,0.015931706875562668,0.0,0.0,0.014842137694358826,0.0,0.0,0.000427832652349025,0.0,0.0,0.0005020942771807313
676,True,0.0,0.0,0.003052186220884323,0.0,0.0,0.0011230818927288055,0.0,0.0,8.142640581354499e-05,0.0,0.0,0.006693415343761444,0.0,0.0,0.0001119522494263947,0.0,0.0,0.07511463016271591,0.0,0.0,0.051845792680978775,280.7939758300781,103.1183090209961,0.7316482663154602,279.9223937988281,56.232879638671875,0.5660189390182495,208.8682403564453,80.16822814941406,0.89308762550354,227.95127868652344,49.728759765625,0.7974535822868347,277.1047668457031,189.775146484375,0.511595606803894,0.0,0.0,0.4750171899795532,0.0,0.0,0.015959084033966064,0.0,0.0,0.015443362295627594,0.0,0.0,0.0004229606129229069,0.0,0.0,0.0005095861852169037
677,True,0.0,0.0,0.0032690507359802723,0.0,0.0,0.0012439294951036572,0.0,0.0,8.479430107399821e-05,0.0,0.0,0.007113812956959009,0.0,0.0,0.00010521915828576311,0.0,0.0,0.07409320771694183,0.0,0.0,0.05234399065375328,280.25408935546875,103.91826629638672,0.7375510334968567,279.6783447265625,56.70269012451172,0.5756219625473022,209.20474243164062,80.91739654541016,0.8986467123031616,228.93905639648438,50.066444396972656,0.8045550584793091,277.5541687011719,190.17010498046875,0.5017015337944031,0.0,0.0,0.46680670976638794,0.0,0.0,0.015367072075605392,0.0,0.0,0.014694994315505028,0.0,0.0,0.0004194025241304189,0.0,0.0,0.0005006507271900773
678,True,0.0,0.0,0.002959241857752204,0.0,0.0,0.0011170778889209032,0.0,0.0,7.438891043420881e-05,0.0,0.0,0.007081188261508942,0.0,0.0,0.00010491229477338493,0.0,0.0,0.07893902063369751,0.0,0.0,0.05285501852631569,279.49822998046875,102.77899932861328,0.7580772042274475,280.7012634277344,56.161468505859375,0.5826736688613892,209.5622100830078,80.62556457519531,0.9044572114944458,229.74867248535156,49.84381103515625,0.8081993460655212,278.6311950683594,189.60873413085938,0.5111879110336304,0.0,0.0,0.4679604172706604,0.0,0.0,0.015068430453538895,0.0,0.0,0.014125547371804714,0.0,0.0,0.00039502501022070646,0.0,0.0,0.00046582656796090305
679,True,0.0,0.0,0.002941081067547202,0.0,0.0,0.00111877650488168,0.0,0.0,7.394432759610936e-05,0.0,0.0,0.007273382041603327,0.0,0.0,0.000108621250547003,0.0,0.0,0.08318006992340088,0.0,0.0,0.05298038572072983,279.1672058105469,102.92076110839844,0.7641925811767578,281.0797119140625,55.944854736328125,0.5749112367630005,209.25833129882812,80.45014953613281,0.9046976566314697,230.1581268310547,49.72509002685547,0.8018587827682495,278.47216796875,189.00747680664062,0.5230740308761597,0.0,0.0,0.4734590947628021,0.0,0.0,0.01606019400060177,0.0,0.0,0.014729941263794899,0.0,0.0,0.00041921305819414556,0.0,0.0,0.00048669520765542984
680,True,0.0,0.0,0.0030142772011458874,0.0,0.0,0.0011177175911143422,0.0,0.0,8.04323426564224e-05,0.0,0.0,0.007061928976327181,0.0,0.0,0.0001150039752246812,0.0,0.0,0.07709158211946487,0.0,0.0,0.058339476585388184,279.43389892578125,101.73892211914062,0.7439429759979248,280.532470703125,56.1453857421875,0.6070417761802673,209.47413635253906,80.12848663330078,0.8962078094482422,230.02734375,50.30963897705078,0.8136091232299805,278.2454833984375,188.87832641601562,0.5307841897010803,268.2326965332031,176.5218505859375,0.503111720085144,0.0,0.0,0.01575709506869316,0.0,0.0,0.015646306797862053,0.0,0.0,0.00041100798989646137,0.0,0.0,0.0005047168233431876
681,True,0.0,0.0,0.0030376070644706488,0.0,0.0,0.00113907759077847,0.0,0.0,8.040695684030652e-05,0.0,0.0,0.007297725882381201,0.0,0.0,0.0001172805714304559,0.0,0.0,0.0778089091181755,0.0,0.0,0.05734393373131752,278.622802734375,102.25210571289062,0.7352859377861023,281.0616760253906,55.621551513671875,0.5896132588386536,208.23037719726562,79.82044982910156,0.8882460594177246,229.93179321289062,49.05476379394531,0.7988618016242981,278.0729675292969,190.0382843017578,0.5209137797355652,0.0,0.0,0.49273648858070374,0.0,0.0,0.015690676867961884,0.0,0.0,0.01557682454586029,0.0,0.0,0.00042661858606152236,0.0,0.0,0.000525536248460412
682,True,0.0,0.0,0.0033349981531500816,0.0,0.0,0.00125739979557693,0.0,0.0,8.723938663024455e-05,0.0,0.0,0.007028751540929079,0.0,0.0,0.0001118985383072868,0.0,0.0,0.07483971118927002,0.0,0.0,0.052782658487558365,279.75732421875,103.47688293457031,0.7293661236763,281.30035400390625,54.151123046875,0.574630856513977,208.00277709960938,80.0771484375,0.8924886584281921,230.4940948486328,48.13877868652344,0.8011001944541931,278.0457458496094,189.56495666503906,0.5004218816757202,0.0,0.0,0.46976548433303833,0.0,0.0,0.015944981947541237,0.0,0.0,0.015750108286738396,0.0,0.0,0.0004492771113291383,0.0,0.0,0.0005505675217136741
683,True,0.0,0.0,0.003631054889410734,0.0,0.0,0.0013943936210125685,0.0,0.0,9.576786396792158e-05,0.0,0.0,0.0075548565946519375,0.0,0.0,0.00011277242447249591,0.0,0.0,0.07106907665729523,0.0,0.0,0.05619601905345917,279.8160705566406,103.07959747314453,0.7076514363288879,281.2001953125,53.047157287597656,0.5862963199615479,208.30355834960938,80.73092651367188,0.8852956295013428,230.43057250976562,47.04792785644531,0.8065170645713806,0.0,0.0,0.4931054413318634,0.0,0.0,0.47828176617622375,0.0,0.0,0.015894094482064247,0.0,0.0,0.01663953810930252,0.0,0.0,0.00045768942800350487,0.0,0.0,0.0005872373003512621
684,True,0.0,0.0,0.003364215139299631,0.0,0.0,0.0012646254617720842,0.0,0.0,8.882187830749899e-05,0.0,0.0,0.006807960569858551,0.0,0.0,0.00010789132647914812,0.0,0.0,0.06840243190526962,0.0,0.0,0.04974546656012535,280.39727783203125,102.33847045898438,0.7122791409492493,281.8165283203125,53.264137268066406,0.5640344619750977,208.5662841796875,80.0390625,0.8873332142829895,230.864501953125,46.8331298828125,0.7985664010047913,0.0,0.0,0.4765026867389679,0.0,0.0,0.4502415060997009,0.0,0.0,0.014919505454599857,0.0,0.0,0.015128560364246368,0.0,0.0,0.0004399062308948487,0.0,0.0,0.000550727650988847
685,True,0.0,0.0,0.0037115952000021935,0.0,0.0,0.0013964641839265823,0.0,0.0,0.00010125451808562502,0.0,0.0,0.006948426365852356,0.0,0.0,0.00010973217285936698,0.0,0.0,0.06426133215427399,0.0,0.0,0.05284830927848816,281.32403564453125,101.76910400390625,0.6980446577072144,281.2539978027344,53.6455078125,0.5836331248283386,208.92391967773438,79.80821228027344,0.8839214444160461,230.2928466796875,47.094200134277344,0.8087322115898132,0.0,0.0,0.47693589329719543,0.0,0.0,0.4647493064403534,0.0,0.0,0.014428588561713696,0.0,0.0,0.015366113744676113,0.0,0.0,0.00042500343988649547,0.0,0.0,0.0005514771910384297
686,True,0.0,0.0,0.004066428169608116,0.0,0.0,0.0015444844029843807,0.0,0.0,0.00010872310667764395,0.0,0.0,0.007151237688958645,0.0,0.0,0.00010671361087588593,0.0,0.0,0.06384272128343582,0.0,0.0,0.05115716531872749,282.1842956542969,102.13720703125,0.7011014223098755,281.8426513671875,53.730445861816406,0.5786246657371521,209.43460083007812,79.82946014404297,0.8901573419570923,231.17372131347656,47.24871063232422,0.81150883436203,0.0,0.0,0.45410194993019104,0.0,0.0,0.4391602873802185,0.0,0.0,0.01343541219830513,0.0,0.0,0.014011095277965069,0.0,0.0,0.0004035919555462897,0.0,0.0,0.0005154607351869345
687,True,0.0,0.0,0.004019647836685181,0.0,0.0,0.0015878735575824976,0.0,0.0,9.805423906072974e-05,0.0,0.0,0.008894545026123524,0.0,0.0,0.00012000744754914194,0.0,0.0,0.08559512346982956,0.0,0.0,0.05444927513599396,281.7095031738281,103.71134948730469,0.7349753975868225,284.34173583984375,52.982017517089844,0.5326841473579407,208.74288940429688,80.95491027832031,0.8976368308067322,231.19667053222656,48.20008087158203,0.7841742038726807,0.0,0.0,0.4874884784221649,0.0,0.0,0.4412544071674347,0.0,0.0,0.017512714490294456,0.0,0.0,0.01631840690970421,0.0,0.0,0.0005128974444232881,0.0,0.0,0.0006052470416761935
688,True,0.0,0.0,0.003822990693151951,0.0,0.0,0.0015272930031642318,0.0,0.0,9.067727660294622e-05,0.0,0.0,0.008950050920248032,0.0,0.0,0.0001145885544246994,0.0,0.0,0.08632023632526398,0.0,0.0,0.05440027639269829,280.916748046875,103.21029663085938,0.7404128313064575,283.6927795410156,52.89707946777344,0.5361618995666504,208.4577178955078,80.45784759521484,0.8983578681945801,231.17135620117188,48.052734375,0.7838677763938904,0.0,0.0,0.48533979058265686,0.0,0.0,0.4384108781814575,0.0,0.0,0.01665101945400238,0.0,0.0,0.015412217006087303,0.0,0.0,0.00047828498645685613,0.0,0.0,0.0005615130066871643
689,True,0.0,0.0,0.003839128650724888,0.0,0.0,0.0015318284276872873,0.0,0.0,8.951452764449641e-05,0.0,0.0,0.009114209562540054,0.0,0.0,0.00011625409388216212,0.0,0.0,0.09171585738658905,0.0,0.0,0.05389708653092384,280.2568359375,103.70001983642578,0.7445046901702881,283.7059631347656,53.186767578125,0.5200273990631104,208.5837860107422,81.33598327636719,0.8996782302856445,231.62950134277344,48.37329864501953,0.7764343619346619,0.0,0.0,0.46832624077796936,0.0,0.0,0.4137703478336334,0.0,0.0,0.017229272052645683,0.0,0.0,0.01546457689255476,0.0,0.0,0.0005215861019678414,0.0,0.0,0.000597940874285996
690,True,0.0,0.0,0.0030564286280423403,0.0,0.0,0.0011375736212357879,0.0,0.0,7.641685078851879e-05,0.0,0.0,0.007515452336519957,0.0,0.0,0.00012273051834199578,0.0,0.0,0.09014624357223511,0.0,0.0,0.05372978001832962,279.1354675292969,103.26698303222656,0.7551506757736206,282.81610107421875,53.191184997558594,0.5463367700576782,207.8380584716797,80.65096282958984,0.899000346660614,231.14443969726562,47.28521728515625,0.7870423197746277,277.7167663574219,189.10226440429688,0.5132082104682922,0.0,0.0,0.45750516653060913,0.0,0.0,0.017216593027114868,0.0,0.0,0.01584586687386036,0.0,0.0,0.00046026945346966386,0.0,0.0,0.0005360918585211039
691,True,0.0,0.0,0.0028395364060997963,0.0,0.0,0.0010798218427225947,0.0,0.0,6.782165291951969e-05,0.0,0.0,0.007495695725083351,0.0,0.0,0.00011229822121094912,0.0,0.0,0.08952290564775467,0.0,0.0,0.04895341768860817,279.0740051269531,104.22785186767578,0.7586868405342102,283.3323669433594,52.602882385253906,0.5270405411720276,208.2266845703125,81.20001220703125,0.9021314382553101,230.48611450195312,46.05101776123047,0.7810527682304382,277.3170471191406,188.8482208251953,0.5083836317062378,0.0,0.0,0.4443490505218506,0.0,0.0,0.017862485721707344,0.0,0.0,0.01599819026887417,0.0,0.0,0.0004738655989058316,0.0,0.0,0.0005423268303275108
692,True,0.0,0.0,0.0031014406122267246,0.0,0.0,0.001162051223218441,0.0,0.0,7.604784332215786e-05,0.0,0.0,0.00820908322930336,0.0,0.0,0.00012748281005769968,0.0,0.0,0.09788226336240768,0.0,0.0,0.058303702622652054,278.67919921875,103.56690979003906,0.7626575827598572,283.0425720214844,53.7900390625,0.5581598877906799,208.0785675048828,80.4918212890625,0.89914870262146,230.19285583496094,46.57147216796875,0.7874977588653564,276.284912109375,188.85960388183594,0.5373526811599731,0.0,0.0,0.4817083477973938,0.0,0.0,0.018006164580583572,0.0,0.0,0.016607088968157768,0.0,0.0,0.0004517498309724033,0.0,0.0,0.0005284064100123942
693,True,0.0,0.0,0.00290687452070415,0.0,0.0,0.001117047038860619,0.0,0.0,7.268113404279575e-05,0.0,0.0,0.007470752112567425,0.0,0.0,0.00011494948557810858,0.0,0.0,0.08718998730182648,0.0,0.0,0.05046991631388664,277.6219787597656,102.72389221191406,0.7560374736785889,280.4938049316406,53.15570068359375,0.5460342764854431,207.190673828125,80.60519409179688,0.89970862865448,229.02163696289062,46.43223571777344,0.7895704507827759,276.9703063964844,187.48263549804688,0.5291723012924194,0.0,0.0,0.47203150391578674,0.0,0.0,0.018026478588581085,0.0,0.0,0.016611207276582718,0.0,0.0,0.0004654852382373065,0.0,0.0,0.0005434093181975186
694,True,0.0,0.0,0.0025056644808501005,0.0,0.0,0.0011234852718189359,0.0,0.0,5.863670594408177e-05,0.0,0.0,0.009431615471839905,0.0,0.0,8.93815522431396e-05,0.0,0.0,0.0931665226817131,0.0,0.0,0.040468815714120865,278.0301208496094,102.75494384765625,0.7553157210350037,0.0,0.0,0.45864835381507874,208.43043518066406,82.97824096679688,0.8738685250282288,227.70765686035156,48.075050354003906,0.702439546585083,276.8498840332031,187.92123413085938,0.5678297281265259,0.0,0.0,0.48839709162712097,0.0,0.0,0.02392324060201645,0.0,0.0,0.020306222140789032,0.0,0.0,0.0007543607498519123,0.0,0.0,0.0008296943851746619
695,True,0.0,0.0,0.0022296409588307142,0.0,0.0,0.0010134923504665494,0.0,0.0,4.659039404941723e-05,0.0,0.0,0.010359862819314003,0.0,0.0,8.713911665836349e-05,0.0,0.0,0.11890636384487152,0.0,0.0,0.04133389890193939,276.8950500488281,103.56015014648438,0.8020708560943604,0.0,0.0,0.43572884798049927,207.66094970703125,83.117919921875,0.8902245163917542,226.95932006835938,49.93367004394531,0.6811165809631348,276.4713439941406,187.87008666992188,0.5835676193237305,0.0,0.0,0.47148725390434265,0.0,0.0,0.0259314626455307,0.0,0.0,0.019272170960903168,0.0,0.0,0.0007820778992027044,0.0,0.0,0.0007817675359547138
696,True,0.0,0.0,0.003062615869566798,0.0,0.0,0.0013602037215605378,0.0,0.0,7.202031702036038e-05,0.0,0.0,0.010381629690527916,0.0,0.0,0.00010155310883419588,0.0,0.0,0.1077578067779541,0.0,0.0,0.04078672453761101,278.28656005859375,104.86058044433594,0.7777184247970581,0.0,0.0,0.4257642924785614,207.60386657714844,83.73805236816406,0.8858762979507446,224.96902465820312,54.413414001464844,0.6865341067314148,277.6172790527344,188.8338623046875,0.5223550796508789,0.0,0.0,0.42153385281562805,0.0,0.0,0.02200367860496044,0.0,0.0,0.016818195581436157,0.0,0.0,0.0007236986421048641,0.0,0.0,0.0007335906848311424
697,True,0.0,0.0,0.0027079631108790636,0.0,0.0,0.0010149136651307344,0.0,0.0,7.225103036034852e-05,0.0,0.0,0.00367432227358222,0.0,0.0,8.532143692718819e-05,0.0,0.0,0.06616105139255524,0.0,0.0,0.020968567579984665,276.2055358886719,101.7281494140625,0.8196220397949219,0.0,0.0,0.3881632387638092,200.4908447265625,81.87806701660156,0.9483191967010498,222.6594696044922,58.1956787109375,0.7837006449699402,0.0,0.0,0.46720314025878906,0.0,0.0,0.3198314905166626,0.0,0.0,0.015536694787442684,0.0,0.0,0.009102554991841316,0.0,0.0,0.0004122970858588815,0.0,0.0,0.000342817569617182
698,True,0.0,0.0,0.0024946979247033596,0.0,0.0,0.0009315889328718185,0.0,0.0,6.036866034264676e-05,0.0,0.0,0.004110438749194145,0.0,0.0,8.24013986857608e-05,0.0,0.0,0.08452846109867096,0.0,0.0,0.02108723297715187,277.4521484375,106.62637329101562,0.8621338605880737,0.0,0.0,0.3689015209674835,200.35244750976562,86.87710571289062,0.9625169038772583,219.33071899414062,64.35563659667969,0.7842223048210144,282.4165344238281,191.39688110351562,0.5169132351875305,0.0,0.0,0.3328302502632141,0.0,0.0,0.025119325146079063,0.0,0.0,0.01234479434788227,0.0,0.0,0.0007039301563054323,0.0,0.0,0.000516667845658958
699,True,0.0,0.0,0.002714727073907852,0.0,0.0,0.0010233285138383508,0.0,0.0,6.559749454027042e-05,0.0,0.0,0.004472645465284586,0.0,0.0,8.693344716448337e-05,0.0,0.0,0.08754513412714005,0.0,0.0,0.022186504676938057,277.60107421875,106.18101501464844,0.8588142991065979,0.0,0.0,0.3633282482624054,200.0716094970703,86.502685546875,0.9613420367240906,219.24008178710938,64.40624237060547,0.7785577774047852,281.88519287109375,191.20648193359375,0.5000907778739929,0.0,0.0,0.3192990720272064,0.0,0.0,0.024097878485918045,0.0,0.0,0.011896970681846142,0.0,0.0,0.0006967972149141133,0.0,0.0,0.0005133753293193877
700,True,0.0,0.0,0.002725030528381467,0.0,0.0,0.0009115157881751657,0.0,0.0,7.023235957603902e-05,0.0,0.0,0.00306117651052773,0.0,0.0,8.191581582650542e-05,0.0,0.0,0.0482838973402977,0.0,0.0,0.02335440181195736,275.45269775390625,106.3968505859375,0.8021697402000427,0.0,0.0,0.4855153560638428,192.53118896484375,95.75384521484375,0.9601653814315796,220.38307189941406,71.19938659667969,0.8706491589546204,0.0,0.0,0.38868603110313416,0.0,0.0,0.29786238074302673,0.0,0.0,0.012883501127362251,0.0,0.0,0.009014569222927094,0.0,0.0,0.00038901728112250566,0.0,0.0,0.00036726956022903323
701,True,0.0,0.0,0.003762767417356372,0.0,0.0,0.0013895683223381639,0.0,0.0,8.589631761424243e-05,0.0,0.0,0.006093439646065235,0.0,0.0,9.297811629949138e-05,0.0,0.0,0.09142851829528809,0.0,0.0,0.0351811982691288,272.4291076660156,123.51050567626953,0.8178791999816895,0.0,0.0,0.46843820810317993,191.16612243652344,96.73246765136719,0.9441826939582825,218.08334350585938,73.91093444824219,0.8070818185806274,0.0,0.0,0.39864808320999146,0.0,0.0,0.3012910783290863,0.0,0.0,0.02420567348599434,0.0,0.0,0.016519326716661453,0.0,0.0,0.000953403243329376,0.0,0.0,0.0008805491961538792
702,True,0.0,0.0,0.0026206604670733213,0.0,0.0,0.0011127901962026954,0.0,0.0,5.342526492313482e-05,0.0,0.0,0.009118318557739258,0.0,0.0,0.0001269137137569487,0.0,0.0,0.1440124213695526,0.0,0.0,0.038071852177381516,260.5066223144531,112.88392639160156,0.8613815307617188,0.0,0.0,0.39368346333503723,179.4105224609375,96.28465270996094,0.940004825592041,217.93019104003906,71.90751647949219,0.7376052141189575,0.0,0.0,0.4549524486064911,0.0,0.0,0.30426856875419617,0.0,0.0,0.03223542869091034,0.0,0.0,0.01851022243499756,0.0,0.0,0.001218310440890491,0.0,0.0,0.001007493701763451
703,True,0.0,0.0,0.0031194849871098995,0.0,0.0,0.0013249239418655634,0.0,0.0,6.230088183656335e-05,0.0,0.0,0.004017891827970743,0.0,0.0,6.821777060395107e-05,0.0,0.0,0.07776782661676407,0.0,0.0,0.021630140021443367,265.33038330078125,121.58865356445312,0.8613590598106384,0.0,0.0,0.39085084199905396,165.24349975585938,93.76380157470703,0.970639705657959,214.50436401367188,70.83448791503906,0.8357429504394531,286.46380615234375,191.32369995117188,0.515423059463501,0.0,0.0,0.3542114496231079,0.0,0.0,0.06083626300096512,0.0,0.0,0.03121970221400261,0.0,0.0,0.0023367363028228283,0.0,0.0,0.0017831356963142753
704,True,0.0,0.0,0.0069822887890040874,0.0,0.0,0.003555089235305786,0.0,0.0,0.0001548362779431045,0.0,0.0,0.00938433688133955,0.0,0.0,0.00014073365309741348,0.0,0.0,0.09174660593271255,0.0,0.0,0.025130748748779297,260.78424072265625,113.99916076660156,0.810781717300415,0.0,0.0,0.2904393970966339,160.17788696289062,91.42083740234375,0.9422562718391418,207.43505859375,69.98157501220703,0.7074886560440063,0.0,0.0,0.3512933850288391,0.0,0.0,0.2239149957895279,0.0,0.0,0.036454375833272934,0.0,0.0,0.018817316740751266,0.0,0.0,0.0018378777895122766,0.0,0.0,0.0014577446272596717
705,True,0.0,0.0,0.0021019361447542906,0.0,0.0,0.0006511565297842026,0.0,0.0,4.964607796864584e-05,0.0,0.0,0.001276365714147687,0.0,0.0,7.575630297651514e-05,0.0,0.0,0.06989964097738266,0.0,0.0,0.00920892134308815,263.3641357421875,116.9227294921875,0.9161446690559387,0.0,0.0,0.3044328987598419,131.122314453125,95.18120574951172,0.983667254447937,214.23028564453125,71.62212371826172,0.8427324891090393,0.0,0.0,0.3392602205276489,0.0,0.0,0.15856677293777466,0.0,0.0,0.02178485505282879,0.0,0.0,0.008385435678064823,0.0,0.0,0.0008377598132938147,0.0,0.0,0.0005134326056577265
706,True,0.0,0.0,0.00616014888510108,0.0,0.0,0.003918417729437351,0.0,0.0,0.00010928879055427387,0.0,0.0,0.02588663436472416,0.0,0.0,0.00023491287720389664,0.0,0.0,0.14546413719654083,0.0,0.0,0.05938633531332016,217.8963165283203,104.2803955078125,0.7996127605438232,0.0,0.0,0.3458765745162964,117.142333984375,96.65599060058594,0.8816612362861633,150.10888671875,71.62205505371094,0.6601951718330383,0.0,0.0,0.30030396580696106,0.0,0.0,0.22419100999832153,0.0,0.0,0.015180964022874832,0.0,0.0,0.01027696579694748,0.0,0.0,0.000670198816806078,0.0,0.0,0.0006824290612712502
707,True,0.0,0.0,0.010552574880421162,0.0,0.0,0.004582952242344618,0.0,0.0,0.00017874583136290312,0.0,0.0,0.012265416793525219,0.0,0.0,0.0003440614673309028,0.0,0.0,0.14959275722503662,0.0,0.0,0.10223549604415894,196.82589721679688,96.17921447753906,0.8169894814491272,0.0,0.0,0.48882919549942017,81.9254379272461,93.83779907226562,0.8800124526023865,109.54102325439453,89.17076873779297,0.7612460255622864,0.0,0.0,0.32474449276924133,0.0,0.0,0.3003970980644226,0.0,0.0,0.009683961980044842,0.0,0.0,0.007563627790659666,0.0,0.0,0.00032276465208269656,0.0,0.0,0.0003689075820147991
708,True,0.0,0.0,0.0030296463519334793,0.0,0.0,0.0007916605100035667,0.0,0.0,0.00011104044824605808,0.0,0.0,0.005166748072952032,0.0,0.0,0.0010073905577883124,0.0,0.0,0.13250184059143066,0.0,0.0,0.15112964808940887,159.56887817382812,78.51341247558594,0.809219479560852,163.02401733398438,71.3848648071289,0.6113396286964417,73.44419860839844,103.73176574707031,0.7972162365913391,77.30474853515625,99.60163879394531,0.7805206179618835,279.4447021484375,185.6134033203125,0.5619151592254639,270.90350341796875,183.9752197265625,0.5640116333961487,0.0,0.0,0.0156094403937459,0.0,0.0,0.01358808670192957,0.0,0.0,0.00045285755186341703,0.0,0.0,0.0005366993136703968
709,True,0.0,0.0,0.012518268078565598,0.0,0.0,0.006745075806975365,0.0,0.0,0.0004748019855469465,0.0,0.0,0.027222860604524612,0.0,0.0,0.0016802799655124545,0.0,0.0,0.23095162212848663,0.0,0.0,0.18286579847335815,111.20771789550781,74.10831451416016,0.5396682024002075,0.0,0.0,0.20193687081336975,0.0,0.0,0.33923065662384033,0.0,0.0,0.27347615361213684,272.5714416503906,195.80059814453125,0.5360671877861023,0.0,0.0,0.4948243200778961,0.0,0.0,0.06889209896326065,0.0,0.0,0.04646247625350952,0.0,0.0,0.006932720076292753,0.0,0.0,0.0067137801088392735
710,True,0.0,0.0,0.003572241635993123,0.0,0.0,0.0013384069316089153,0.0,0.0,0.00012387345486786216,0.0,0.0,0.010094926692545414,0.0,0.0,0.001117418403737247,0.0,0.0,0.13819727301597595,0.0,0.0,0.11559033393859863,137.9930419921875,69.90924072265625,0.7035045623779297,0.0,0.0,0.3600093126296997,67.81364440917969,105.56204223632812,0.6283221244812012,65.75704956054688,108.0040512084961,0.5647521615028381,277.39495849609375,179.74530029296875,0.5759233236312866,269.0528564453125,181.5345458984375,0.5513250231742859,0.0,0.0,0.036913879215717316,0.0,0.0,0.029173867776989937,0.0,0.0,0.0017342361388728023,0.0,0.0,0.0019601488020271063
711,True,0.0,0.0,0.0034065486397594213,0.0,0.0,0.001345283817499876,0.0,0.0,0.0001225379091920331,0.0,0.0,0.009499742649495602,0.0,0.0,0.0011649561347439885,0.0,0.0,0.11806511878967285,0.0,0.0,0.09149336069822311,125.163330078125,71.83329772949219,0.6425323486328125,0.0,0.0,0.2539316713809967,66.67158508300781,107.00543975830078,0.5483541488647461,0.0,0.0,0.45035797357559204,277.98199462890625,181.09800720214844,0.500794529914856,0.0,0.0,0.4576275646686554,0.0,0.0,0.03605404123663902,0.0,0.0,0.025322824716567993,0.0,0.0,0.0020332413259893656,0.0,0.0,0.002081478713080287
712,True,0.0,0.0,0.0044815209694206715,0.0,0.0,0.0014939678367227316,0.0,0.0,0.0001606197765795514,0.0,0.0,0.011952145956456661,0.0,0.0,0.002339361235499382,0.0,0.0,0.27680838108062744,0.0,0.0,0.10260193794965744,123.6593017578125,70.31683349609375,0.8633822202682495,0.0,0.0,0.3236774206161499,71.27005004882812,105.10066223144531,0.8094826340675354,137.84344482421875,122.65502166748047,0.5840820074081421,272.116455078125,168.68927001953125,0.7313874959945679,278.5669860839844,171.1353302001953,0.5929597616195679,0.0,0.0,0.08809839934110641,0.0,0.0,0.04597024247050285,0.0,0.0,0.003599007148295641,0.0,0.0,0.0028396809939295053
713,True,0.0,0.0,0.17541450262069702,0.0,0.0,0.14600244164466858,0.0,0.0,0.009890450164675713,0.0,0.0,0.4243023991584778,0.0,0.0,0.03458815813064575,211.7474365234375,28.35888671875,0.7452504634857178,237.489501953125,48.26675796508789,0.7162942290306091,141.89102172851562,59.90641784667969,0.7699451446533203,0.0,0.0,0.44431883096694946,55.54902648925781,127.33198547363281,0.508820652961731,0.0,0.0,0.3814428150653839,275.7371520996094,112.14043426513672,0.8684813976287842,286.4371337890625,117.03526306152344,0.8752559423446655,0.0,0.0,0.4443579912185669,0.0,0.0,0.37636303901672363,0.0,0.0,0.04616831615567207,0.0,0.0,0.050699859857559204
714,True,0.0,0.0,0.13680940866470337,0.0,0.0,0.07940718531608582,0.0,0.0,0.00553717790171504,0.0,0.0,0.12640918791294098,0.0,0.0,0.00874532200396061,216.5715789794922,2.6690444946289062,0.5359426140785217,0.0,0.0,0.2427782118320465,146.37908935546875,53.82978057861328,0.8784334063529968,0.0,0.0,0.3114509582519531,68.67333984375,120.37129974365234,0.8470223546028137,166.75665283203125,137.1807861328125,0.5771484375,285.2850341796875,147.839111328125,0.6606992483139038,295.3458251953125,153.73081970214844,0.5254191160202026,0.0,0.0,0.08737114071846008,0.0,0.0,0.04600835219025612,0.0,0.0,0.004312869161367416,0.0,0.0,0.0034889504313468933
715,True,0.0,0.0,0.015814917162060738,0.0,0.0,0.011040085926651955,0.0,0.0,0.0006687565473839641,0.0,0.0,0.06176185607910156,0.0,0.0,0.0040768831968307495,0.0,0.0,0.3632543385028839,0.0,0.0,0.08051060885190964,146.51719665527344,57.95172119140625,0.7724878787994385,0.0,0.0,0.08405746519565582,93.06381225585938,107.38421630859375,0.5507805943489075,0.0,0.0,0.1429225206375122,284.8697814941406,163.81216430664062,0.5939136743545532,0.0,0.0,0.383029967546463,0.0,0.0,0.053136687725782394,0.0,0.0,0.018460692837834358,0.0,0.0,0.0035070511512458324,0.0,0.0,0.0021243717055767775
716,True,0.0,0.0,0.002005889778956771,0.0,0.0,0.00037694157799705863,0.0,0.0,6.870925426483154e-05,0.0,0.0,0.0012010078644379973,0.0,0.0,0.000342245795764029,0.0,0.0,0.02736368030309677,0.0,0.0,0.014430359937250614,148.77745056152344,45.3900146484375,0.6809667944908142,0.0,0.0,0.26470136642456055,80.5174789428711,118.65351867675781,0.8913794755935669,225.22891235351562,99.91238403320312,0.7951158881187439,0.0,0.0,0.23474976420402527,0.0,0.0,0.16997839510440826,0.0,0.0,0.010640517808496952,0.0,0.0,0.007022001780569553,0.0,0.0,0.0004609935567714274,0.0,0.0,0.0004122155369259417
717,True,0.0,0.0,0.0009334199712611735,0.0,0.0,0.000154843510244973,0.0,0.0,3.196053148712963e-05,0.0,0.0,0.0010876194573938847,0.0,0.0,0.0005175689002498984,0.0,0.0,0.045174866914749146,0.0,0.0,0.027885757386684418,135.75567626953125,56.889068603515625,0.7688268423080444,0.0,0.0,0.46412041783332825,82.26876831054688,119.91094970703125,0.8988279700279236,217.53257751464844,108.6987075805664,0.865348756313324,0.0,0.0,0.29979825019836426,0.0,0.0,0.2469002604484558,0.0,0.0,0.009626039303839207,0.0,0.0,0.00752561679109931,0.0,0.0,0.0003447147901169956,0.0,0.0,0.00034809927456080914
718,True,0.0,0.0,0.0008182617602869868,0.0,0.0,0.0001250104687642306,0.0,0.0,2.932755887741223e-05,0.0,0.0,0.0008597710402682424,0.0,0.0,0.0004862794594373554,0.0,0.0,0.04397767782211304,0.0,0.0,0.02650398574769497,136.97225952148438,57.64342498779297,0.791269063949585,0.0,0.0,0.4866940379142761,82.66366577148438,120.55132293701172,0.9091818332672119,218.32186889648438,108.50007629394531,0.8754900693893433,0.0,0.0,0.33208486437797546,0.0,0.0,0.2689177989959717,0.0,0.0,0.009068272076547146,0.0,0.0,0.006908867973834276,0.0,0.0,0.000292431766865775,0.0,0.0,0.0002884144487325102
719,True,0.0,0.0,0.0006425473839044571,0.0,0.0,0.00011951797205256298,0.0,0.0,2.116122232109774e-05,0.0,0.0,0.0013843080960214138,0.0,0.0,0.00027742591919377446,0.0,0.0,0.03316346928477287,0.0,0.0,0.028339089825749397,173.90673828125,51.00187683105469,0.7810639142990112,241.83221435546875,63.99390411376953,0.5248505473136902,104.06193542480469,110.48783874511719,0.9197574257850647,210.80238342285156,114.94938659667969,0.8659761548042297,0.0,0.0,0.49925148487091064,0.0,0.0,0.44759976863861084,0.0,0.0,0.02856423147022724,0.0,0.0,0.02140633389353752,0.0,0.0,0.0011061702389270067,0.0,0.0,0.001103523769415915
720,True,0.0,0.0,0.09084940701723099,0.0,0.0,0.07126465439796448,0.0,0.0,0.0038043244276195765,0.0,0.0,0.1887836754322052,0.0,0.0,0.004180532414466143,0.0,0.0,0.45458918809890747,0.0,0.0,0.2595631182193756,185.12161254882812,63.906646728515625,0.7913249731063843,0.0,0.0,0.35453516244888306,110.70358276367188,116.38697814941406,0.768131673336029,129.06167602539062,121.1349868774414,0.5446217656135559,265.6111755371094,146.38783264160156,0.5549253821372986,0.0,0.0,0.4891985356807709,0.0,0.0,0.11974235624074936,0.0,0.0,0.08490429818630219,0.0,0.0,0.01690276898443699,0.0,0.0,0.017286919057369232
721,True,0.0,0.0,0.011783898808062077,0.0,0.0,0.004254251718521118,0.0,0.0,0.00030929758213460445,0.0,0.0,0.010036219842731953,0.0,0.0,0.0005051839398220181,0.0,0.0,0.11013730615377426,0.0,0.0,0.08415120095014572,207.4262237548828,101.57583618164062,0.7817668914794922,0.0,0.0,0.4817010462284088,107.43180847167969,124.38426971435547,0.9189258217811584,110.48187255859375,122.44338989257812,0.833670973777771,0.0,0.0,0.22729535400867462,0.0,0.0,0.19984310865402222,0.0,0.0,0.00942346639931202,0.0,0.0,0.007413350977003574,0.0,0.0,0.00035073288017883897,0.0,0.0,0.0003866794577334076
722,True,0.0,0.0,0.03827530890703201,0.0,0.0,0.02306889183819294,0.0,0.0,0.0015330848982557654,0.0,0.0,0.12076548486948013,0.0,0.0,0.0021934311371296644,0.0,0.0,0.43777593970298767,0.0,0.0,0.37797120213508606,243.37640380859375,88.16758728027344,0.8054584264755249,231.56121826171875,89.02495574951172,0.6660059690475464,181.08387756347656,124.02904510498047,0.8325766921043396,170.27734375,114.54419708251953,0.7677741050720215,268.02337646484375,164.6136474609375,0.69796222448349,261.8804626464844,160.68496704101562,0.6821285486221313,0.0,0.0,0.056763652712106705,0.0,0.0,0.056794993579387665,0.0,0.0,0.0025728484615683556,0.0,0.0,0.0033473330549895763
723,True,0.0,0.0,0.011119925417006016,0.0,0.0,0.003708313452079892,0.0,0.0,0.0005441500106826425,0.0,0.0,0.014277552254498005,0.0,0.0,0.0010953930905088782,0.0,0.0,0.12137746065855026,0.0,0.0,0.1675972044467926,246.62130737304688,96.10431671142578,0.6297168731689453,238.68878173828125,99.18234252929688,0.6247562170028687,165.71066284179688,132.73611450195312,0.7735349535942078,165.52239990234375,131.25341796875,0.7885341048240662,0.0,0.0,0.45208656787872314,0.0,0.0,0.4894787073135376,0.0,0.0,0.01617738977074623,0.0,0.0,0.020915262401103973,0.0,0.0,0.0005756766186095774,0.0,0.0,0.0008804007084108889
724,True,0.0,0.0,0.0021498226560652256,0.0,0.0,0.000780428119469434,0.0,0.0,9.790333569981158e-05,0.0,0.0,0.004227388184517622,0.0,0.0,0.00016530751599930227,0.0,0.0,0.029473161324858665,0.0,0.0,0.031182916834950447,261.34521484375,101.09053039550781,0.5405256748199463,0.0,0.0,0.4709668457508087,191.45166015625,124.77938842773438,0.7785674333572388,189.0030975341797,116.49869537353516,0.7468714714050293,0.0,0.0,0.3156870901584625,0.0,0.0,0.3320903480052948,0.0,0.0,0.007931197062134743,0.0,0.0,0.008883538655936718,0.0,0.0,0.0003451350494287908,0.0,0.0,0.00046612753067165613
725,True,0.0,0.0,0.002283231122419238,0.0,0.0,0.0007758744177408516,0.0,0.0,7.148851727833971e-05,0.0,0.0,0.0033047678880393505,0.0,0.0,7.96452077338472e-05,0.0,0.0,0.0266271959990263,0.0,0.0,0.02359563671052456,273.249755859375,108.06523132324219,0.6526777744293213,268.0068359375,67.46945190429688,0.5424212217330933,200.0788116455078,134.1806640625,0.9031608700752258,201.84898376464844,109.38894653320312,0.857818603515625,0.0,0.0,0.31626084446907043,0.0,0.0,0.31394338607788086,0.0,0.0,0.007462271023541689,0.0,0.0,0.007632408756762743,0.0,0.0,0.0002780956565402448,0.0,0.0,0.0003535816795192659
726,True,0.0,0.0,0.05610181391239166,0.0,0.0,0.06381545215845108,0.0,0.0,0.0009854250820353627,0.0,0.0,0.15541493892669678,0.0,0.0,0.0003644503594841808,0.0,0.0,0.2692350149154663,0.0,0.0,0.0710207000374794,254.51805114746094,122.49612426757812,0.7890231013298035,0.0,0.0,0.2434680312871933,186.884521484375,121.66302490234375,0.9134385585784912,198.9675750732422,101.8904800415039,0.6312083005905151,0.0,0.0,0.24371817708015442,0.0,0.0,0.15001043677330017,0.0,0.0,0.015893759205937386,0.0,0.0,0.009428995661437511,0.0,0.0,0.001027677208185196,0.0,0.0,0.0009256935445591807
727,True,0.0,0.0,0.012271182611584663,0.0,0.0,0.01002549473196268,0.0,0.0,0.00030152598628774285,0.0,0.0,0.037984754890203476,0.0,0.0,0.00024442406720481813,0.0,0.0,0.12036219984292984,0.0,0.0,0.025770040228962898,269.20172119140625,104.02972412109375,0.7255422472953796,0.0,0.0,0.15186762809753418,183.0892791748047,114.19562530517578,0.8698008060455322,0.0,0.0,0.47707369923591614,0.0,0.0,0.24571828544139862,0.0,0.0,0.1382203847169876,0.0,0.0,0.014972817152738571,0.0,0.0,0.007861428894102573,0.0,0.0,0.0010264355223625898,0.0,0.0,0.0008285527001135051
728,True,0.0,0.0,0.00937778688967228,0.0,0.0,0.006316096987575293,0.0,0.0,0.00019612129835877568,0.0,0.0,0.028009623289108276,0.0,0.0,0.0002155754336854443,0.0,0.0,0.1333000808954239,0.0,0.0,0.030125753954052925,266.5814514160156,109.91624450683594,0.7691789269447327,0.0,0.0,0.20499755442142487,182.81900024414062,115.06514739990234,0.9092797636985779,200.35528564453125,98.88059997558594,0.597118616104126,0.0,0.0,0.2296663075685501,0.0,0.0,0.13214223086833954,0.0,0.0,0.01699582301080227,0.0,0.0,0.009302850812673569,0.0,0.0,0.0011420991504564881,0.0,0.0,0.000945632578805089
729,True,0.0,0.0,0.00740965036675334,0.0,0.0,0.006641106680035591,0.0,0.0,0.00014326315431389958,0.0,0.0,0.03281237185001373,0.0,0.0,0.00014317479508463293,0.0,0.0,0.13546845316886902,0.0,0.0,0.01570560410618782,264.5835876464844,109.91830444335938,0.8086636662483215,0.0,0.0,0.11977158486843109,178.48648071289062,111.09144592285156,0.9187940359115601,0.0,0.0,0.4791087508201599,0.0,0.0,0.2724202573299408,0.0,0.0,0.12335619330406189,0.0,0.0,0.02211967296898365,0.0,0.0,0.00914059393107891,0.0,0.0,0.001423605834133923,0.0,0.0,0.0009653690503910184
730,True,0.0,0.0,0.0014129315968602896,0.0,0.0,0.0005935836816206574,0.0,0.0,3.664128598757088e-05,0.0,0.0,0.0055189174599945545,0.0,0.0,0.0001418165920767933,0.0,0.0,0.09035719186067581,0.0,0.0,0.014618485234677792,263.0341796875,109.31895446777344,0.8209763765335083,0.0,0.0,0.20594622194766998,177.402587890625,110.29048919677734,0.9226807951927185,204.13111877441406,90.24203491210938,0.6016148924827576,0.0,0.0,0.2896100878715515,0.0,0.0,0.14643770456314087,0.0,0.0,0.016050610691308975,0.0,0.0,0.00760423531755805,0.0,0.0,0.0007051340071484447,0.0,0.0,0.0005069279577583075
731,True,0.0,0.0,0.0019161216914653778,0.0,0.0,0.0006756148650310934,0.0,0.0,5.124406379763968e-05,0.0,0.0,0.004425874911248684,0.0,0.0,0.00013905848027206957,0.0,0.0,0.08773298561573029,0.0,0.0,0.020759154111146927,269.6883850097656,112.57801818847656,0.8151029348373413,0.0,0.0,0.2955138385295868,181.87863159179688,111.28768920898438,0.9326050281524658,206.4409637451172,91.2205810546875,0.7102903723716736,0.0,0.0,0.27893468737602234,0.0,0.0,0.16476842761039734,0.0,0.0,0.01725090853869915,0.0,0.0,0.009646681137382984,0.0,0.0,0.000816903542727232,0.0,0.0,0.000658419681712985
732,True,0.0,0.0,0.0035414432641118765,0.0,0.0,0.0016997236525639892,0.0,0.0,7.554342300863937e-05,0.0,0.0,0.008875347673892975,0.0,0.0,0.0001154959827545099,0.0,0.0,0.08950254321098328,0.0,0.0,0.02351144514977932,268.10809326171875,114.66639709472656,0.8066980838775635,0.0,0.0,0.31853052973747253,181.44927978515625,112.9739990234375,0.9427791833877563,211.219970703125,89.65583801269531,0.7573798298835754,0.0,0.0,0.2961801290512085,0.0,0.0,0.18991556763648987,0.0,0.0,0.020336080342531204,0.0,0.0,0.012329176999628544,0.0,0.0,0.001024891622364521,0.0,0.0,0.0008913029450923204
733,True,0.0,0.0,0.0031486900988966227,0.0,0.0,0.001287183491513133,0.0,0.0,8.261216862592846e-05,0.0,0.0,0.008093580603599548,0.0,0.0,0.0001666518219280988,0.0,0.0,0.09134884923696518,0.0,0.0,0.03446739912033081,267.1798095703125,106.468505859375,0.7802416086196899,0.0,0.0,0.39048144221305847,178.8609619140625,112.8983154296875,0.9227088093757629,208.362548828125,91.45123291015625,0.7701204419136047,0.0,0.0,0.34185051918029785,0.0,0.0,0.2536314129829407,0.0,0.0,0.01966986060142517,0.0,0.0,0.014248166233301163,0.0,0.0,0.0008455789065919816,0.0,0.0,0.0008352916338481009
734,True,0.0,0.0,0.004845358431339264,0.0,0.0,0.0027556326240301132,0.0,0.0,9.30862661334686e-05,0.0,0.0,0.023284442722797394,0.0,0.0,0.00022383384930435568,0.0,0.0,0.19826336205005646,0.0,0.0,0.04317398741841316,260.7737731933594,110.43649291992188,0.8732268214225769,0.0,0.0,0.34333792328834534,176.62356567382812,111.00196075439453,0.9498915076255798,212.53851318359375,87.98779296875,0.7407748699188232,0.0,0.0,0.45616960525512695,0.0,0.0,0.28904083371162415,0.0,0.0,0.030763663351535797,0.0,0.0,0.017132803797721863,0.0,0.0,0.001087455777451396,0.0,0.0,0.0009013299131765962
735,True,0.0,0.0,0.0075949388556182384,0.0,0.0,0.0061044818721711636,0.0,0.0,0.00014077230298426002,0.0,0.0,0.03359384089708328,0.0,0.0,0.00017304759239777923,0.0,0.0,0.22634395956993103,0.0,0.0,0.026457371190190315,262.024169921875,105.75460815429688,0.8943489789962769,0.0,0.0,0.21128953993320465,175.3165283203125,109.67225646972656,0.9548864960670471,206.18348693847656,90.96836853027344,0.638584315776825,0.0,0.0,0.49681830406188965,0.0,0.0,0.25956928730010986,0.0,0.0,0.03898512199521065,0.0,0.0,0.015872256830334663,0.0,0.0,0.0016361386515200138,0.0,0.0,0.0010910596465691924
736,True,0.0,0.0,0.3365182876586914,236.63494873046875,40.364479064941406,0.5181243419647217,0.0,0.0,0.00503233028575778,258.4209899902344,31.132431030273438,0.6427081227302551,0.0,0.0,0.0005413933540694416,276.58599853515625,67.49964904785156,0.65000981092453,0.0,0.0,0.12152209132909775,254.83135986328125,117.69715881347656,0.89961177110672,0.0,0.0,0.1469726264476776,175.86947631835938,110.58135223388672,0.9552329182624817,203.79664611816406,90.90362548828125,0.5099250078201294,0.0,0.0,0.33966901898384094,0.0,0.0,0.14823544025421143,0.0,0.0,0.0384642519056797,0.0,0.0,0.014184256084263325,0.0,0.0,0.002280120039358735,0.0,0.0,0.0014911523321643472
737,True,0.0,0.0,0.12728048861026764,0.0,0.0,0.1979803442955017,0.0,0.0,0.0016048942925408483,252.95693969726562,31.100852966308594,0.5007734298706055,0.0,0.0,0.0005452833720482886,275.07635498046875,72.50516510009766,0.5913664698600769,0.0,0.0,0.14098891615867615,257.7562561035156,120.28848266601562,0.8777646422386169,0.0,0.0,0.21037529408931732,177.66781616210938,110.60425567626953,0.9339886903762817,207.338623046875,93.5831069946289,0.5325485467910767,0.0,0.0,0.3303709924221039,0.0,0.0,0.17223693430423737,0.0,0.0,0.025589386001229286,0.0,0.0,0.011738291941583157,0.0,0.0,0.0014776242896914482,0.0,0.0,0.0011365413665771484
738,True,0.0,0.0,0.042446985840797424,0.0,0.0,0.06023164093494415,0.0,0.0,0.0005627271020784974,0.0,0.0,0.21527522802352905,0.0,0.0,0.0002453645574860275,0.0,0.0,0.3875121772289276,0.0,0.0,0.05456199496984482,263.8036804199219,112.99658203125,0.8711065649986267,0.0,0.0,0.1642714887857437,180.43939208984375,108.82791900634766,0.9446627497673035,198.63807678222656,95.35557556152344,0.5427462458610535,0.0,0.0,0.408724844455719,0.0,0.0,0.20363660156726837,0.0,0.0,0.0404440313577652,0.0,0.0,0.01646718569099903,0.0,0.0,0.0022318572737276554,0.0,0.0,0.0015401674900203943
739,True,0.0,0.0,0.04041439667344093,0.0,0.0,0.05399062857031822,0.0,0.0,0.0006100086611695588,0.0,0.0,0.1542859673500061,0.0,0.0,0.00019717394025065005,0.0,0.0,0.268271803855896,0.0,0.0,0.04077053442597389,268.0125732421875,109.89644622802734,0.8248507380485535,0.0,0.0,0.1416684240102768,182.58255004882812,108.29251098632812,0.9184694290161133,0.0,0.0,0.4749389886856079,0.0,0.0,0.3465883433818817,0.0,0.0,0.17778226733207703,0.0,0.0,0.02742384374141693,0.0,0.0,0.012258365750312805,0.0,0.0,0.001707599963992834,0.0,0.0,0.001263706828467548
740,True,0.0,0.0,0.0970521941781044,0.0,0.0,0.14227424561977386,0.0,0.0,0.0013957874616608024,0.0,0.0,0.2670377194881439,0.0,0.0,0.000259763328358531,0.0,0.0,0.3893207311630249,0.0,0.0,0.04701440408825874,272.08184814453125,111.57701110839844,0.8800311088562012,0.0,0.0,0.10971690714359283,184.6583709716797,108.49156951904297,0.9501816034317017,0.0,0.0,0.4461333453655243,0.0,0.0,0.2810669243335724,0.0,0.0,0.10719052702188492,0.0,0.0,0.016229595988988876,0.0,0.0,0.005280809942632914,0.0,0.0,0.0009134763386100531,0.0,0.0,0.0005547654000110924
741,True,0.0,0.0,0.12087704986333847,0.0,0.0,0.18033823370933533,0.0,0.0,0.001868529594503343,0.0,0.0,0.3906517028808594,0.0,0.0,0.0005056353402324021,0.0,0.0,0.42633694410324097,0.0,0.0,0.08128631860017776,263.4468994140625,107.42027282714844,0.8191688060760498,0.0,0.0,0.12146837264299393,183.0118865966797,105.4250717163086,0.9137358069419861,0.0,0.0,0.41911497712135315,0.0,0.0,0.2359868288040161,0.0,0.0,0.10758660733699799,0.0,0.0,0.013802709989249706,0.0,0.0,0.00567937595769763,0.0,0.0,0.0008262599585577846,0.0,0.0,0.0005979682318866253
742,True,0.0,0.0,0.03559952601790428,0.0,0.0,0.06548462808132172,0.0,0.0,0.000465148565126583,0.0,0.0,0.36534491181373596,0.0,0.0,0.00038365647196769714,0.0,0.0,0.4545026421546936,0.0,0.0,0.042763322591781616,256.0781555175781,110.57565307617188,0.8292620778083801,0.0,0.0,0.058818645775318146,179.12413024902344,104.72125244140625,0.868044376373291,0.0,0.0,0.2140643447637558,0.0,0.0,0.28065618872642517,0.0,0.0,0.10098741203546524,0.0,0.0,0.02242392487823963,0.0,0.0,0.0070325955748558044,0.0,0.0,0.001465055625885725,0.0,0.0,0.0008671109098941088
743,True,0.0,0.0,0.03891588747501373,0.0,0.0,0.048576924949884415,0.0,0.0,0.000712113396730274,0.0,0.0,0.2124212384223938,0.0,0.0,0.0005078858230262995,0.0,0.0,0.3096024692058563,0.0,0.0,0.06836946308612823,260.01702880859375,108.41773986816406,0.7395795583724976,0.0,0.0,0.14052017033100128,178.43389892578125,103.62413787841797,0.8333325386047363,0.0,0.0,0.3826867938041687,0.0,0.0,0.22099174559116364,0.0,0.0,0.12401833385229111,0.0,0.0,0.015115265734493732,0.0,0.0,0.008027007803320885,0.0,0.0,0.0010708346962928772,0.0,0.0,0.0009115264983847737
744,True,0.0,0.0,0.02113845758140087,0.0,0.0,0.027098704129457474,0.0,0.0,0.0003415300161577761,0.0,0.0,0.1595299243927002,0.0,0.0,0.0003129888791590929,0.0,0.0,0.2586084008216858,0.0,0.0,0.04120786488056183,263.23748779296875,104.56785583496094,0.7510355710983276,0.0,0.0,0.10455065220594406,179.70999145507812,103.17523956298828,0.8427558541297913,0.0,0.0,0.331218957901001,0.0,0.0,0.27092233300209045,0.0,0.0,0.1365644633769989,0.0,0.0,0.019002705812454224,0.0,0.0,0.00885825790464878,0.0,0.0,0.0011650359956547618,0.0,0.0,0.0009062984609045088
745,True,0.0,0.0,0.0054704006761312485,0.0,0.0,0.003937446977943182,0.0,0.0,9.129407408181578e-05,0.0,0.0,0.032359156757593155,0.0,0.0,0.00015538930892944336,0.0,0.0,0.16304519772529602,0.0,0.0,0.026669371873140335,265.16485595703125,105.25792694091797,0.7769845724105835,0.0,0.0,0.13330502808094025,178.31857299804688,101.56851196289062,0.8613019585609436,0.0,0.0,0.39267608523368835,0.0,0.0,0.2655584514141083,0.0,0.0,0.13491138815879822,0.0,0.0,0.02005171962082386,0.0,0.0,0.009269028902053833,0.0,0.0,0.0010903571965172887,0.0,0.0,0.0008183034951798618
746,True,0.0,0.0,0.003939504269510508,0.0,0.0,0.0026282293256372213,0.0,0.0,6.757078517694026e-05,0.0,0.0,0.02486598677933216,0.0,0.0,0.00014006694254931062,0.0,0.0,0.15151609480381012,0.0,0.0,0.024686021730303764,263.9603576660156,103.66404724121094,0.789473831653595,0.0,0.0,0.13887135684490204,177.2571563720703,101.12367248535156,0.8695634603500366,0.0,0.0,0.40603357553482056,0.0,0.0,0.30912789702415466,0.0,0.0,0.15867678821086884,0.0,0.0,0.024126622825860977,0.0,0.0,0.010877381078898907,0.0,0.0,0.001228723325766623,0.0,0.0,0.0008983180159702897
747,True,0.0,0.0,0.0049343714490532875,0.0,0.0,0.0034622286912053823,0.0,0.0,7.797863509040326e-05,0.0,0.0,0.029721815139055252,0.0,0.0,0.00013746495824307203,0.0,0.0,0.18974260985851288,0.0,0.0,0.027650756761431694,266.07952880859375,110.95860290527344,0.8189564943313599,0.0,0.0,0.13914787769317627,178.07473754882812,100.96659851074219,0.8848556876182556,0.0,0.0,0.4024915397167206,0.0,0.0,0.3371257483959198,0.0,0.0,0.16807101666927338,0.0,0.0,0.02981429360806942,0.0,0.0,0.012518515810370445,0.0,0.0,0.0015058517456054688,0.0,0.0,0.00104873301461339
748,True,0.0,0.0,0.003725231857970357,0.0,0.0,0.002485085977241397,0.0,0.0,5.8580255426932126e-05,0.0,0.0,0.022807694971561432,0.0,0.0,0.00011584508320083842,0.0,0.0,0.17020419239997864,0.0,0.0,0.022778987884521484,264.50091552734375,108.74858856201172,0.8282875418663025,0.0,0.0,0.13686546683311462,177.01852416992188,100.8837890625,0.8908154964447021,0.0,0.0,0.4077790379524231,0.0,0.0,0.3363296091556549,0.0,0.0,0.1612640768289566,0.0,0.0,0.024143174290657043,0.0,0.0,0.009850019589066505,0.0,0.0,0.0010867412202060223,0.0,0.0,0.0007415514555759728
749,True,0.0,0.0,0.0028958553448319435,0.0,0.0,0.001725092064589262,0.0,0.0,5.065645746071823e-05,0.0,0.0,0.01693304069340229,0.0,0.0,0.0001151945034507662,0.0,0.0,0.15613944828510284,0.0,0.0,0.01990189589560032,265.2839660644531,105.58845520019531,0.8299480676651001,0.0,0.0,0.13140849769115448,176.64682006835938,99.89678955078125,0.8896109461784363,0.0,0.0,0.3961088955402374,0.0,0.0,0.33099424839019775,0.0,0.0,0.15303516387939453,0.0,0.0,0.02067571133375168,0.0,0.0,0.00813412107527256,0.0,0.0,0.0008639905718155205,0.0,0.0,0.0005704016075469553
750,True,0.0,0.0,0.003918577916920185,0.0,0.0,0.002467106329277158,0.0,0.0,6.86675266479142e-05,0.0,0.0,0.021240757778286934,0.0,0.0,0.00013317519915290177,0.0,0.0,0.1531577706336975,0.0,0.0,0.021958911791443825,265.28717041015625,105.64872741699219,0.8033121228218079,0.0,0.0,0.13202017545700073,177.073486328125,99.75889587402344,0.876693844795227,0.0,0.0,0.3966737687587738,0.0,0.0,0.29087626934051514,0.0,0.0,0.13969799876213074,0.0,0.0,0.01773536019027233,0.0,0.0,0.007561873644590378,0.0,0.0,0.0008089723414741457,0.0,0.0,0.0005693505518138409
751,True,0.0,0.0,0.004077276214957237,0.0,0.0,0.0024973382242023945,0.0,0.0,7.302878657355905e-05,0.0,0.0,0.02042006328701973,0.0,0.0,0.00013784233306068927,0.0,0.0,0.1535699963569641,0.0,0.0,0.022867081686854362,264.4093017578125,105.49464416503906,0.8024671673774719,0.0,0.0,0.13836704194545746,176.65316772460938,99.64213562011719,0.8766875267028809,0.0,0.0,0.40897974371910095,0.0,0.0,0.2776663899421692,0.0,0.0,0.13452422618865967,0.0,0.0,0.01670370064675808,0.0,0.0,0.007234147284179926,0.0,0.0,0.0007844357751309872,0.0,0.0,0.0005582891753874719
752,True,0.0,0.0,0.0021926567424088717,0.0,0.0,0.0013393544359132648,0.0,0.0,3.876661867252551e-05,0.0,0.0,0.01585729978978634,0.0,0.0,0.00011067014565924183,0.0,0.0,0.14755913615226746,0.0,0.0,0.01642024517059326,261.35894775390625,104.87158203125,0.8208913207054138,0.0,0.0,0.10796413570642471,175.43649291992188,98.9881362915039,0.8760445713996887,0.0,0.0,0.343180388212204,0.0,0.0,0.30551666021347046,0.0,0.0,0.13160401582717896,0.0,0.0,0.020517800003290176,0.0,0.0,0.007572563365101814,0.0,0.0,0.0009507540380582213,0.0,0.0,0.000599443621467799
753,True,0.0,0.0,0.006138182710856199,0.0,0.0,0.0029384116642177105,0.0,0.0,0.0001417899620719254,0.0,0.0,0.014365130104124546,0.0,0.0,0.0001873033179435879,0.0,0.0,0.11141924560070038,0.0,0.0,0.03907205909490585,262.7711181640625,111.79029846191406,0.7685490846633911,0.0,0.0,0.26410621404647827,174.92787170410156,102.416748046875,0.8983011245727539,175.09503173828125,99.912841796875,0.620195746421814,0.0,0.0,0.22583070397377014,0.0,0.0,0.14197389781475067,0.0,0.0,0.011454150080680847,0.0,0.0,0.006475550122559071,0.0,0.0,0.0005256552249193192,0.0,0.0,0.00044485359103418887
754,True,0.0,0.0,0.005364107433706522,0.0,0.0,0.0026222539599984884,0.0,0.0,0.00010238007962470874,0.0,0.0,0.014013631269335747,0.0,0.0,0.00013974383182357997,0.0,0.0,0.14941692352294922,0.0,0.0,0.031930502504110336,265.18695068359375,111.83190155029297,0.8388394117355347,0.0,0.0,0.2094675898551941,177.27590942382812,104.3283462524414,0.9237870573997498,177.75088500976562,102.05696105957031,0.5645607113838196,0.0,0.0,0.25811755657196045,0.0,0.0,0.13031038641929626,0.0,0.0,0.013912064023315907,0.0,0.0,0.006003669463098049,0.0,0.0,0.0006162328645586967,0.0,0.0,0.00043220730731263757
755,True,0.0,0.0,0.006139345932751894,0.0,0.0,0.0028454347047954798,0.0,0.0,0.0001343509356956929,0.0,0.0,0.01358756236732006,0.0,0.0,0.0001588967425050214,0.0,0.0,0.11597616225481033,0.0,0.0,0.04270636662840843,267.36602783203125,110.0198974609375,0.7842685580253601,0.0,0.0,0.2984408438205719,180.72178649902344,106.28469848632812,0.9093796610832214,182.2439422607422,102.06173706054688,0.654915452003479,0.0,0.0,0.2853401303291321,0.0,0.0,0.19012236595153809,0.0,0.0,0.01590094342827797,0.0,0.0,0.009204323403537273,0.0,0.0,0.0007481370121240616,0.0,0.0,0.0006505157798528671
756,True,0.0,0.0,0.012989458627998829,0.0,0.0,0.011104803532361984,0.0,0.0,0.0002160159347113222,0.0,0.0,0.07300920784473419,0.0,0.0,0.0002619511797092855,0.0,0.0,0.23855173587799072,0.0,0.0,0.04694058373570442,261.3450012207031,108.14936065673828,0.7829729914665222,0.0,0.0,0.15140171349048615,180.35662841796875,105.56434631347656,0.8568094968795776,0.0,0.0,0.40124040842056274,0.0,0.0,0.2842578887939453,0.0,0.0,0.15553975105285645,0.0,0.0,0.021741259843111038,0.0,0.0,0.010431639850139618,0.0,0.0,0.001302623189985752,0.0,0.0,0.0010130921145901084
757,True,0.0,0.0,0.005785191897302866,0.0,0.0,0.002938344608992338,0.0,0.0,0.00011401991650927812,0.0,0.0,0.015068239532411098,0.0,0.0,0.00014004424156155437,0.0,0.0,0.1807970553636551,0.0,0.0,0.033921971917152405,265.9180603027344,112.6795654296875,0.8724926710128784,0.0,0.0,0.24519966542720795,182.56910705566406,103.5599365234375,0.9389119148254395,188.3880157470703,96.85999298095703,0.6093725562095642,0.0,0.0,0.41540175676345825,0.0,0.0,0.22394715249538422,0.0,0.0,0.020645495504140854,0.0,0.0,0.008939001709222794,0.0,0.0,0.0007238620892167091,0.0,0.0,0.0005095230299048126
758,True,0.0,0.0,0.004818111192435026,0.0,0.0,0.003453172044828534,0.0,0.0,9.562988270772621e-05,0.0,0.0,0.02032780461013317,0.0,0.0,0.00012411749048624188,0.0,0.0,0.10982735455036163,0.0,0.0,0.017085541039705276,265.4608459472656,110.59955596923828,0.7625853419303894,0.0,0.0,0.12481243908405304,183.01190185546875,104.04557800292969,0.8833198547363281,0.0,0.0,0.4342288374900818,0.0,0.0,0.28946006298065186,0.0,0.0,0.14594821631908417,0.0,0.0,0.019172029569745064,0.0,0.0,0.008411561138927937,0.0,0.0,0.0011071291519328952,0.0,0.0,0.0007852921262383461
759,True,0.0,0.0,0.00578555092215538,0.0,0.0,0.003924195189028978,0.0,0.0,0.00010929179552476853,0.0,0.0,0.03340193256735802,0.0,0.0,0.00019755367247853428,0.0,0.0,0.1722295582294464,0.0,0.0,0.03551093488931656,261.77490234375,108.28765869140625,0.7491850256919861,0.0,0.0,0.15297766029834747,180.745849609375,104.70221710205078,0.8326430916786194,0.0,0.0,0.39513012766838074,0.0,0.0,0.26845782995224,0.0,0.0,0.1488676518201828,0.0,0.0,0.017460506409406662,0.0,0.0,0.00881476141512394,0.0,0.0,0.0009209219133481383,0.0,0.0,0.0007289762143045664
760,True,0.0,0.0,0.005203734152019024,0.0,0.0,0.003447191556915641,0.0,0.0,9.498697181697935e-05,0.0,0.0,0.03391733020544052,0.0,0.0,0.00020337906607892364,0.0,0.0,0.19307760894298553,0.0,0.0,0.04040928930044174,260.5273132324219,108.87199401855469,0.7722259759902954,0.0,0.0,0.1652723103761673,179.99874877929688,102.52569580078125,0.8380074501037598,0.0,0.0,0.3999391198158264,0.0,0.0,0.28925734758377075,0.0,0.0,0.1617475152015686,0.0,0.0,0.01925964653491974,0.0,0.0,0.009511221200227737,0.0,0.0,0.001000286196358502,0.0,0.0,0.0007810560637153685
761,True,0.0,0.0,0.008537882007658482,0.0,0.0,0.007334962021559477,0.0,0.0,0.0001330739032709971,0.0,0.0,0.0633416399359703,0.0,0.0,0.00020995474187657237,0.0,0.0,0.23467573523521423,0.0,0.0,0.03697881102561951,260.72412109375,109.18733978271484,0.7890227437019348,0.0,0.0,0.12040726095438004,181.0888214111328,102.18939208984375,0.8516863584518433,0.0,0.0,0.3385320007801056,0.0,0.0,0.2740352153778076,0.0,0.0,0.13353487849235535,0.0,0.0,0.019392820075154305,0.0,0.0,0.008320344612002373,0.0,0.0,0.0010933652520179749,0.0,0.0,0.0007788549410179257
762,True,0.0,0.0,0.009408046491444111,0.0,0.0,0.008119679987430573,0.0,0.0,0.00014363916125148535,0.0,0.0,0.05822896957397461,0.0,0.0,0.00018402340356260538,0.0,0.0,0.21701043844223022,0.0,0.0,0.03284872695803642,262.7209167480469,107.59245300292969,0.7948400378227234,0.0,0.0,0.12537506222724915,181.96817016601562,101.8536376953125,0.8716409206390381,0.0,0.0,0.37644925713539124,0.0,0.0,0.2846125364303589,0.0,0.0,0.13947534561157227,0.0,0.0,0.02008887380361557,0.0,0.0,0.008750846609473228,0.0,0.0,0.0010978725040331483,0.0,0.0,0.0007923095836304128
763,True,0.0,0.0,0.00735790841281414,0.0,0.0,0.0055822040885686874,0.0,0.0,0.00011721852206392214,0.0,0.0,0.039851635694503784,0.0,0.0,0.00016127893468365073,0.0,0.0,0.1906571388244629,0.0,0.0,0.030155261978507042,264.8254699707031,107.99850463867188,0.7955517768859863,0.0,0.0,0.13700461387634277,182.85337829589844,102.13827514648438,0.8791390657424927,0.0,0.0,0.40595442056655884,0.0,0.0,0.28777357935905457,0.0,0.0,0.143710196018219,0.0,0.0,0.020033277571201324,0.0,0.0,0.008838310837745667,0.0,0.0,0.0010615213541314006,0.0,0.0,0.0007652755011804402
764,True,0.0,0.0,0.011682125739753246,0.0,0.0,0.013393099419772625,0.0,0.0,0.00017916782235261053,0.0,0.0,0.0877954438328743,0.0,0.0,0.0001777846337063238,0.0,0.0,0.2145308405160904,0.0,0.0,0.027431201189756393,262.8412170410156,107.70529174804688,0.7882252335548401,0.0,0.0,0.0989571288228035,184.27688598632812,102.09403991699219,0.876105785369873,0.0,0.0,0.3412085473537445,0.0,0.0,0.300437331199646,0.0,0.0,0.13936597108840942,0.0,0.0,0.020514274016022682,0.0,0.0,0.008234570734202862,0.0,0.0,0.0012580826878547668,0.0,0.0,0.0008574450621381402
765,True,0.0,0.0,0.016686847433447838,0.0,0.0,0.02347434125840664,0.0,0.0,0.00023264111950993538,0.0,0.0,0.1800011396408081,0.0,0.0,0.0002720991033129394,0.0,0.0,0.32494890689849854,0.0,0.0,0.03540769964456558,260.14459228515625,108.57801055908203,0.8049203753471375,0.0,0.0,0.07434214651584625,183.56427001953125,101.53089904785156,0.8579344749450684,0.0,0.0,0.25111883878707886,0.0,0.0,0.2957342863082886,0.0,0.0,0.12149227410554886,0.0,0.0,0.018054338172078133,0.0,0.0,0.006439103279262781,0.0,0.0,0.0010818513110280037,0.0,0.0,0.0006903858156874776
766,True,0.0,0.0,0.005190441384911537,0.0,0.0,0.004704867955297232,0.0,0.0,8.271748811239377e-05,0.0,0.0,0.03918138146400452,0.0,0.0,0.0001318947470281273,0.0,0.0,0.17662596702575684,0.0,0.0,0.017468441277742386,264.9797668457031,107.73248291015625,0.8184394240379333,0.0,0.0,0.08666753768920898,184.1805419921875,101.0347900390625,0.8950294256210327,0.0,0.0,0.33044084906578064,0.0,0.0,0.32059499621391296,0.0,0.0,0.13198161125183105,0.0,0.0,0.020961446687579155,0.0,0.0,0.007192098535597324,0.0,0.0,0.0011466431897133589,0.0,0.0,0.0006866310141049325
767,True,0.0,0.0,0.018733540549874306,0.0,0.0,0.02974773198366165,0.0,0.0,0.00024115046835504472,0.0,0.0,0.26875919103622437,0.0,0.0,0.0003583573561627418,0.0,0.0,0.4461631178855896,0.0,0.0,0.042437512427568436,256.3046875,108.91493225097656,0.8399436473846436,0.0,0.0,0.0664176493883133,184.39073181152344,101.37606811523438,0.8636805415153503,0.0,0.0,0.2155797928571701,0.0,0.0,0.34430599212646484,0.0,0.0,0.13028523325920105,0.0,0.0,0.021967461332678795,0.0,0.0,0.006917943246662617,0.0,0.0,0.001251061214134097,0.0,0.0,0.0007370674866251647
768,True,0.0,0.0,0.015723207965493202,0.0,0.0,0.02344823069870472,0.0,0.0,0.0001875880261650309,0.0,0.0,0.17395655810832977,0.0,0.0,0.00017698445299174637,0.0,0.0,0.3501514196395874,0.0,0.0,0.03391936421394348,259.7759704589844,110.48870849609375,0.8629586696624756,0.0,0.0,0.09117180854082108,186.82431030273438,101.80219268798828,0.9054368734359741,0.0,0.0,0.30960991978645325,0.0,0.0,0.41256678104400635,0.0,0.0,0.1744052916765213,0.0,0.0,0.029965173453092575,0.0,0.0,0.009851107373833656,0.0,0.0,0.0015704630641266704,0.0,0.0,0.0009383672149851918
769,True,0.0,0.0,0.005228779278695583,0.0,0.0,0.005212177988141775,0.0,0.0,7.547494169557467e-05,0.0,0.0,0.04724804311990738,0.0,0.0,0.0001193238131236285,0.0,0.0,0.19197633862495422,0.0,0.0,0.018008727580308914,264.2816467285156,107.43991088867188,0.8424346446990967,0.0,0.0,0.09454400837421417,186.9630889892578,101.86890411376953,0.9081515669822693,0.0,0.0,0.35494548082351685,0.0,0.0,0.3716568946838379,0.0,0.0,0.15549877285957336,0.0,0.0,0.021411333233118057,0.0,0.0,0.0073350900784134865,0.0,0.0,0.001024596276693046,0.0,0.0,0.0006178445764817297
770,True,0.0,0.0,0.009131127037107944,0.0,0.0,0.009726174175739288,0.0,0.0,0.0001331645471509546,0.0,0.0,0.06885851174592972,0.0,0.0,0.0001568982406752184,0.0,0.0,0.21855054795742035,0.0,0.0,0.024204345420002937,264.11669921875,107.64542388916016,0.8339348435401917,0.0,0.0,0.11226130276918411,187.31390380859375,101.7253646850586,0.9090105891227722,0.0,0.0,0.3973979353904724,0.0,0.0,0.350723534822464,0.0,0.0,0.15664927661418915,0.0,0.0,0.020642932504415512,0.0,0.0,0.007858535274863243,0.0,0.0,0.001050978316925466,0.0,0.0,0.0006884020986035466
771,True,0.0,0.0,0.00552564999088645,0.0,0.0,0.0041666398756206036,0.0,0.0,8.352415170520544e-05,0.0,0.0,0.03447411209344864,0.0,0.0,0.00012898287968710065,0.0,0.0,0.1772419661283493,0.0,0.0,0.023305149748921394,266.2685546875,104.86365509033203,0.8186975121498108,0.0,0.0,0.12806037068367004,186.77011108398438,100.97288513183594,0.8973312377929688,0.0,0.0,0.41033926606178284,0.0,0.0,0.3086891770362854,0.0,0.0,0.14265599846839905,0.0,0.0,0.018097518011927605,0.0,0.0,0.007448161486536264,0.0,0.0,0.0008351241704076529,0.0,0.0,0.0005723722279071808
772,True,0.0,0.0,0.003967358265072107,0.0,0.0,0.0024650488048791885,0.0,0.0,6.427031621569768e-05,0.0,0.0,0.01966731809079647,0.0,0.0,0.00010852103150682524,0.0,0.0,0.15130558609962463,0.0,0.0,0.020878443494439125,267.9876403808594,106.47482299804688,0.8232067823410034,0.0,0.0,0.1446639597415924,186.90792846679688,100.74408721923828,0.9037084579467773,0.0,0.0,0.4485730230808258,0.0,0.0,0.3160375654697418,0.0,0.0,0.14938119053840637,0.0,0.0,0.017061367630958557,0.0,0.0,0.007143525872379541,0.0,0.0,0.0007208222523331642,0.0,0.0,0.0004957859055139124
773,True,0.0,0.0,0.002613409422338009,0.0,0.0,0.0014671583194285631,0.0,0.0,4.879231710219756e-05,0.0,0.0,0.014497977681457996,0.0,0.0,0.0001187435700558126,0.0,0.0,0.13970109820365906,0.0,0.0,0.01857132650911808,264.9882507324219,106.7376480102539,0.8049430847167969,0.0,0.0,0.11770778149366379,185.1978759765625,100.03690338134766,0.8733102083206177,0.0,0.0,0.36216720938682556,0.0,0.0,0.29330921173095703,0.0,0.0,0.13056422770023346,0.0,0.0,0.016102179884910583,0.0,0.0,0.006263337098062038,0.0,0.0,0.0007259026751853526,0.0,0.0,0.0004666111490223557
774,True,0.0,0.0,0.0022566262632608414,0.0,0.0,0.0012641907669603825,0.0,0.0,3.9758790080668405e-05,0.0,0.0,0.012623795308172703,0.0,0.0,9.385476005263627e-05,0.0,0.0,0.13846024870872498,0.0,0.0,0.014957409352064133,266.1144714355469,107.3702163696289,0.8276351690292358,0.0,0.0,0.10401331633329391,185.59402465820312,99.5606689453125,0.888846218585968,0.0,0.0,0.34643885493278503,0.0,0.0,0.2990492880344391,0.0,0.0,0.12130357325077057,0.0,0.0,0.0173047985881567,0.0,0.0,0.006033931393176317,0.0,0.0,0.0007694652886129916,0.0,0.0,0.00045666881487704813
775,True,0.0,0.0,0.002482619136571884,0.0,0.0,0.0013659702381119132,0.0,0.0,4.4965327106183395e-05,0.0,0.0,0.012658189982175827,0.0,0.0,9.95212176349014e-05,0.0,0.0,0.1318751871585846,0.0,0.0,0.016419120132923126,266.3751220703125,107.43853759765625,0.8146798014640808,0.0,0.0,0.11771779507398605,185.39865112304688,100.287841796875,0.8848130106925964,0.0,0.0,0.37515994906425476,0.0,0.0,0.2890228033065796,0.0,0.0,0.12520650029182434,0.0,0.0,0.015677977353334427,0.0,0.0,0.005976306274533272,0.0,0.0,0.0007008283282630146,0.0,0.0,0.0004441207565832883
776,True,0.0,0.0,0.002794028492644429,0.0,0.0,0.0015133402775973082,0.0,0.0,5.090220656711608e-05,0.0,0.0,0.012922595255076885,0.0,0.0,0.00010401864710729569,0.0,0.0,0.131318598985672,0.0,0.0,0.018372107297182083,266.82916259765625,106.52272033691406,0.8134990930557251,0.0,0.0,0.13373346626758575,185.52310180664062,100.36875915527344,0.8897673487663269,0.0,0.0,0.4128514528274536,0.0,0.0,0.29431071877479553,0.0,0.0,0.13457003235816956,0.0,0.0,0.01595165766775608,0.0,0.0,0.006417151540517807,0.0,0.0,0.00070662033976987,0.0,0.0,0.0004661941493395716
777,True,0.0,0.0,0.0033966493792831898,0.0,0.0,0.0019406010396778584,0.0,0.0,6.079970989958383e-05,0.0,0.0,0.01545492373406887,0.0,0.0,0.00010719489364419132,0.0,0.0,0.1283360868692398,0.0,0.0,0.0208805613219738,267.0639953613281,107.85125732421875,0.7932131290435791,0.0,0.0,0.14451754093170166,186.2218017578125,101.3350830078125,0.8833858966827393,0.0,0.0,0.430558443069458,0.0,0.0,0.2885567843914032,0.0,0.0,0.14225883781909943,0.0,0.0,0.016042005270719528,0.0,0.0,0.006981885526329279,0.0,0.0,0.0007436911691911519,0.0,0.0,0.0005212806863710284
778,True,0.0,0.0,0.002963003469631076,0.0,0.0,0.001575534581206739,0.0,0.0,5.3612053307006136e-05,0.0,0.0,0.011660932563245296,0.0,0.0,8.22717702249065e-05,0.0,0.0,0.11078154295682907,0.0,0.0,0.01867041178047657,268.65423583984375,107.71870422363281,0.801101803779602,0.0,0.0,0.16234417259693146,186.76785278320312,102.3603515625,0.8943723440170288,0.0,0.0,0.47470396757125854,0.0,0.0,0.2935771942138672,0.0,0.0,0.14769354462623596,0.0,0.0,0.014347727410495281,0.0,0.0,0.006495718378573656,0.0,0.0,0.0006242560921236873,0.0,0.0,0.00044923086534254253
779,True,0.0,0.0,0.003353430889546871,0.0,0.0,0.0018652848666533828,0.0,0.0,6.0914149798918515e-05,0.0,0.0,0.013464911840856075,0.0,0.0,9.96874223346822e-05,0.0,0.0,0.12427470088005066,0.0,0.0,0.017724696546792984,267.647216796875,108.29670715332031,0.8065739870071411,0.0,0.0,0.1434185802936554,186.3480224609375,102.76246643066406,0.8992822170257568,0.0,0.0,0.4530981183052063,0.0,0.0,0.26108336448669434,0.0,0.0,0.12161802500486374,0.0,0.0,0.015310149639844894,0.0,0.0,0.006466062273830175,0.0,0.0,0.0007576339994557202,0.0,0.0,0.000517945911269635
780,True,0.0,0.0,0.0026160681154578924,0.0,0.0,0.0015051915543153882,0.0,0.0,4.89833764731884e-05,0.0,0.0,0.014932145364582539,0.0,0.0,0.0001223073631990701,0.0,0.0,0.13612498342990875,0.0,0.0,0.017359282821416855,262.0824890136719,108.47814178466797,0.7978386282920837,0.0,0.0,0.11732956767082214,184.42514038085938,101.9205322265625,0.8744186162948608,0.0,0.0,0.37538793683052063,0.0,0.0,0.25511249899864197,0.0,0.0,0.11144663393497467,0.0,0.0,0.014064580202102661,0.0,0.0,0.0056262994185090065,0.0,0.0,0.0006816178793087602,0.0,0.0,0.00044887769035995007
781,True,0.0,0.0,0.0022921492345631123,0.0,0.0,0.0010585881536826491,0.0,0.0,4.5774733735015616e-05,0.0,0.0,0.007195167243480682,0.0,0.0,7.295973773580045e-05,0.0,0.0,0.10880792886018753,0.0,0.0,0.020880989730358124,267.41412353515625,120.1979751586914,0.8464453816413879,0.0,0.0,0.2747337818145752,185.27804565429688,105.9543685913086,0.9348555207252502,206.47283935546875,91.88876342773438,0.6618597507476807,0.0,0.0,0.3871523141860962,0.0,0.0,0.22244030237197876,0.0,0.0,0.020966608077287674,0.0,0.0,0.010516246780753136,0.0,0.0,0.0007886224193498492,0.0,0.0,0.0005990563076920807
782,True,0.0,0.0,0.0016705505549907684,0.0,0.0,0.0007561063393950462,0.0,0.0,3.299478339613415e-05,0.0,0.0,0.006696443073451519,0.0,0.0,7.243315485538915e-05,0.0,0.0,0.11285802721977234,0.0,0.0,0.020902428776025772,264.2508544921875,118.0087890625,0.8515090942382812,0.0,0.0,0.2683314085006714,184.75743103027344,106.60470581054688,0.9311927556991577,207.16998291015625,91.88634490966797,0.6438580751419067,0.0,0.0,0.4454870820045471,0.0,0.0,0.25960302352905273,0.0,0.0,0.02313118800520897,0.0,0.0,0.011389702558517456,0.0,0.0,0.0007732644444331527,0.0,0.0,0.0005784293171018362
783,True,0.0,0.0,0.0017947630258277059,0.0,0.0,0.0007615384529344738,0.0,0.0,3.6811255995417014e-05,0.0,0.0,0.0057780928909778595,0.0,0.0,6.953158299438655e-05,0.0,0.0,0.10159323364496231,0.0,0.0,0.0195614043623209,266.42193603515625,116.30308532714844,0.8551592230796814,0.0,0.0,0.2766399681568146,187.3070831298828,106.90913391113281,0.937861442565918,206.540283203125,93.54379272460938,0.6678454875946045,0.0,0.0,0.42059653997421265,0.0,0.0,0.24027569591999054,0.0,0.0,0.018580123782157898,0.0,0.0,0.009084620513021946,0.0,0.0,0.0006193845765665174,0.0,0.0,0.00045916909584775567
784,True,0.0,0.0,0.0023344894871115685,0.0,0.0,0.0011576826218515635,0.0,0.0,4.011216515209526e-05,0.0,0.0,0.00980299711227417,0.0,0.0,7.476726023014635e-05,0.0,0.0,0.13813424110412598,0.0,0.0,0.019727269187569618,266.8330383300781,115.7727279663086,0.875916600227356,0.0,0.0,0.21858510375022888,190.1328125,107.31951904296875,0.9412607550621033,205.68565368652344,93.43599700927734,0.5938518047332764,0.0,0.0,0.4063963294029236,0.0,0.0,0.20214702188968658,0.0,0.0,0.01778567023575306,0.0,0.0,0.007342075929045677,0.0,0.0,0.0005866638966836035,0.0,0.0,0.0003909497754648328
785,True,0.0,0.0,0.0024944795295596123,0.0,0.0,0.00104709982406348,0.0,0.0,5.363930540625006e-05,0.0,0.0,0.007253418676555157,0.0,0.0,8.888856245903298e-05,0.0,0.0,0.11130009591579437,0.0,0.0,0.0337139293551445,265.897216796875,123.1570053100586,0.8416839838027954,0.0,0.0,0.4046890437602997,190.82620239257812,108.22949981689453,0.9386304616928101,203.7313232421875,90.56080627441406,0.7614855170249939,0.0,0.0,0.4213096797466278,0.0,0.0,0.28869006037712097,0.0,0.0,0.022477736696600914,0.0,0.0,0.013418559916317463,0.0,0.0,0.00080298405373469,0.0,0.0,0.0006860825233161449
786,True,0.0,0.0,0.0025901710614562035,0.0,0.0,0.0010607474250718951,0.0,0.0,5.4933418141445145e-05,0.0,0.0,0.004832488484680653,0.0,0.0,5.601179873337969e-05,0.0,0.0,0.07824327796697617,0.0,0.0,0.01878909021615982,274.17376708984375,124.90238189697266,0.838045060634613,0.0,0.0,0.3369878828525543,191.58352661132812,108.23613739013672,0.948371410369873,198.99896240234375,90.1272201538086,0.7545579075813293,0.0,0.0,0.372916579246521,0.0,0.0,0.2321694940328598,0.0,0.0,0.017225801944732666,0.0,0.0,0.009560690261423588,0.0,0.0,0.0006019696011207998,0.0,0.0,0.0004892819561064243
787,True,0.0,0.0,0.0016406616196036339,0.0,0.0,0.0005967677570879459,0.0,0.0,3.273178299423307e-05,0.0,0.0,0.0036746449768543243,0.0,0.0,5.2466977649601176e-05,0.0,0.0,0.08628012239933014,0.0,0.0,0.01638648472726345,272.4640197753906,129.1013946533203,0.8762325644493103,0.0,0.0,0.343252956867218,192.66049194335938,109.7000503540039,0.9611080884933472,198.9160919189453,87.5063247680664,0.7716986536979675,0.0,0.0,0.41359642148017883,0.0,0.0,0.23843486607074738,0.0,0.0,0.016152312979102135,0.0,0.0,0.008118225261569023,0.0,0.0,0.00044679190614260733,0.0,0.0,0.00033520691795274615
788,True,0.0,0.0,0.0033352170139551163,0.0,0.0,0.0011082306737080216,0.0,0.0,5.8135276049142703e-05,0.0,0.0,0.004151594825088978,0.0,0.0,5.8977668231818825e-05,0.0,0.0,0.14783824980258942,0.0,0.0,0.04046372324228287,273.9254150390625,133.36376953125,0.9471200108528137,258.8150939941406,68.01122283935547,0.6688119173049927,191.63482666015625,109.79130554199219,0.9879539012908936,189.7828826904297,73.39289855957031,0.9353097677230835,282.3371276855469,195.9459228515625,0.5790212154388428,0.0,0.0,0.4093150794506073,0.0,0.0,0.018167370930314064,0.0,0.0,0.009947185404598713,0.0,0.0,0.0003149287949781865,0.0,0.0,0.00025413846014998853
789,True,0.0,0.0,0.0033445751760154963,0.0,0.0,0.0011367774568498135,0.0,0.0,5.520212653209455e-05,0.0,0.0,0.004242151044309139,0.0,0.0,6.067720096325502e-05,0.0,0.0,0.1400778591632843,0.0,0.0,0.036360301077365875,272.6983642578125,136.47219848632812,0.9429355263710022,259.64508056640625,67.67292785644531,0.6342887282371521,191.04586791992188,110.36093139648438,0.9878786206245422,188.37953186035156,71.36463165283203,0.9306622743606567,0.0,0.0,0.4946760833263397,0.0,0.0,0.32649552822113037,0.0,0.0,0.012668767012655735,0.0,0.0,0.006718876305967569,0.0,0.0,0.00022893890854902565,0.0,0.0,0.00018059415742754936
790,True,0.0,0.0,0.0028221134562045336,0.0,0.0,0.0008790172287262976,0.0,0.0,4.6214790927479044e-05,0.0,0.0,0.003506849752739072,0.0,0.0,5.794774915557355e-05,0.0,0.0,0.13964179158210754,0.0,0.0,0.03299781307578087,275.671875,135.6484832763672,0.9508739113807678,261.20062255859375,66.6134262084961,0.6358437538146973,194.5698699951172,111.30522918701172,0.9898271560668945,186.318603515625,72.26415252685547,0.9351241588592529,283.1988830566406,205.9256134033203,0.5015910863876343,0.0,0.0,0.3174324631690979,0.0,0.0,0.01049792394042015,0.0,0.0,0.005248014349490404,0.0,0.0,0.0001647245662752539,0.0,0.0,0.00012451877410057932
791,True,0.0,0.0,0.00256053707562387,0.0,0.0,0.0008728044340386987,0.0,0.0,4.136836651014164e-05,0.0,0.0,0.0040455712005496025,0.0,0.0,5.817464625579305e-05,0.0,0.0,0.13303369283676147,0.0,0.0,0.032438021153211594,272.802490234375,123.33615112304688,0.9478027820587158,259.7835998535156,65.79293060302734,0.6108977198600769,192.29666137695312,111.13279724121094,0.9881608486175537,182.91787719726562,73.82486724853516,0.925780177116394,284.8832702636719,200.4604034423828,0.5496928095817566,0.0,0.0,0.35826238989830017,0.0,0.0,0.011593809351325035,0.0,0.0,0.005780435632914305,0.0,0.0,0.0001754532422637567,0.0,0.0,0.00013359620061237365
792,True,0.0,0.0,0.0013836456928402185,0.0,0.0,0.00045443500857800245,0.0,0.0,2.3265978597919457e-05,0.0,0.0,0.0027585444040596485,0.0,0.0,3.9865928556537256e-05,0.0,0.0,0.09081938862800598,0.0,0.0,0.017765797674655914,270.9169616699219,119.7989501953125,0.932302713394165,0.0,0.0,0.4912451207637787,188.1871795654297,110.40457916259766,0.9827502965927124,184.89683532714844,72.48020935058594,0.8864231705665588,0.0,0.0,0.4721720814704895,0.0,0.0,0.2790606915950775,0.0,0.0,0.010173200629651546,0.0,0.0,0.004910295829176903,0.0,0.0,0.00019169689039699733,0.0,0.0,0.00014073164493311197
793,True,0.0,0.0,0.0028348418418318033,0.0,0.0,0.0008857339271344244,0.0,0.0,4.87210854771547e-05,0.0,0.0,0.00434485636651516,0.0,0.0,7.236604869831353e-05,0.0,0.0,0.12836669385433197,0.0,0.0,0.042308010160923004,268.9615173339844,123.682373046875,0.9394456744194031,259.36322021484375,67.95650482177734,0.6664763689041138,191.00051879882812,112.48863983154297,0.984911322593689,187.53909301757812,71.63746643066406,0.9252873659133911,280.89617919921875,195.2206268310547,0.5120370984077454,0.0,0.0,0.3571355938911438,0.0,0.0,0.010986476205289364,0.0,0.0,0.006214771885424852,0.0,0.0,0.0001725544425426051,0.0,0.0,0.00014359519991558045
794,True,0.0,0.0,0.008064997382462025,0.0,0.0,0.002838216023519635,0.0,0.0,0.00013473338913172483,0.0,0.0,0.0067632547579705715,0.0,0.0,0.0001008497056318447,0.0,0.0,0.132745161652565,0.0,0.0,0.052750155329704285,274.5763854980469,118.11272430419922,0.9202522039413452,257.8282470703125,70.67277526855469,0.6355846524238586,191.9940643310547,115.03299713134766,0.9824790954589844,181.82284545898438,73.4111099243164,0.9180303812026978,0.0,0.0,0.41969409584999084,0.0,0.0,0.2983720004558563,0.0,0.0,0.009803316555917263,0.0,0.0,0.005720891989767551,0.0,0.0,0.000187171739526093,0.0,0.0,0.00016119021165650338
795,True,0.0,0.0,0.007757925428450108,0.0,0.0,0.0027576065622270107,0.0,0.0,0.00012712797615677118,0.0,0.0,0.007401240989565849,0.0,0.0,0.00010697627294575796,0.0,0.0,0.16128797829151154,0.0,0.0,0.060090575367212296,271.197509765625,121.94270324707031,0.9291180968284607,256.471435546875,72.55154418945312,0.649747908115387,191.65029907226562,115.4531478881836,0.9828364253044128,182.16390991210938,73.39347839355469,0.918204128742218,0.0,0.0,0.44929879903793335,0.0,0.0,0.3185563087463379,0.0,0.0,0.0119217149913311,0.0,0.0,0.006806525867432356,0.0,0.0,0.0002242647169623524,0.0,0.0,0.00019077768956776708
796,True,0.0,0.0,0.0016264228615909815,0.0,0.0,0.0005588678177446127,0.0,0.0,2.5676046789158136e-05,0.0,0.0,0.0030091588851064444,0.0,0.0,3.490508606773801e-05,0.0,0.0,0.09590824693441391,0.0,0.0,0.01780487410724163,270.6551208496094,127.90371704101562,0.9393414258956909,260.52386474609375,60.313880920410156,0.5087318420410156,187.4832763671875,115.7544937133789,0.9855188131332397,185.6837615966797,74.17939758300781,0.8974483609199524,0.0,0.0,0.45012781023979187,0.0,0.0,0.26191115379333496,0.0,0.0,0.01066545955836773,0.0,0.0,0.004893019795417786,0.0,0.0,0.00021918943093623966,0.0,0.0,0.00015553233970422298
797,True,0.0,0.0,0.004841787274926901,0.0,0.0,0.001524770399555564,0.0,0.0,8.866523421602324e-05,0.0,0.0,0.005963345989584923,0.0,0.0,9.525263885734603e-05,0.0,0.0,0.13120605051517487,0.0,0.0,0.05718083679676056,276.6282043457031,115.69209289550781,0.9233201146125793,265.3238830566406,68.85527038574219,0.6833720803260803,192.78265380859375,117.73192596435547,0.9829553961753845,191.14707946777344,78.4964370727539,0.9324695467948914,0.0,0.0,0.4820680022239685,0.0,0.0,0.3616139590740204,0.0,0.0,0.011747300624847412,0.0,0.0,0.007640951778739691,0.0,0.0,0.00021098944125697017,0.0,0.0,0.00019599344523157924
798,True,0.0,0.0,0.005243304185569286,0.0,0.0,0.001270213513635099,0.0,0.0,0.00014203866885509342,0.0,0.0,0.0025716579984873533,0.0,0.0,9.953411063179374e-05,0.0,0.0,0.08684676885604858,0.0,0.0,0.05647216737270355,283.37347412109375,122.283203125,0.9107633829116821,259.0491943359375,71.37532806396484,0.7819828391075134,195.312744140625,116.62947845458984,0.9841959476470947,187.79541015625,86.67620086669922,0.9615518450737,0.0,0.0,0.4756467044353485,0.0,0.0,0.40628311038017273,0.0,0.0,0.007211378775537014,0.0,0.0,0.005760339088737965,0.0,0.0,0.00012153516581747681,0.0,0.0,0.00012675576726906002
799,True,0.0,0.0,0.004654597491025925,0.0,0.0,0.00145657267421484,0.0,0.0,0.00011350140266586095,0.0,0.0,0.004517714027315378,0.0,0.0,0.00011231439566472545,0.0,0.0,0.1105535477399826,0.0,0.0,0.037497628480196,271.9594421386719,111.39727020263672,0.9085843563079834,256.80413818359375,75.050048828125,0.5383210182189941,191.60302734375,118.25346374511719,0.9758267998695374,191.0377960205078,96.66468048095703,0.8860349655151367,0.0,0.0,0.4328571856021881,0.0,0.0,0.2809049189090729,0.0,0.0,0.00975628849118948,0.0,0.0,0.005331580527126789,0.0,0.0,0.00021164730424061418,0.0,0.0,0.00017047242727130651
800,True,0.0,0.0,0.0023665293119847775,0.0,0.0,0.0008786537800915539,0.0,0.0,6.280367961153388e-05,0.0,0.0,0.003717079060152173,0.0,0.0,7.337978604482487e-05,0.0,0.0,0.06793774664402008,0.0,0.0,0.017773421481251717,272.0067443847656,121.7347412109375,0.8189172744750977,0.0,0.0,0.3176476061344147,192.2008514404297,117.87515258789062,0.9388540387153625,192.49996948242188,102.89077758789062,0.7369487881660461,0.0,0.0,0.35343822836875916,0.0,0.0,0.2175036072731018,0.0,0.0,0.014287547208368778,0.0,0.0,0.007816217839717865,0.0,0.0,0.0005351690924726427,0.0,0.0,0.00042466472950764
801,True,0.0,0.0,0.0028463141061365604,0.0,0.0,0.0010208231396973133,0.0,0.0,7.669054321013391e-05,0.0,0.0,0.003021045820787549,0.0,0.0,6.202381337061524e-05,0.0,0.0,0.051008157432079315,0.0,0.0,0.012651439756155014,277.5015869140625,120.92428588867188,0.81294184923172,0.0,0.0,0.2738155126571655,190.12559509277344,119.64287567138672,0.9459913969039917,192.0109405517578,108.83396911621094,0.7247213125228882,0.0,0.0,0.27553126215934753,0.0,0.0,0.15656477212905884,0.0,0.0,0.010675582103431225,0.0,0.0,0.005332642700523138,0.0,0.0,0.00045345560647547245,0.0,0.0,0.0003363305004313588
802,True,0.0,0.0,0.002225802280008793,0.0,0.0,0.0009019613498821855,0.0,0.0,6.0885406128363684e-05,0.0,0.0,0.003785529872402549,0.0,0.0,7.490934513043612e-05,0.0,0.0,0.052708402276039124,0.0,0.0,0.011255864053964615,269.5254211425781,114.75048828125,0.7878533601760864,0.0,0.0,0.2059178650379181,182.59088134765625,120.4142837524414,0.9209045767784119,186.21347045898438,112.303466796875,0.616588830947876,0.0,0.0,0.28782927989959717,0.0,0.0,0.15677808225154877,0.0,0.0,0.013368009589612484,0.0,0.0,0.006364369299262762,0.0,0.0,0.0005919247050769627,0.0,0.0,0.0004284040187485516
803,True,0.0,0.0,0.001896918285638094,0.0,0.0,0.0007294825045391917,0.0,0.0,5.132294973009266e-05,0.0,0.0,0.0030075369868427515,0.0,0.0,6.86094062984921e-05,0.0,0.0,0.04511774331331253,0.0,0.0,0.00881002563983202,269.1601257324219,111.865966796875,0.767428994178772,0.0,0.0,0.18186894059181213,182.424560546875,120.10942840576172,0.9195582866668701,186.863525390625,111.50821685791016,0.6116829514503479,0.0,0.0,0.24972368776798248,0.0,0.0,0.13099782168865204,0.0,0.0,0.011645132675766945,0.0,0.0,0.0056442576460540295,0.0,0.0,0.0005252768751233816,0.0,0.0,0.00038527866126969457
804,True,0.0,0.0,0.00236379518173635,0.0,0.0,0.0008402746170759201,0.0,0.0,7.090787403285503e-05,0.0,0.0,0.0027578596491366625,0.0,0.0,6.987203232711181e-05,0.0,0.0,0.03798005357384682,0.0,0.0,0.011679703369736671,271.83685302734375,115.63499450683594,0.7381024360656738,0.0,0.0,0.25748565793037415,181.02816772460938,118.2745590209961,0.9187836647033691,186.5205078125,109.83792114257812,0.6988311409950256,0.0,0.0,0.2298242747783661,0.0,0.0,0.1456022560596466,0.0,0.0,0.009935789741575718,0.0,0.0,0.005897310096770525,0.0,0.0,0.00046749378088861704,0.0,0.0,0.00039338014903478324
805,True,0.0,0.0,0.002486885990947485,0.0,0.0,0.0010107567068189383,0.0,0.0,7.010549597907811e-05,0.0,0.0,0.003508096095174551,0.0,0.0,6.477416172856465e-05,0.0,0.0,0.04662343114614487,0.0,0.0,0.010275791399180889,270.721435546875,114.6361312866211,0.769483208656311,0.0,0.0,0.20910890400409698,180.43243408203125,118.22415161132812,0.922910213470459,187.13482666015625,109.87910461425781,0.643165647983551,0.0,0.0,0.25910237431526184,0.0,0.0,0.14447003602981567,0.0,0.0,0.011689979583024979,0.0,0.0,0.005986092612147331,0.0,0.0,0.0005581342848017812,0.0,0.0,0.00042510396451689303
806,True,0.0,0.0,0.004736397881060839,0.0,0.0,0.002365793101489544,0.0,0.0,0.00012130694813095033,0.0,0.0,0.007009089924395084,0.0,0.0,8.797932969173416e-05,0.0,0.0,0.07850480824708939,0.0,0.0,0.012235620059072971,271.1348876953125,110.3388442993164,0.8317781090736389,0.0,0.0,0.19484850764274597,180.7239990234375,120.75041198730469,0.9451549053192139,196.4951934814453,106.96395874023438,0.6496924757957458,0.0,0.0,0.3462105989456177,0.0,0.0,0.17675910890102386,0.0,0.0,0.017040420323610306,0.0,0.0,0.007667753845453262,0.0,0.0,0.0007140978123061359,0.0,0.0,0.000502236420288682
807,True,0.0,0.0,0.010788388550281525,0.0,0.0,0.0063003599643707275,0.0,0.0,0.0001843667560024187,0.0,0.0,0.015160281211137772,0.0,0.0,9.199381020152941e-05,0.0,0.0,0.1562669575214386,0.0,0.0,0.015564405359327793,270.5509948730469,112.969970703125,0.909627377986908,0.0,0.0,0.1660340428352356,183.3635711669922,117.14618682861328,0.9699651598930359,196.51824951171875,109.48417663574219,0.6149024963378906,0.0,0.0,0.3616745173931122,0.0,0.0,0.1432621031999588,0.0,0.0,0.020129907876253128,0.0,0.0,0.0061741978861391544,0.0,0.0,0.0007772952085360885,0.0,0.0,0.0004261972790118307
808,True,0.0,0.0,0.003085637930780649,0.0,0.0,0.001487208646722138,0.0,0.0,6.996771116973832e-05,0.0,0.0,0.004825987853109837,0.0,0.0,5.5352469644276425e-05,0.0,0.0,0.0736159086227417,0.0,0.0,0.00781079800799489,273.5931396484375,120.25929260253906,0.8665907382965088,0.0,0.0,0.16642369329929352,186.60472106933594,122.06361389160156,0.9618048667907715,206.5990753173828,108.68814086914062,0.6455656886100769,0.0,0.0,0.3408550024032593,0.0,0.0,0.14703047275543213,0.0,0.0,0.018457621335983276,0.0,0.0,0.006723008584231138,0.0,0.0,0.0008339746273122728,0.0,0.0,0.0004991219029761851
809,True,0.0,0.0,0.01752752996981144,0.0,0.0,0.016532307490706444,0.0,0.0,0.00031167006818577647,0.0,0.0,0.03749845549464226,0.0,0.0,9.310641326010227e-05,0.0,0.0,0.15233592689037323,0.0,0.0,0.012792699038982391,273.76995849609375,115.41748809814453,0.8621994853019714,0.0,0.0,0.10968267172574997,191.44606018066406,124.739013671875,0.9473538398742676,0.0,0.0,0.4834684133529663,0.0,0.0,0.2695179283618927,0.0,0.0,0.10180561989545822,0.0,0.0,0.0107576297596097,0.0,0.0,0.0036345620173960924,0.0,0.0,0.0005707235541194677,0.0,0.0,0.0003406752657610923
810,True,0.0,0.0,0.0023087358567863703,0.0,0.0,0.0007456671446561813,0.0,0.0,6.43469684291631e-05,0.0,0.0,0.0023737731389701366,0.0,0.0,6.373564974637702e-05,0.0,0.0,0.046108171343803406,0.0,0.0,0.014993838965892792,278.4342041015625,115.56059265136719,0.8320083618164062,0.0,0.0,0.4224379062652588,196.775146484375,129.72329711914062,0.9647464156150818,217.2891387939453,109.30526733398438,0.8560906648635864,0.0,0.0,0.38649192452430725,0.0,0.0,0.2628439664840698,0.0,0.0,0.01412641815841198,0.0,0.0,0.008494065143167973,0.0,0.0,0.0005365972174331546,0.0,0.0,0.00045450348989106715
811,True,0.0,0.0,0.030417954549193382,0.0,0.0,0.040134869515895844,0.0,0.0,0.0003312767075840384,0.0,0.0,0.08956003189086914,0.0,0.0,6.0850867157569155e-05,0.0,0.0,0.18697234988212585,0.0,0.0,0.015677426010370255,272.35516357421875,117.60031127929688,0.8989534974098206,0.0,0.0,0.1349206566810608,198.66131591796875,131.4194793701172,0.9736766815185547,222.68724060058594,108.31519317626953,0.6169944405555725,0.0,0.0,0.3676820993423462,0.0,0.0,0.1459616720676422,0.0,0.0,0.01900002732872963,0.0,0.0,0.006220322567969561,0.0,0.0,0.0009178357431665063,0.0,0.0,0.0005439703236334026
812,True,0.0,0.0,0.008617519401013851,0.0,0.0,0.005256699398159981,0.0,0.0,0.00017736994777806103,0.0,0.0,0.013723500072956085,0.0,0.0,7.128578727133572e-05,0.0,0.0,0.08141688257455826,0.0,0.0,0.019615791738033295,278.7274169921875,121.28631591796875,0.81739342212677,0.0,0.0,0.30452725291252136,202.5922393798828,131.71507263183594,0.9566898941993713,217.189697265625,111.07501983642578,0.779809832572937,0.0,0.0,0.3551395535469055,0.0,0.0,0.21885789930820465,0.0,0.0,0.012150230817496777,0.0,0.0,0.006974966265261173,0.0,0.0,0.0004992185276933014,0.0,0.0,0.0004254392406437546
813,True,0.0,0.0,0.018942594528198242,0.0,0.0,0.018559692427515984,0.0,0.0,0.00039958851994015276,0.0,0.0,0.0458354651927948,0.0,0.0,0.00011121901479782537,0.0,0.0,0.11246518045663834,0.0,0.0,0.021666670218110085,277.6998596191406,125.80548095703125,0.7522856593132019,0.0,0.0,0.19865602254867554,205.7957000732422,131.30233764648438,0.9089108109474182,212.63888549804688,115.84862518310547,0.5998129844665527,0.0,0.0,0.30480578541755676,0.0,0.0,0.18434228003025055,0.0,0.0,0.011893360875546932,0.0,0.0,0.006874417886137962,0.0,0.0,0.0007178860250860453,0.0,0.0,0.0006190782296471298
814,True,0.0,0.0,0.04367508739233017,0.0,0.0,0.05950385704636574,0.0,0.0,0.000675987743306905,0.0,0.0,0.12088507413864136,0.0,0.0,0.0001107694988604635,0.0,0.0,0.16314731538295746,0.0,0.0,0.023963073268532753,274.5098571777344,117.57527923583984,0.7793631553649902,0.0,0.0,0.14773020148277283,208.04823303222656,130.5371856689453,0.9259481430053711,220.2203369140625,108.64862060546875,0.5599556565284729,0.0,0.0,0.31874731183052063,0.0,0.0,0.16997356712818146,0.0,0.0,0.015046078711748123,0.0,0.0,0.007515288423746824,0.0,0.0,0.0008960983250290155,0.0,0.0,0.0007076463662087917
815,True,0.0,0.0,0.0011100047267973423,0.0,0.0,0.00047066176193766296,0.0,0.0,2.5154480681521818e-05,0.0,0.0,0.0024608769454061985,0.0,0.0,3.2554187782807276e-05,0.0,0.0,0.03469643369317055,0.0,0.0,0.00462494557723403,280.516357421875,106.78909301757812,0.8049668669700623,0.0,0.0,0.16789798438549042,207.29656982421875,130.893310546875,0.9447861909866333,220.2008514404297,109.55628204345703,0.6475621461868286,0.0,0.0,0.29000532627105713,0.0,0.0,0.13480116426944733,0.0,0.0,0.00790602806955576,0.0,0.0,0.0034185394179075956,0.0,0.0,0.0003464786568656564,0.0,0.0,0.00023096188670024276
816,True,0.0,0.0,0.005845264997333288,0.0,0.0,0.003595771500840783,0.0,0.0,0.00012602265633177012,0.0,0.0,0.010936244390904903,0.0,0.0,6.130681140348315e-05,0.0,0.0,0.06200637295842171,0.0,0.0,0.012440739199519157,281.3891296386719,111.28880310058594,0.7735399603843689,0.0,0.0,0.2298455387353897,207.3836669921875,129.83621215820312,0.9359015226364136,217.90863037109375,110.97787475585938,0.6933242678642273,0.0,0.0,0.29087063670158386,0.0,0.0,0.17037154734134674,0.0,0.0,0.009395687840878963,0.0,0.0,0.005234385374933481,0.0,0.0,0.00047853420255705714,0.0,0.0,0.0003902647877112031
817,True,0.0,0.0,0.0012776282383129,0.0,0.0,0.00048137985868379474,0.0,0.0,3.501854371279478e-05,0.0,0.0,0.0022697169333696365,0.0,0.0,4.805990829481743e-05,0.0,0.0,0.03359190374612808,0.0,0.0,0.007146716117858887,276.85498046875,98.56461334228516,0.7898402810096741,0.0,0.0,0.2516358494758606,203.96461486816406,130.13731384277344,0.9429988265037537,223.56655883789062,107.63744354248047,0.7417963147163391,0.0,0.0,0.33233529329299927,0.0,0.0,0.19024476408958435,0.0,0.0,0.008545607328414917,0.0,0.0,0.00453525735065341,0.0,0.0,0.0003450514923315495,0.0,0.0,0.00026378248003311455
818,True,0.0,0.0,0.0021843579597771168,0.0,0.0,0.0007982440874911845,0.0,0.0,6.346013105940074e-05,0.0,0.0,0.0034210369922220707,0.0,0.0,7.190550968516618e-05,0.0,0.0,0.029563535004854202,0.0,0.0,0.012344864197075367,275.923095703125,90.01160430908203,0.6811831593513489,0.0,0.0,0.30329298973083496,206.2519073486328,129.73255920410156,0.9157135486602783,223.9525604248047,108.9813232421875,0.7659125328063965,0.0,0.0,0.2769661247730255,0.0,0.0,0.20073546469211578,0.0,0.0,0.010156897827982903,0.0,0.0,0.007408868055790663,0.0,0.0,0.0005268081440590322,0.0,0.0,0.0005085623124614358
819,True,0.0,0.0,0.0016098147025331855,0.0,0.0,0.0006033987156115472,0.0,0.0,4.164909478276968e-05,0.0,0.0,0.0023568999022245407,0.0,0.0,4.783969052368775e-05,0.0,0.0,0.040176406502723694,0.0,0.0,0.006587842479348183,281.2469482421875,102.74182891845703,0.8157386183738708,0.0,0.0,0.21791377663612366,207.18453979492188,128.68455505371094,0.952100396156311,226.69076538085938,107.3124771118164,0.7244258522987366,0.0,0.0,0.3196159303188324,0.0,0.0,0.16344286501407623,0.0,0.0,0.008252285420894623,0.0,0.0,0.003919143695384264,0.0,0.0,0.000336284952936694,0.0,0.0,0.0002378810168011114
820,True,0.0,0.0,0.0042719668708741665,0.0,0.0,0.002111308742314577,0.0,0.0,0.00010180985555052757,0.0,0.0,0.009565288200974464,0.0,0.0,0.00010254871449433267,0.0,0.0,0.08251655846834183,0.0,0.0,0.01317449752241373,276.59881591796875,92.0902328491211,0.8104956150054932,0.0,0.0,0.1810675412416458,208.2406463623047,128.7042694091797,0.9362545609474182,226.22906494140625,105.6358413696289,0.6284028887748718,0.0,0.0,0.34309643507003784,0.0,0.0,0.17187544703483582,0.0,0.0,0.013721654191613197,0.0,0.0,0.006422854959964752,0.0,0.0,0.0006399469566531479,0.0,0.0,0.00045935536036267877
821,True,0.0,0.0,0.36483484506607056,248.5819091796875,44.65997314453125,0.5084993839263916,0.0,0.0,0.008064157329499722,0.0,0.0,0.4503658413887024,0.0,0.0,0.00040603065281175077,0.0,0.0,0.41869908571243286,0.0,0.0,0.07195904105901718,276.4876708984375,121.95991516113281,0.8112457394599915,0.0,0.0,0.11301019787788391,209.16082763671875,127.84051513671875,0.9223754405975342,0.0,0.0,0.409120112657547,0.0,0.0,0.289008229970932,0.0,0.0,0.1275261640548706,0.0,0.0,0.015477579087018967,0.0,0.0,0.006214845459908247,0.0,0.0,0.0010242454009130597,0.0,0.0,0.0007163491100072861
822,True,0.0,0.0,0.22281810641288757,0.0,0.0,0.2643515467643738,0.0,0.0,0.005386493168771267,0.0,0.0,0.3307514488697052,0.0,0.0,0.0006246381672099233,0.0,0.0,0.4184507131576538,0.0,0.0,0.12857352197170258,273.8984375,112.02165985107422,0.8474088907241821,0.0,0.0,0.2710338830947876,209.13954162597656,127.75276184082031,0.9331064224243164,240.667724609375,152.53512573242188,0.6016401648521423,0.0,0.0,0.401955246925354,0.0,0.0,0.23553326725959778,0.0,0.0,0.013901953585445881,0.0,0.0,0.007114611100405455,0.0,0.0,0.0006639544735662639,0.0,0.0,0.0005408854922279716
823,True,0.0,0.0,0.01146542839705944,0.0,0.0,0.007089859340339899,0.0,0.0,0.00027511431835591793,0.0,0.0,0.021748855710029602,0.0,0.0,0.0001688226475380361,0.0,0.0,0.10300843417644501,0.0,0.0,0.02473650686442852,274.10498046875,95.79367065429688,0.7667543888092041,0.0,0.0,0.2291528582572937,211.82122802734375,127.85639190673828,0.9115996956825256,240.35675048828125,148.62046813964844,0.6097192764282227,0.0,0.0,0.35950353741645813,0.0,0.0,0.2139010727405548,0.0,0.0,0.010408598929643631,0.0,0.0,0.005836963187903166,0.0,0.0,0.00044441912905313075,0.0,0.0,0.000375941424863413
824,True,0.0,0.0,0.017989730462431908,0.0,0.0,0.007421333342790604,0.0,0.0,0.0004956181510351598,0.0,0.0,0.02055441215634346,0.0,0.0,0.0002715871960390359,0.0,0.0,0.1557435393333435,0.0,0.0,0.08847127854824066,269.6132507324219,77.52320098876953,0.8563154339790344,276.4886474609375,98.09754943847656,0.6066005229949951,213.42507934570312,125.73866271972656,0.9456486701965332,239.44573974609375,154.45660400390625,0.8567270636558533,0.0,0.0,0.4945194125175476,0.0,0.0,0.40315258502960205,0.0,0.0,0.013649643398821354,0.0,0.0,0.010576026514172554,0.0,0.0,0.000487617653561756,0.0,0.0,0.000512256461661309
825,True,0.0,0.0,0.008514735847711563,0.0,0.0,0.006036900449544191,0.0,0.0,0.0001926509867189452,0.0,0.0,0.04851660132408142,0.0,0.0,0.00029619759880006313,0.0,0.0,0.31186071038246155,0.0,0.0,0.03672387823462486,259.95166015625,71.19566345214844,0.8910933136940002,0.0,0.0,0.15739178657531738,212.07809448242188,124.69828033447266,0.9065850377082825,0.0,0.0,0.4027600884437561,280.6532287597656,163.91619873046875,0.6605114936828613,0.0,0.0,0.3620913326740265,0.0,0.0,0.061222679913043976,0.0,0.0,0.021344415843486786,0.0,0.0,0.0026195491664111614,0.0,0.0,0.0015580514445900917
826,True,0.0,0.0,0.002021257532760501,0.0,0.0,0.002009811345487833,0.0,0.0,3.504797859932296e-05,0.0,0.0,0.1021370142698288,0.0,0.0,0.0004204351280350238,250.668701171875,0.0,0.5522489547729492,0.0,0.0,0.02115274779498577,248.21939086914062,71.6854476928711,0.9526343941688538,0.0,0.0,0.05353785306215286,206.92208862304688,124.51426696777344,0.9160221219062805,0.0,0.0,0.1494629979133606,283.2598571777344,165.08660888671875,0.7649974226951599,0.0,0.0,0.31274494528770447,0.0,0.0,0.08720571547746658,0.0,0.0,0.015319915488362312,0.0,0.0,0.0029259442817419767,0.0,0.0,0.0010509873973205686
827,True,0.0,0.0,0.002928595757111907,0.0,0.0,0.002109464956447482,0.0,0.0,5.824392064823769e-05,0.0,0.0,0.06415843963623047,0.0,0.0,0.0003963002818636596,0.0,0.0,0.45717763900756836,0.0,0.0,0.05676047131419182,249.87542724609375,67.80619049072266,0.9260274171829224,0.0,0.0,0.1876119077205658,204.66094970703125,121.1914291381836,0.9004405736923218,0.0,0.0,0.3836989104747772,282.529052734375,155.87139892578125,0.8188390135765076,291.9599609375,153.42152404785156,0.5587535500526428,0.0,0.0,0.11369071155786514,0.0,0.0,0.03944353014230728,0.0,0.0,0.0036371080204844475,0.0,0.0,0.0021098784636706114
828,True,0.0,0.0,0.00048487793537788093,0.0,0.0,0.00038716080598533154,0.0,0.0,8.990756214188877e-06,0.0,0.0,0.03903130069375038,0.0,0.0,0.0002527813194319606,0.0,0.0,0.4351775646209717,0.0,0.0,0.011577624827623367,246.79090881347656,64.59395599365234,0.9594944715499878,0.0,0.0,0.05005341395735741,204.0802459716797,121.88371276855469,0.9303998947143555,0.0,0.0,0.16022568941116333,280.649658203125,161.5790557861328,0.8116263747215271,0.0,0.0,0.34448495507240295,0.0,0.0,0.09280479699373245,0.0,0.0,0.014467630535364151,0.0,0.0,0.0024263300001621246,0.0,0.0,0.0007782134925946593
829,True,0.0,0.0,0.00027708441484719515,0.0,0.0,0.00019996064656879753,0.0,0.0,5.4572565204580314e-06,0.0,0.0,0.028918646275997162,0.0,0.0,0.000241264293435961,0.0,0.0,0.3889303207397461,0.0,0.0,0.009858566336333752,248.179931640625,66.06626892089844,0.9598489999771118,0.0,0.0,0.04746813327074051,205.9569091796875,120.23577880859375,0.9350034594535828,0.0,0.0,0.1584486961364746,278.5830993652344,159.13400268554688,0.8204179406166077,0.0,0.0,0.34784987568855286,0.0,0.0,0.09152431786060333,0.0,0.0,0.013285553082823753,0.0,0.0,0.0019839827436953783,0.0,0.0,0.000597223814111203
830,True,0.0,0.0,0.0006452315719798207,0.0,0.0,0.000414710259065032,0.0,0.0,1.4899058442097157e-05,0.0,0.0,0.020569775253534317,0.0,0.0,0.00021235275198705494,0.0,0.0,0.2801853120326996,0.0,0.0,0.012323964387178421,247.91595458984375,62.99134063720703,0.9450179934501648,0.0,0.0,0.08303702622652054,209.3194580078125,121.86951446533203,0.9419832825660706,0.0,0.0,0.27438080310821533,276.61932373046875,159.32623291015625,0.78910893201828,0.0,0.0,0.3683930039405823,0.0,0.0,0.05988777428865433,0.0,0.0,0.0112232631072402,0.0,0.0,0.00140999851282686,0.0,0.0,0.0005124061135575175
831,True,0.0,0.0,0.00036817684303969145,0.0,0.0,0.00030991301173344254,0.0,0.0,1.1382067896192893e-05,0.0,0.0,0.03220557048916817,0.0,0.0,0.00041125764255411923,0.0,0.0,0.3774452209472656,0.0,0.0,0.008216789923608303,244.14662170410156,61.60021209716797,0.9528854489326477,0.0,0.0,0.031844932585954666,214.97674560546875,124.21611785888672,0.9262793660163879,0.0,0.0,0.11313904076814651,272.7740478515625,147.9500732421875,0.8691383004188538,0.0,0.0,0.39460521936416626,0.0,0.0,0.19220931828022003,0.0,0.0,0.02502276375889778,0.0,0.0,0.007291603833436966,0.0,0.0,0.0018303458346053958
832,True,0.0,0.0,0.0002876238722819835,0.0,0.0,0.0001787630608305335,0.0,0.0,7.957024536153767e-06,0.0,0.0,0.030667820945382118,0.0,0.0,0.0004267774638719857,0.0,0.0,0.3639357089996338,0.0,0.0,0.020829740911722183,245.9104766845703,57.82328796386719,0.9379355907440186,0.0,0.0,0.08749837428331375,219.147705078125,121.83279418945312,0.894077718257904,0.0,0.0,0.20319277048110962,279.1424255371094,153.51144409179688,0.8486224412918091,0.0,0.0,0.49234819412231445,0.0,0.0,0.11510543525218964,0.0,0.0,0.02437676303088665,0.0,0.0,0.003120577894151211,0.0,0.0,0.001184467226266861
833,True,0.0,0.0,0.00025175142218358815,0.0,0.0,0.00015634643204975873,0.0,0.0,7.520634881075239e-06,0.0,0.0,0.025585105642676353,0.0,0.0,0.0004144917184021324,0.0,0.0,0.30315136909484863,0.0,0.0,0.015351200476288795,248.0439453125,55.97315979003906,0.924225926399231,0.0,0.0,0.07287578284740448,218.79476928710938,118.78797149658203,0.879362940788269,0.0,0.0,0.18367554247379303,279.84295654296875,149.21414184570312,0.8341690897941589,0.0,0.0,0.466985285282135,0.0,0.0,0.12129557877779007,0.0,0.0,0.026290927082300186,0.0,0.0,0.003456738544628024,0.0,0.0,0.001331943436525762
834,True,0.0,0.0,0.0008251804392784834,0.0,0.0,0.0005987344193272293,0.0,0.0,2.4899487470975146e-05,0.0,0.0,0.03500835597515106,0.0,0.0,0.00041103913099505007,0.0,0.0,0.323705792427063,0.0,0.0,0.024670150130987167,249.18028259277344,64.3514404296875,0.8863374590873718,0.0,0.0,0.09008367359638214,220.77166748046875,115.51765441894531,0.824752926826477,0.0,0.0,0.1924460381269455,279.12677001953125,143.32554626464844,0.7666735649108887,0.0,0.0,0.4245747923851013,0.0,0.0,0.1318119317293167,0.0,0.0,0.036557625979185104,0.0,0.0,0.005651362240314484,0.0,0.0,0.0026129023171961308
835,True,0.0,0.0,0.0005234755226410925,0.0,0.0,0.0006396421231329441,0.0,0.0,1.3183162081986666e-05,0.0,0.0,0.09006661176681519,0.0,0.0,0.00042580152512528,0.0,0.0,0.44996675848960876,0.0,0.0,0.0114357965067029,260.6895446777344,58.56512451171875,0.9307722449302673,0.0,0.0,0.030683573335409164,227.95132446289062,107.76441955566406,0.8749560713768005,0.0,0.0,0.0860251635313034,278.0755920410156,129.44577026367188,0.8728808760643005,0.0,0.0,0.454088032245636,0.0,0.0,0.36715173721313477,0.0,0.0,0.07724622637033463,0.0,0.0,0.018793495371937752,0.0,0.0,0.006065215449780226
836,True,0.0,0.0,0.00048045843141153455,0.0,0.0,0.0003950347891077399,0.0,0.0,1.4583672054868657e-05,0.0,0.0,0.03155773878097534,0.0,0.0,0.00028189318254590034,0.0,0.0,0.26038312911987305,0.0,0.0,0.011344613507390022,265.1605224609375,49.86870574951172,0.9030143022537231,0.0,0.0,0.06196383759379387,231.1088104248047,103.73379516601562,0.8768947124481201,0.0,0.0,0.17680206894874573,279.8376770019531,125.67811584472656,0.8407946228981018,0.0,0.0,0.48792344331741333,0.0,0.0,0.2726014256477356,0.0,0.0,0.07245639711618423,0.0,0.0,0.012698378413915634,0.0,0.0,0.005194739904254675
837,True,0.0,0.0,0.0012699788203462958,0.0,0.0,0.001030672574415803,0.0,0.0,4.2489718907745555e-05,0.0,0.0,0.0765933021903038,0.0,0.0,0.000947285967413336,254.0902557373047,0.0,0.6484175324440002,0.0,0.0,0.04941708967089653,260.3438415527344,55.835418701171875,0.9621578454971313,0.0,0.0,0.13865268230438232,230.1873779296875,102.4507064819336,0.9249029755592346,0.0,0.0,0.2586168944835663,278.04925537109375,117.75064086914062,0.9477644562721252,290.5021667480469,116.94142150878906,0.7513543963432312,265.22552490234375,201.97628784179688,0.6257615089416504,0.0,0.0,0.24333973228931427,0.0,0.0,0.047510191798210144,0.0,0.0,0.018412912264466286
838,True,0.0,0.0,0.0026493524201214314,0.0,0.0,0.0022862092591822147,0.0,0.0,8.931764750741422e-05,0.0,0.0,0.0779232606291771,0.0,0.0,0.0008693073177710176,257.5264587402344,0.0,0.5667164921760559,0.0,0.0,0.04239619895815849,260.8911437988281,55.61572265625,0.9456093311309814,0.0,0.0,0.13082098960876465,229.87107849121094,100.70951080322266,0.9128749966621399,0.0,0.0,0.2704811096191406,285.3904113769531,117.38311767578125,0.9229736924171448,292.658935546875,115.53787994384766,0.6998725533485413,267.60992431640625,201.37509155273438,0.5863590836524963,0.0,0.0,0.23267607390880585,0.0,0.0,0.0485084131360054,0.0,0.0,0.020620347931981087
839,True,0.0,0.0,0.0008636950515210629,0.0,0.0,0.0007061541546136141,0.0,0.0,2.876847611332778e-05,0.0,0.0,0.058215636759996414,0.0,0.0,0.0007149996818043292,248.6397247314453,0.0,0.5493078231811523,0.0,0.0,0.03729407116770744,257.91998291015625,52.81257629394531,0.9559265375137329,0.0,0.0,0.11779510974884033,223.94256591796875,99.80065155029297,0.9326532483100891,0.0,0.0,0.26382923126220703,272.2236633300781,117.38184356689453,0.9518333077430725,287.06707763671875,116.6591567993164,0.7615621089935303,256.4139709472656,195.83181762695312,0.6831072568893433,0.0,0.0,0.28094691038131714,0.0,0.0,0.06242753192782402,0.0,0.0,0.02336575835943222
840,True,0.0,0.0,0.00045337885967455804,0.0,0.0,0.00036925135646015406,0.0,0.0,1.7668517102720216e-05,0.0,0.0,0.05673040449619293,0.0,0.0,0.001011254615150392,244.58297729492188,0.0,0.5726988911628723,0.0,0.0,0.040883634239435196,250.6202392578125,53.44061279296875,0.9497794508934021,0.0,0.0,0.10996033996343613,221.200927734375,94.64740753173828,0.906767725944519,0.0,0.0,0.21562035381793976,269.45458984375,113.68181610107422,0.9610667824745178,288.6374206542969,112.69374084472656,0.8013823628425598,254.48170471191406,192.79034423828125,0.7776715755462646,0.0,0.0,0.3918978273868561,0.0,0.0,0.10509268939495087,0.0,0.0,0.04053313657641411
841,True,0.0,0.0,0.00041017934563569725,0.0,0.0,0.00034641040838323534,0.0,0.0,1.6379204680561088e-05,0.0,0.0,0.057803452014923096,0.0,0.0,0.0011648484505712986,241.8411865234375,0.0,0.6526967883110046,0.0,0.0,0.03337510675191879,247.6740264892578,56.107139587402344,0.9685354828834534,0.0,0.0,0.09650681167840958,219.07540893554688,94.09164428710938,0.9350807070732117,0.0,0.0,0.2074013501405716,273.1327819824219,111.990234375,0.973998486995697,291.6955871582031,110.08092498779297,0.8281617164611816,259.1190185546875,189.97805786132812,0.8781253099441528,276.5420837402344,187.3409423828125,0.50843346118927,0.0,0.0,0.19455386698246002,0.0,0.0,0.06820886582136154
842,True,0.0,0.0,0.0010341553715988994,0.0,0.0,0.0009932209504768252,0.0,0.0,4.256117244949564e-05,0.0,0.0,0.10597850382328033,0.0,0.0,0.001878372859209776,241.67738342285156,0.0,0.7527692914009094,0.0,0.0,0.051362812519073486,245.70184326171875,56.61747741699219,0.9676828980445862,0.0,0.0,0.09396117925643921,218.25128173828125,94.05265808105469,0.9176378846168518,0.0,0.0,0.1710871458053589,273.73040771484375,110.33075714111328,0.973997950553894,289.6463623046875,108.23109436035156,0.8312115669250488,260.6917724609375,188.4639892578125,0.8828355669975281,275.198486328125,184.831787109375,0.5238052606582642,0.0,0.0,0.22064809501171112,0.0,0.0,0.08071280270814896
843,True,0.0,0.0,0.0006721109966747463,0.0,0.0,0.0005609251093119383,0.0,0.0,3.0380011594388634e-05,0.0,0.0,0.06714039295911789,0.0,0.0,0.0015246665570884943,240.2025604248047,0.0,0.6401790380477905,0.0,0.0,0.04918831214308739,245.4838409423828,50.84623718261719,0.9525725245475769,0.0,0.0,0.11467812955379486,219.8419647216797,93.2390365600586,0.9040207862854004,0.0,0.0,0.2154587209224701,273.4018859863281,108.75703430175781,0.9709755182266235,290.0415954589844,107.43616485595703,0.846263587474823,256.2650146484375,186.80784606933594,0.8835238814353943,275.5940856933594,184.7894287109375,0.5771241784095764,0.0,0.0,0.23308013379573822,0.0,0.0,0.09754931181669235
844,True,0.0,0.0,0.002368928398936987,0.0,0.0,0.0019314094679430127,0.0,0.0,9.46033323998563e-05,0.0,0.0,0.1462738960981369,0.0,0.0,0.0025969911366701126,240.75827026367188,0.0,0.7433742880821228,0.0,0.0,0.12518851459026337,242.64305114746094,56.82806396484375,0.9482882618904114,0.0,0.0,0.2067834883928299,218.5157470703125,94.58830261230469,0.8993543386459351,0.0,0.0,0.3120184540748596,270.5045471191406,109.99467468261719,0.9606684446334839,287.521728515625,108.5871810913086,0.8483828902244568,256.8218688964844,187.3560028076172,0.8502619862556458,275.46295166015625,185.31512451171875,0.594241201877594,0.0,0.0,0.18139046430587769,0.0,0.0,0.093891941010952
845,True,0.0,0.0,0.0006810944760218263,0.0,0.0,0.00042785261757671833,0.0,0.0,4.411744521348737e-05,0.0,0.0,0.05223952233791351,0.0,0.0,0.0025354030076414347,235.97097778320312,3.214691162109375,0.6401621699333191,0.0,0.0,0.09082061052322388,240.30897521972656,50.90435028076172,0.9386342167854309,0.0,0.0,0.197404146194458,219.87716674804688,98.67625427246094,0.8561551570892334,0.0,0.0,0.2739991843700409,278.5133972167969,117.22888946533203,0.9795428514480591,295.17449951171875,116.67784881591797,0.9189616441726685,259.8460693359375,195.24105834960938,0.8419798016548157,280.3516540527344,194.3599853515625,0.5683168768882751,0.0,0.0,0.1603124439716339,0.0,0.0,0.07733316719532013
846,True,0.0,0.0,0.0008809432038106024,0.0,0.0,0.0008633182151243091,0.0,0.0,3.936194843845442e-05,0.0,0.0,0.12224516272544861,0.0,0.0,0.0021084314212203026,235.31195068359375,0.0,0.7245434522628784,0.0,0.0,0.06201627478003502,241.9372100830078,50.56288146972656,0.958297848701477,0.0,0.0,0.11594009399414062,219.5298614501953,97.28335571289062,0.9068426489830017,0.0,0.0,0.20761387050151825,272.77899169921875,108.44882202148438,0.9739246964454651,291.9289245605469,107.93666076660156,0.8559080958366394,256.913330078125,187.0630645751953,0.8818283081054688,277.3662109375,185.82362365722656,0.5712532997131348,0.0,0.0,0.21913085877895355,0.0,0.0,0.09150189161300659
847,True,0.0,0.0,0.00018681139044929296,0.0,0.0,0.00018102223111782223,0.0,0.0,8.53264737088466e-06,0.0,0.0,0.082425557076931,0.0,0.0,0.001903393305838108,236.34426879882812,0.0,0.6855362057685852,0.0,0.0,0.034031011164188385,239.85882568359375,49.85992431640625,0.9642851948738098,0.0,0.0,0.0816112533211708,220.09060668945312,97.46776580810547,0.9128583669662476,0.0,0.0,0.15555927157402039,271.166748046875,108.61853790283203,0.9776903986930847,296.8642578125,107.3629379272461,0.8457962274551392,256.97607421875,185.2396697998047,0.9044175148010254,277.4392395019531,183.70240783691406,0.5736714005470276,0.0,0.0,0.25587770342826843,0.0,0.0,0.09364581108093262
848,True,0.0,0.0,0.00013771791418548673,0.0,0.0,0.0001278768031625077,0.0,0.0,6.649816441495204e-06,0.0,0.0,0.08894868195056915,0.0,0.0,0.0023809012491256,238.21852111816406,0.0,0.6925383806228638,0.0,0.0,0.03976300358772278,238.0248260498047,50.92962646484375,0.9623958468437195,0.0,0.0,0.08919657766819,219.3979949951172,96.90095520019531,0.9012496471405029,0.0,0.0,0.14882975816726685,270.7830505371094,110.66531372070312,0.9796919226646423,298.8624267578125,109.5625,0.8619564175605774,259.82232666015625,188.68414306640625,0.8970769643783569,280.9005432128906,187.10955810546875,0.5644742250442505,0.0,0.0,0.228623628616333,0.0,0.0,0.08398337662220001
849,True,0.0,0.0,0.00024338829098269343,0.0,0.0,0.00022101710783317685,0.0,0.0,1.1260401151957922e-05,0.0,0.0,0.08200795948505402,0.0,0.0,0.001977326115593314,240.43777465820312,0.0,0.6665073037147522,0.0,0.0,0.04295864701271057,239.5496368408203,49.763145446777344,0.9550375938415527,0.0,0.0,0.08840768784284592,217.59022521972656,96.77677154541016,0.8892539143562317,0.0,0.0,0.15520423650741577,274.5435791015625,111.44194793701172,0.9758958220481873,298.52508544921875,110.39717102050781,0.8535969853401184,261.7213134765625,191.98587036132812,0.8827075958251953,283.09454345703125,189.41200256347656,0.5494853258132935,0.0,0.0,0.20860198140144348,0.0,0.0,0.08078063279390335
850,True,0.0,0.0,0.0001709112257231027,0.0,0.0,0.00016152393072843552,0.0,0.0,7.559500318166101e-06,0.0,0.0,0.09131897985935211,0.0,0.0,0.0021329750306904316,240.664306640625,0.0,0.6865177154541016,0.0,0.0,0.03851892799139023,238.16053771972656,50.92982482910156,0.9589124321937561,0.0,0.0,0.07441633194684982,217.25201416015625,94.38047790527344,0.8913025259971619,0.0,0.0,0.12919628620147705,273.455810546875,112.15520477294922,0.977209746837616,301.703857421875,110.95405578613281,0.8459020256996155,260.88995361328125,194.62301635742188,0.8782255053520203,285.54364013671875,192.66619873046875,0.5119678974151611,0.0,0.0,0.18898476660251617,0.0,0.0,0.06678074598312378
851,True,0.0,0.0,0.00029575402732007205,0.0,0.0,0.0003131772391498089,0.0,0.0,1.1338029253238346e-05,0.0,0.0,0.12635183334350586,0.0,0.0,0.001927840174175799,242.27621459960938,0.0,0.7446384429931641,0.0,0.0,0.041507359594106674,240.69007873535156,52.044700622558594,0.9666973352432251,0.0,0.0,0.06945565342903137,217.5345458984375,95.79627990722656,0.9089058041572571,0.0,0.0,0.125621035695076,275.3471374511719,111.80975341796875,0.976617693901062,301.7574462890625,110.71670532226562,0.829910933971405,261.60357666015625,190.47238159179688,0.886233925819397,286.2571105957031,188.6946563720703,0.5081563591957092,0.0,0.0,0.2076399177312851,0.0,0.0,0.07070982456207275
852,True,0.0,0.0,0.00043501469190232456,0.0,0.0,0.0004465083475224674,0.0,0.0,1.7543197827762924e-05,0.0,0.0,0.12398189306259155,0.0,0.0,0.0019683262798935175,242.4285430908203,0.0,0.7413192987442017,0.0,0.0,0.04886597767472267,241.25811767578125,51.740997314453125,0.9645082354545593,0.0,0.0,0.08296900242567062,218.7952423095703,96.44563293457031,0.9062478542327881,0.0,0.0,0.14557385444641113,275.8382263183594,113.21577453613281,0.977863073348999,298.5943298339844,111.84459686279297,0.8507406115531921,262.6808166503906,192.26893615722656,0.8867700695991516,283.0072021484375,189.30694580078125,0.5327576398849487,0.0,0.0,0.21305613219738007,0.0,0.0,0.07792823016643524
853,True,0.0,0.0,0.0006819375557824969,0.0,0.0,0.000714602239895612,0.0,0.0,2.8152717277407646e-05,0.0,0.0,0.12895676493644714,0.0,0.0,0.0019462890923023224,244.91453552246094,0.0777587890625,0.6954705715179443,0.0,0.0,0.05475970730185509,243.51406860351562,52.6287841796875,0.9459935426712036,0.0,0.0,0.08633628487586975,223.01309204101562,95.80616760253906,0.8760340809822083,0.0,0.0,0.15199536085128784,278.0920104980469,112.77421569824219,0.9701785445213318,299.1754455566406,111.6226577758789,0.8364942073822021,262.9112854003906,193.07046508789062,0.8660324811935425,285.2017517089844,190.08265686035156,0.5320740938186646,0.0,0.0,0.19981907308101654,0.0,0.0,0.08222192525863647
854,True,0.0,0.0,0.0005975400563329458,0.0,0.0,0.000697766721714288,0.0,0.0,2.2413882106775418e-05,0.0,0.0,0.1731811910867691,0.0,0.0,0.0021018581464886665,243.44747924804688,0.0,0.7454153299331665,0.0,0.0,0.05089192092418671,243.76080322265625,53.010162353515625,0.9599025845527649,0.0,0.0,0.07537096738815308,222.82086181640625,98.18592834472656,0.8946416974067688,0.0,0.0,0.13145266473293304,276.8139343261719,116.90325927734375,0.9753931164741516,300.9403381347656,115.81817626953125,0.839043140411377,264.50177001953125,203.37429809570312,0.8289548754692078,0.0,0.0,0.42343175411224365,0.0,0.0,0.1245758980512619,0.0,0.0,0.04433457925915718
855,True,0.0,0.0,0.0002677897864487022,0.0,0.0,0.00021032399672549218,0.0,0.0,1.3498901353159454e-05,0.0,0.0,0.080598846077919,0.0,0.0,0.0024260645732283592,240.68490600585938,3.70941162109375,0.7478426098823547,0.0,0.0,0.08111405372619629,243.51364135742188,54.38410949707031,0.9606231451034546,0.0,0.0,0.14727084338665009,224.98931884765625,100.28020477294922,0.8777143955230713,0.0,0.0,0.19779402017593384,280.34527587890625,121.66268920898438,0.9845300912857056,306.73956298828125,122.49505615234375,0.9155006408691406,260.9104309082031,204.2875213623047,0.8211288452148438,0.0,0.0,0.46747204661369324,0.0,0.0,0.10308370739221573,0.0,0.0,0.04027688875794411
856,True,0.0,0.0,0.0009482227615080774,0.0,0.0,0.0009018866112455726,0.0,0.0,4.1189021430909634e-05,0.0,0.0,0.17388419806957245,0.0,0.0,0.004160431679338217,242.4291534423828,0.15399169921875,0.7914560437202454,0.0,0.0,0.0848056897521019,241.0799560546875,55.4976806640625,0.9540989995002747,0.0,0.0,0.11054052412509918,224.28665161132812,95.59254455566406,0.8709282875061035,0.0,0.0,0.1674347221851349,280.9173583984375,116.8819808959961,0.9573213458061218,308.520751953125,115.73497772216797,0.7905811071395874,262.6131896972656,199.1846160888672,0.7779912352561951,0.0,0.0,0.4006533920764923,0.0,0.0,0.10942903906106949,0.0,0.0,0.04412391409277916
857,True,0.0,0.0,0.0006600759224966168,0.0,0.0,0.0006685602129437029,0.0,0.0,2.5097286197706126e-05,0.0,0.0,0.13984918594360352,0.0,0.0,0.002045184839516878,243.29046630859375,0.0,0.7448907494544983,0.0,0.0,0.05934958532452583,243.82803344726562,52.764671325683594,0.9604106545448303,0.0,0.0,0.09278274327516556,223.63485717773438,96.82807159423828,0.8991799354553223,0.0,0.0,0.15853005647659302,276.8106689453125,117.37779235839844,0.9744734168052673,300.06982421875,116.51651763916016,0.8441328406333923,262.0811767578125,202.1100311279297,0.8197999596595764,0.0,0.0,0.4236532151699066,0.0,0.0,0.11698918044567108,0.0,0.0,0.0429256446659565
858,True,0.0,0.0,0.000578331237193197,0.0,0.0,0.0005689193494617939,0.0,0.0,2.1985944840707816e-05,0.0,0.0,0.12493231147527695,0.0,0.0,0.0019283107249066234,243.93003845214844,0.0,0.7473384737968445,0.0,0.0,0.055623993277549744,244.25416564941406,52.66905975341797,0.9642096161842346,0.0,0.0,0.0897524431347847,223.87869262695312,96.6900634765625,0.9095614552497864,0.0,0.0,0.16033585369586945,276.9954833984375,115.48251342773438,0.9751601219177246,300.3912048339844,114.89714813232422,0.8402133584022522,261.2966003417969,197.23773193359375,0.8456965088844299,0.0,0.0,0.45237427949905396,0.0,0.0,0.14329534769058228,0.0,0.0,0.05073712766170502
859,True,0.0,0.0,0.0002343444066355005,0.0,0.0,0.00018295599147677422,0.0,0.0,1.2518911717052106e-05,0.0,0.0,0.0774858146905899,0.0,0.0,0.002806091448292136,241.3507080078125,3.81707763671875,0.7693406939506531,0.0,0.0,0.07598450034856796,242.57891845703125,56.245635986328125,0.9646379947662354,0.0,0.0,0.13115891814231873,224.40640258789062,100.53433990478516,0.8814916610717773,0.0,0.0,0.1773345172405243,280.8823547363281,119.58692932128906,0.984311044216156,308.1520080566406,120.35824584960938,0.9064512252807617,261.3857421875,197.6637725830078,0.8521600365638733,0.0,0.0,0.4976453185081482,0.0,0.0,0.13890226185321808,0.0,0.0,0.05125756934285164
860,True,0.0,0.0,0.00017543583817314357,0.0,0.0,0.00012489060463849455,0.0,0.0,9.258879799745046e-06,0.0,0.0,0.05435483530163765,0.0,0.0,0.001973806181922555,241.79751586914062,2.8646774291992188,0.6875608563423157,0.0,0.0,0.06633954495191574,243.2398681640625,53.152435302734375,0.9571334719657898,0.0,0.0,0.14653098583221436,225.9525604248047,99.32319641113281,0.8769814968109131,0.0,0.0,0.20687665045261383,278.9327087402344,121.69440460205078,0.9839540719985962,304.9880676269531,122.47966766357422,0.9136821627616882,259.42236328125,206.94122314453125,0.8093668222427368,0.0,0.0,0.449406236410141,0.0,0.0,0.09108421951532364,0.0,0.0,0.03513506427407265
861,True,0.0,0.0,0.00014466760330833495,0.0,0.0,0.00010846558143384755,0.0,0.0,6.987786036916077e-06,0.0,0.0,0.05530652031302452,0.0,0.0,0.0015537426806986332,243.28216552734375,3.2594757080078125,0.6639654040336609,0.0,0.0,0.05825585871934891,245.25428771972656,51.71098327636719,0.955964207649231,0.0,0.0,0.13223223388195038,224.9192657470703,97.81953430175781,0.8773899674415588,0.0,0.0,0.19515599310398102,278.5299072265625,123.52613067626953,0.9845914840698242,305.5011901855469,124.73889923095703,0.9148999452590942,258.9931640625,211.30331420898438,0.8085482716560364,0.0,0.0,0.44426554441452026,0.0,0.0,0.08523503690958023,0.0,0.0,0.032460860908031464
862,True,0.0,0.0,0.00014307598758023232,0.0,0.0,0.00010810149979079142,0.0,0.0,7.317074505408527e-06,0.0,0.0,0.0506075844168663,0.0,0.0,0.0015646606916561723,243.23512268066406,3.2798080444335938,0.6379667520523071,0.0,0.0,0.05014120787382126,246.75274658203125,50.273681640625,0.9490765929222107,0.0,0.0,0.11777865886688232,224.90869140625,97.46096801757812,0.8639302253723145,0.0,0.0,0.18030597269535065,278.0543212890625,120.63986206054688,0.9831067323684692,304.3744201660156,120.20150756835938,0.9082157015800476,260.48223876953125,206.46343994140625,0.8333505392074585,0.0,0.0,0.4905257821083069,0.0,0.0,0.11646690219640732,0.0,0.0,0.04604887589812279
863,True,0.0,0.0,9.673729073256254e-05,0.0,0.0,7.780178566463292e-05,0.0,0.0,4.920382252748823e-06,0.0,0.0,0.06609008461236954,0.0,0.0,0.002168182982131839,243.29624938964844,5.0932769775390625,0.7412661910057068,0.0,0.0,0.05393953248858452,244.52496337890625,57.35736083984375,0.9655090570449829,0.0,0.0,0.10941462963819504,224.0518798828125,99.06147766113281,0.8801207542419434,0.0,0.0,0.15021662414073944,277.1003723144531,121.70024108886719,0.985873818397522,307.0137634277344,121.09378814697266,0.9062867164611816,260.4905700683594,204.53761291503906,0.8463329076766968,0.0,0.0,0.46801283955574036,0.0,0.0,0.11847558617591858,0.0,0.0,0.04107504338026047
864,True,0.0,0.0,0.0003671312879305333,0.0,0.0,0.0004384330241009593,0.0,0.0,1.131003682530718e-05,0.0,0.0,0.16377362608909607,0.0,0.0,0.0014847704442217946,247.44459533691406,0.0,0.7565159797668457,0.0,0.0,0.041801318526268005,247.07733154296875,52.58982849121094,0.9690427780151367,0.0,0.0,0.060769837349653244,220.7593231201172,96.9754638671875,0.9179097414016724,0.0,0.0,0.11703178286552429,274.2553405761719,116.62767791748047,0.9781936407089233,302.59326171875,115.13504028320312,0.8312397599220276,259.83935546875,199.4958953857422,0.8673241138458252,0.0,0.0,0.44976964592933655,0.0,0.0,0.15714526176452637,0.0,0.0,0.05006130412220955
865,True,0.0,0.0,0.00032240699511021376,0.0,0.0,0.00036328344140201807,0.0,0.0,9.883797247312032e-06,0.0,0.0,0.15371602773666382,0.0,0.0,0.0015304572880268097,249.4376983642578,1.10888671875,0.7500579953193665,0.0,0.0,0.04492441937327385,247.4168701171875,51.565147399902344,0.9678367376327515,0.0,0.0,0.06549964845180511,221.694580078125,96.34762573242188,0.9149518609046936,0.0,0.0,0.12261978536844254,273.5998229980469,120.84831237792969,0.9788253903388977,303.3128356933594,119.48463439941406,0.8408320546150208,261.25244140625,203.313232421875,0.8489349484443665,0.0,0.0,0.4252684414386749,0.0,0.0,0.13227525353431702,0.0,0.0,0.04270562157034874
866,True,0.0,0.0,0.0004662285791710019,0.0,0.0,0.0005785406683571637,0.0,0.0,1.2580295333464164e-05,0.0,0.0,0.17692723870277405,0.0,0.0,0.001214433810673654,249.09063720703125,0.0,0.7710345387458801,0.0,0.0,0.04589434713125229,248.00518798828125,53.312950134277344,0.9715022444725037,0.0,0.0,0.06650249660015106,221.6493682861328,96.98152160644531,0.9258520007133484,0.0,0.0,0.13028036057949066,275.4615478515625,118.55555725097656,0.9786061644554138,302.1411437988281,117.2552490234375,0.8363339304924011,261.64471435546875,195.82205200195312,0.8772163987159729,0.0,0.0,0.4765726923942566,0.0,0.0,0.17995743453502655,0.0,0.0,0.059558622539043427
867,True,0.0,0.0,0.00039119547000154853,0.0,0.0,0.0004999240045435727,0.0,0.0,1.1004698535543866e-05,0.0,0.0,0.17408442497253418,0.0,0.0,0.0011748317629098892,248.78460693359375,0.0,0.7415838837623596,0.0,0.0,0.03486689180135727,249.35809326171875,51.79302215576172,0.9682209491729736,0.0,0.0,0.04961467161774635,221.98294067382812,97.81205749511719,0.9173489212989807,0.0,0.0,0.10076645016670227,275.0343017578125,119.4214859008789,0.976783275604248,302.7607727050781,117.642333984375,0.8129023909568787,261.9239807128906,199.57467651367188,0.8662441372871399,0.0,0.0,0.4325456917285919,0.0,0.0,0.16994595527648926,0.0,0.0,0.05299295857548714
868,True,0.0,0.0,0.0004292751254979521,0.0,0.0,0.0004965563421137631,0.0,0.0,1.28261899590143e-05,0.0,0.0,0.1684979498386383,0.0,0.0,0.0014210233930498362,248.7594757080078,0.0,0.7733277678489685,0.0,0.0,0.050530776381492615,250.5757598876953,52.241485595703125,0.9696299433708191,0.0,0.0,0.0690898597240448,222.398681640625,96.55014038085938,0.9188668131828308,0.0,0.0,0.12563318014144897,274.2413635253906,117.27354431152344,0.9806174635887146,301.04376220703125,115.28187561035156,0.8533971309661865,262.1761474609375,193.86529541015625,0.8982402086257935,290.4585266113281,190.98471069335938,0.5374800562858582,0.0,0.0,0.22547473013401031,0.0,0.0,0.07889038324356079
869,True,0.0,0.0,0.00048116836114786565,0.0,0.0,0.0006243905518203974,0.0,0.0,1.3275981473270804e-05,0.0,0.0,0.18267607688903809,0.0,0.0,0.0010765192564576864,249.13917541503906,0.0,0.7444952726364136,0.0,0.0,0.03665703535079956,253.482177734375,52.336204528808594,0.9689282774925232,0.0,0.0,0.05236871913075447,223.48638916015625,99.20587921142578,0.9243150353431702,0.0,0.0,0.10993566364049911,273.736328125,117.27593994140625,0.9786484837532043,300.013916015625,115.19131469726562,0.8273276686668396,263.0897521972656,195.88922119140625,0.8929715752601624,289.87060546875,192.7321014404297,0.5005347728729248,0.0,0.0,0.21644504368305206,0.0,0.0,0.07130370289087296
870,True,0.0,0.0,0.0003636268083937466,0.0,0.0,0.00044418027391657233,0.0,0.0,1.1031114809156861e-05,0.0,0.0,0.13206708431243896,0.0,0.0,0.0009880164870992303,252.44784545898438,0.0,0.6190004944801331,0.0,0.0,0.02370264194905758,253.63406372070312,56.14262390136719,0.9475151300430298,0.0,0.0,0.04472166672348976,224.73995971679688,100.17222595214844,0.8824821710586548,0.0,0.0,0.09737095236778259,278.20745849609375,119.82002258300781,0.9497544169425964,305.583984375,115.68609619140625,0.7014408111572266,265.4790344238281,205.32913208007812,0.7674802541732788,0.0,0.0,0.3222430646419525,0.0,0.0,0.1120665967464447,0.0,0.0,0.038324467837810516
871,True,0.0,0.0,0.00044274632818996906,0.0,0.0,0.0005542209837585688,0.0,0.0,1.345893724646885e-05,0.0,0.0,0.18605917692184448,0.0,0.0,0.0013968179700896144,251.00315856933594,0.0,0.7326006889343262,0.0,0.0,0.042926136404275894,255.19381713867188,58.57713317871094,0.9562336802482605,0.0,0.0,0.06168734282255173,226.57659912109375,102.74058532714844,0.8835218548774719,0.0,0.0,0.10939068347215652,278.5675354003906,118.80706787109375,0.9626091122627258,306.01837158203125,115.19731903076172,0.7718896269798279,265.35614013671875,200.22406005859375,0.8241477608680725,0.0,0.0,0.4193422496318817,0.0,0.0,0.1484070122241974,0.0,0.0,0.05464361980557442
872,True,0.0,0.0,0.0005701830959878862,0.0,0.0,0.0007299838471226394,0.0,0.0,1.5664940292481333e-05,0.0,0.0,0.1581798791885376,0.0,0.0,0.000803593429736793,255.7872314453125,0.0,0.655289888381958,0.0,0.0,0.03425890579819679,259.9790954589844,56.27235412597656,0.948006272315979,0.0,0.0,0.06071166694164276,227.36508178710938,101.9334716796875,0.8871387243270874,0.0,0.0,0.12147704511880875,279.781005859375,114.32610321044922,0.9529488682746887,301.3800048828125,110.05862426757812,0.741500198841095,264.7841491699219,196.08724975585938,0.8186193704605103,0.0,0.0,0.42446696758270264,0.0,0.0,0.15343374013900757,0.0,0.0,0.05940014496445656
873,True,0.0,0.0,0.0007865246734581888,0.0,0.0,0.0010912083089351654,0.0,0.0,1.7677248251857236e-05,0.0,0.0,0.14784134924411774,0.0,0.0,0.0004105188709218055,256.62274169921875,0.0,0.5947064757347107,0.0,0.0,0.023303773254156113,263.4797058105469,52.634483337402344,0.9544578790664673,0.0,0.0,0.05361220985651016,228.22311401367188,101.78291320800781,0.9214000701904297,0.0,0.0,0.1409945785999298,279.8251037597656,112.46676635742188,0.9489005208015442,298.49957275390625,108.86195373535156,0.7062183022499084,263.93408203125,196.4199981689453,0.8022504448890686,0.0,0.0,0.37531834840774536,0.0,0.0,0.1343657523393631,0.0,0.0,0.0483916811645031
874,True,0.0,0.0,0.0016769791254773736,0.0,0.0,0.002077575773000717,0.0,0.0,4.0643539250595495e-05,0.0,0.0,0.16626882553100586,0.0,0.0,0.0005666877259500325,253.83770751953125,0.0,0.6013659834861755,0.0,0.0,0.04933664947748184,265.38238525390625,55.33552551269531,0.9348822832107544,0.0,0.0,0.10337162017822266,229.39402770996094,103.01988220214844,0.8997165560722351,0.0,0.0,0.22138184309005737,283.25946044921875,112.15242004394531,0.9450767636299133,299.5946044921875,108.38895416259766,0.773399293422699,262.66131591796875,195.23202514648438,0.7965455055236816,0.0,0.0,0.46745631098747253,0.0,0.0,0.13680270314216614,0.0,0.0,0.06584804505109787
875,True,0.0,0.0,0.0009318827069364488,0.0,0.0,0.0009030569926835597,0.0,0.0,2.56174971582368e-05,0.0,0.0,0.0882912129163742,0.0,0.0,0.0005552208167500794,254.83685302734375,0.0,0.5901493430137634,0.0,0.0,0.0405428521335125,266.3514099121094,55.11277770996094,0.9500709772109985,0.0,0.0,0.11768458783626556,228.73428344726562,101.94792175292969,0.9220873713493347,0.0,0.0,0.2558722496032715,279.2088623046875,110.34844970703125,0.9542770981788635,294.9123229980469,106.66084289550781,0.7889194488525391,263.4002990722656,193.7157440185547,0.8156299591064453,0.0,0.0,0.47996628284454346,0.0,0.0,0.13690507411956787,0.0,0.0,0.061102915555238724
876,True,0.0,0.0,0.0006964539643377066,0.0,0.0,0.0006090198876336217,0.0,0.0,2.0653575120377354e-05,0.0,0.0,0.05024014040827751,0.0,0.0,0.00034165114630013704,0.0,0.0,0.41595640778541565,0.0,0.0,0.028731271624565125,270.16766357421875,51.38059997558594,0.9231328368186951,0.0,0.0,0.11988059431314468,233.22886657714844,99.53761291503906,0.906455934047699,0.0,0.0,0.28111574053764343,279.9804382324219,107.10572814941406,0.942463219165802,290.1659240722656,102.82532501220703,0.7739730477333069,266.15887451171875,193.60678100585938,0.7948210835456848,0.0,0.0,0.48527559638023376,0.0,0.0,0.1348804235458374,0.0,0.0,0.06661634147167206
877,True,0.0,0.0,0.0013082941295579076,0.0,0.0,0.0009693806059658527,0.0,0.0,4.799821545020677e-05,0.0,0.0,0.053826574236154556,0.0,0.0,0.0006267873686738312,0.0,0.0,0.43431201577186584,0.0,0.0,0.06730104237794876,270.17022705078125,58.369224548339844,0.8911939263343811,0.0,0.0,0.22401846945285797,235.87110900878906,98.185791015625,0.862463116645813,0.0,0.0,0.37145090103149414,280.8513488769531,110.6824951171875,0.9390297532081604,287.1687927246094,106.77536010742188,0.8281672596931458,269.9248352050781,197.5225067138672,0.7236055731773376,0.0,0.0,0.4911399185657501,0.0,0.0,0.09515607357025146,0.0,0.0,0.06015380471944809
878,True,0.0,0.0,0.001212190487422049,0.0,0.0,0.0008954185759648681,0.0,0.0,4.8543741286266595e-05,0.0,0.0,0.05917135253548622,0.0,0.0,0.0007748266798444092,273.2255859375,0.0,0.5504027605056763,0.0,0.0,0.06147109344601631,275.6991271972656,58.22722625732422,0.9382461309432983,0.0,0.0,0.20498046278953552,237.51182556152344,102.54927062988281,0.9023241400718689,0.0,0.0,0.3292587697505951,284.056640625,112.79696655273438,0.9588896036148071,286.8355712890625,107.84844970703125,0.848614513874054,271.5570983886719,197.37771606445312,0.779384434223175,0.0,0.0,0.48818570375442505,0.0,0.0,0.11921253055334091,0.0,0.0,0.060870107263326645
879,True,0.0,0.0,0.0015450785867869854,0.0,0.0,0.001020712312310934,0.0,0.0,5.965201125945896e-05,0.0,0.0,0.03678828477859497,0.0,0.0,0.00033123535104095936,0.0,0.0,0.3963637053966522,0.0,0.0,0.0715344175696373,282.37225341796875,54.43866729736328,0.9167653322219849,0.0,0.0,0.31157976388931274,241.53005981445312,105.47074890136719,0.9196107983589172,237.76296997070312,96.29922485351562,0.5361552238464355,281.0474853515625,113.09034729003906,0.9602619409561157,280.647216796875,109.52969360351562,0.8858038187026978,264.01959228515625,196.39305114746094,0.7343099117279053,286.30828857421875,188.4053192138672,0.5021106004714966,0.0,0.0,0.09000524133443832,0.0,0.0,0.05505158007144928
880,True,0.0,0.0,0.0016373564722016454,0.0,0.0,0.0009985131910070777,0.0,0.0,6.32027949905023e-05,0.0,0.0,0.03659922257065773,0.0,0.0,0.00044722328311763704,0.0,0.0,0.3411831259727478,0.0,0.0,0.07533000409603119,282.43701171875,57.696441650390625,0.8820154070854187,0.0,0.0,0.3380689024925232,242.11474609375,106.42161560058594,0.891838788986206,238.0737762451172,96.55924987792969,0.5464324355125427,282.82635498046875,119.3974380493164,0.9355714917182922,285.468505859375,115.6952896118164,0.8536500930786133,266.158203125,204.6752471923828,0.6264978647232056,0.0,0.0,0.4363178312778473,0.0,0.0,0.05718808248639107,0.0,0.0,0.04073675721883774
881,True,0.0,0.0,0.0010869887191802263,0.0,0.0,0.00047074523172341287,0.0,0.0,7.010616536717862e-05,0.0,0.0,0.005131354555487633,0.0,0.0,0.00019081517530139536,0.0,0.0,0.0806889459490776,0.0,0.0,0.03224313631653786,287.53826904296875,51.66746520996094,0.7602801322937012,0.0,0.0,0.4009723663330078,244.82150268554688,104.14745330810547,0.8722403049468994,238.72723388671875,97.03807067871094,0.6974700093269348,290.5335998535156,125.73543548583984,0.9254283308982849,274.5013427734375,123.43617248535156,0.875744104385376,0.0,0.0,0.4175165891647339,0.0,0.0,0.310308039188385,0.0,0.0,0.025484882295131683,0.0,0.0,0.021297458559274673
882,True,0.0,0.0,0.000836834020446986,0.0,0.0,0.0005527749890461564,0.0,0.0,3.3438602258684114e-05,0.0,0.0,0.014470519497990608,0.0,0.0,0.00014822607045061886,0.0,0.0,0.10980352759361267,0.0,0.0,0.024632133543491364,282.51409912109375,54.70458984375,0.7588230967521667,0.0,0.0,0.22909195721149445,240.9346466064453,104.6463851928711,0.8455198407173157,240.26904296875,96.13322448730469,0.5058222413063049,283.540283203125,127.46138763427734,0.8921698331832886,285.1280212402344,124.48758697509766,0.7872150540351868,0.0,0.0,0.3267819881439209,0.0,0.0,0.19930218160152435,0.0,0.0,0.015039464458823204,0.0,0.0,0.011247317306697369
883,True,0.0,0.0,0.0019915958400815725,0.0,0.0,0.0011843962129205465,0.0,0.0,7.331088272621855e-05,0.0,0.0,0.03269226476550102,0.0,0.0,0.00045181208406575024,0.0,0.0,0.20691995322704315,0.0,0.0,0.081452377140522,277.15264892578125,72.57605743408203,0.7672842144966125,0.0,0.0,0.36918655037879944,237.54443359375,103.18008422851562,0.8312519192695618,237.1455078125,103.1239013671875,0.5860385298728943,281.1674499511719,135.35458374023438,0.8868876099586487,290.3385314941406,131.44725036621094,0.8182448744773865,0.0,0.0,0.41165828704833984,0.0,0.0,0.3191390633583069,0.0,0.0,0.022877782583236694,0.0,0.0,0.0211031436920166
884,True,0.0,0.0,0.008504407480359077,0.0,0.0,0.003588139545172453,0.0,0.0,0.00043517566518858075,0.0,0.0,0.0184421855956316,0.0,0.0,0.0005915679503232241,0.0,0.0,0.13449442386627197,0.0,0.0,0.11065994203090668,282.9180603027344,91.66700744628906,0.6423566937446594,0.0,0.0,0.46348923444747925,227.96043395996094,104.15594482421875,0.7898019552230835,228.23910522460938,101.24093627929688,0.6721920371055603,282.4738464355469,153.93893432617188,0.6988601684570312,275.7898254394531,147.69969177246094,0.654819667339325,0.0,0.0,0.07538039237260818,0.0,0.0,0.06968741118907928,0.0,0.0,0.0028327773325145245,0.0,0.0,0.003245959058403969
885,True,0.0,0.0,0.009205181151628494,0.0,0.0,0.0039226822555065155,0.0,0.0,0.00046353074139915407,0.0,0.0,0.018635626882314682,0.0,0.0,0.0005733674042858183,0.0,0.0,0.12259541451931,0.0,0.0,0.11434177309274673,283.548095703125,93.09520721435547,0.6032803058624268,0.0,0.0,0.4745115041732788,228.35226440429688,104.98323059082031,0.7759260535240173,228.65817260742188,102.84573364257812,0.686291515827179,283.6316833496094,156.8408203125,0.662214457988739,277.84942626953125,150.54354858398438,0.6364105939865112,0.0,0.0,0.06728178262710571,0.0,0.0,0.06682247668504715,0.0,0.0,0.0025834059342741966,0.0,0.0,0.003132469020783901
886,True,0.0,0.0,0.013567017391324043,0.0,0.0,0.004700769670307636,0.0,0.0,0.0007439516484737396,0.0,0.0,0.014368397183716297,0.0,0.0,0.0007153623155318201,0.0,0.0,0.10472975671291351,0.0,0.0,0.15644799172878265,281.3835754394531,87.27728271484375,0.6417810916900635,273.9547119140625,83.43681335449219,0.6738847494125366,216.0048370361328,106.32185363769531,0.8274484872817993,214.5955352783203,107.75139617919922,0.8319045901298523,287.89422607421875,169.62301635742188,0.5550366640090942,273.3699035644531,163.75390625,0.5931872129440308,0.0,0.0,0.015356483869254589,0.0,0.0,0.01990039274096489,0.0,0.0,0.00043828593334183097,0.0,0.0,0.0006462174351327121
887,True,0.0,0.0,0.02208608388900757,0.0,0.0,0.00769790168851614,0.0,0.0,0.0007489530835300684,0.0,0.0,0.017288019880652428,0.0,0.0,0.0004626509908121079,0.0,0.0,0.07965247333049774,0.0,0.0,0.24702198803424835,264.62078857421875,83.52163696289062,0.7242422103881836,253.75299072265625,88.05831909179688,0.8584821820259094,181.41409301757812,118.67121124267578,0.920821487903595,171.4481201171875,118.44799041748047,0.95009446144104,290.27447509765625,192.33401489257812,0.5129263401031494,271.3575439453125,186.3981475830078,0.636317789554596,0.0,0.0,0.0063009485602378845,0.0,0.0,0.010351828299462795,0.0,0.0,0.00012912502279505134,0.0,0.0,0.0002370360743952915
888,True,0.0,0.0,0.016033578664064407,0.0,0.0,0.004719123709946871,0.0,0.0,0.0005887711886316538,0.0,0.0,0.012346324510872364,0.0,0.0,0.0005040017422288656,0.0,0.0,0.07266703248023987,0.0,0.0,0.2528354227542877,263.71588134765625,84.8492202758789,0.7157256603240967,255.11375427246094,87.67117309570312,0.8728870749473572,181.82192993164062,118.97014617919922,0.9154248237609863,171.71250915527344,118.0322494506836,0.9527410864830017,289.4918518066406,191.98927307128906,0.5005378723144531,272.38983154296875,186.23280334472656,0.6365151405334473,0.0,0.0,0.005752763245254755,0.0,0.0,0.009884251281619072,0.0,0.0,0.00011518341489136219,0.0,0.0,0.00021621849737130105
889,True,0.0,0.0,0.010663608089089394,0.0,0.0,0.004906751215457916,0.0,0.0,0.0002197554858867079,0.0,0.0,0.022147195413708687,0.0,0.0,0.00023903712281025946,0.0,0.0,0.13521729409694672,0.0,0.0,0.10447734594345093,259.1990661621094,94.97129821777344,0.8669766783714294,260.84063720703125,86.30225372314453,0.6253370642662048,170.72181701660156,124.58961486816406,0.9566370844841003,170.02249145507812,119.23046875,0.8777152299880981,281.7292175292969,189.81890869140625,0.5289559364318848,0.0,0.0,0.45899805426597595,0.0,0.0,0.010942379012703896,0.0,0.0,0.008266756311058998,0.0,0.0,0.00021584215573966503,0.0,0.0,0.00022761753643862903
890,True,0.0,0.0,0.003899442730471492,0.0,0.0,0.0017990923952311277,0.0,0.0,6.847782788099721e-05,0.0,0.0,0.013149815611541271,0.0,0.0,0.00015356927178800106,0.0,0.0,0.18919521570205688,0.0,0.0,0.037370603531599045,253.2097930908203,98.53125,0.9454972147941589,0.0,0.0,0.38372325897216797,158.47703552246094,127.71282958984375,0.9778605699539185,188.95489501953125,114.34237670898438,0.7867392301559448,282.3316345214844,186.94374084472656,0.6207824945449829,0.0,0.0,0.3693486750125885,0.0,0.0,0.019393078982830048,0.0,0.0,0.00729581480845809,0.0,0.0,0.0003530008252710104,0.0,0.0,0.0002232604892924428
891,True,0.0,0.0,0.0025396128185093403,0.0,0.0,0.0007924703531898558,0.0,0.0,5.366238474380225e-05,0.0,0.0,0.003928115125745535,0.0,0.0,0.00011569252819754183,0.0,0.0,0.11425261199474335,0.0,0.0,0.026843883097171783,253.64471435546875,108.4740219116211,0.9323772192001343,0.0,0.0,0.43096721172332764,154.50958251953125,130.14024353027344,0.9766455888748169,182.32720947265625,118.31355285644531,0.8368375897407532,0.0,0.0,0.4502265155315399,0.0,0.0,0.2538866102695465,0.0,0.0,0.011089167557656765,0.0,0.0,0.004819142632186413,0.0,0.0,0.00024901662254706025,0.0,0.0,0.00017107736493926495
892,True,0.0,0.0,0.0016629273304715753,0.0,0.0,0.00043717894004657865,0.0,0.0,4.314197212806903e-05,0.0,0.0,0.0029431935399770737,0.0,0.0,0.00014256597205530852,0.0,0.0,0.11281058937311172,0.0,0.0,0.029951725155115128,252.25811767578125,104.8709716796875,0.9300699830055237,0.0,0.0,0.45121410489082336,159.3944549560547,131.0106964111328,0.9729452133178711,181.36756896972656,119.68120574951172,0.8319457769393921,282.81231689453125,187.87191772460938,0.5612375736236572,0.0,0.0,0.3468325436115265,0.0,0.0,0.013985341414809227,0.0,0.0,0.006316878832876682,0.0,0.0,0.00026171578792855144,0.0,0.0,0.00018173492571804672
893,True,0.0,0.0,0.0023509501479566097,0.0,0.0,0.0006073550903238356,0.0,0.0,6.938043952686712e-05,0.0,0.0,0.003304943675175309,0.0,0.0,0.00018633996660355479,0.0,0.0,0.10592516511678696,0.0,0.0,0.03856398165225983,255.29122924804688,108.1536865234375,0.9141431450843811,258.0745849609375,81.79972076416016,0.5089802742004395,160.31716918945312,131.32217407226562,0.9683730602264404,168.89804077148438,124.41071319580078,0.8437228202819824,0.0,0.0,0.4858350157737732,0.0,0.0,0.32228586077690125,0.0,0.0,0.014438438229262829,0.0,0.0,0.007139864843338728,0.0,0.0,0.0003526922082528472,0.0,0.0,0.00026138388784602284
894,True,0.0,0.0,0.003344269935041666,0.0,0.0,0.0013787655625492334,0.0,0.0,5.305230661178939e-05,0.0,0.0,0.020436447113752365,0.0,0.0,0.0002610031224321574,0.0,0.0,0.30114203691482544,0.0,0.0,0.060265280306339264,252.46148681640625,104.34276580810547,0.9330504536628723,0.0,0.0,0.3103295862674713,162.0263671875,131.54383850097656,0.9524660110473633,187.4310302734375,117.75682067871094,0.631935715675354,277.85943603515625,181.07339477539062,0.563799262046814,0.0,0.0,0.31688767671585083,0.0,0.0,0.02345961146056652,0.0,0.0,0.00912296399474144,0.0,0.0,0.0005116011016070843,0.0,0.0,0.00032666209153831005
895,True,0.0,0.0,0.0008714573923498392,0.0,0.0,0.000265845243120566,0.0,0.0,2.4980970920296386e-05,0.0,0.0,0.0038412848953157663,0.0,0.0,0.00015106095816008747,0.0,0.0,0.10487339645624161,0.0,0.0,0.028483470901846886,252.333740234375,103.71699523925781,0.8832670450210571,0.0,0.0,0.3686414957046509,163.4737548828125,131.59652709960938,0.9406569004058838,188.73719787597656,119.12646484375,0.739071249961853,278.6767883300781,172.4208526611328,0.5636889934539795,0.0,0.0,0.3686789274215698,0.0,0.0,0.021924268454313278,0.0,0.0,0.011518693529069424,0.0,0.0,0.0005139221902936697,0.0,0.0,0.00039304204983636737
896,True,0.0,0.0,0.0007936055189929903,0.0,0.0,0.00022816596901975572,0.0,0.0,2.167967068089638e-05,0.0,0.0,0.0031691016629338264,0.0,0.0,0.00013195828069001436,0.0,0.0,0.12302665412425995,0.0,0.0,0.027070997282862663,252.49044799804688,107.61031341552734,0.9155558347702026,0.0,0.0,0.39754554629325867,162.87388610839844,129.14610290527344,0.9598385691642761,204.067626953125,106.16007995605469,0.7794895768165588,277.5442199707031,176.37875366210938,0.616945207118988,0.0,0.0,0.3935190737247467,0.0,0.0,0.023826874792575836,0.0,0.0,0.011270818300545216,0.0,0.0,0.0004979892401024699,0.0,0.0,0.0003477384161669761
897,True,0.0,0.0,0.001452980563044548,0.0,0.0,0.0005230186507105827,0.0,0.0,3.9096150430850685e-05,0.0,0.0,0.0071899439208209515,0.0,0.0,0.00016077437612693757,0.0,0.0,0.09752452373504639,0.0,0.0,0.04966060444712639,255.86366271972656,104.13874816894531,0.8065658807754517,0.0,0.0,0.4088967442512512,165.18626403808594,127.90094757080078,0.8866563439369202,167.46829223632812,120.50173950195312,0.6925528049468994,0.0,0.0,0.4970434308052063,0.0,0.0,0.3873269557952881,0.0,0.0,0.017035532742738724,0.0,0.0,0.011697059497237206,0.0,0.0,0.0004953373572789133,0.0,0.0,0.0004695137031376362
898,True,0.0,0.0,0.004489019047468901,0.0,0.0,0.0009180745109915733,0.0,0.0,0.00017881674284581095,0.0,0.0,0.002465778263285756,0.0,0.0,0.0002855889906641096,0.0,0.0,0.05181942880153656,0.0,0.0,0.06862076371908188,258.1529846191406,105.99713134765625,0.7481299042701721,246.1888885498047,95.37239074707031,0.6328759789466858,154.50286865234375,124.19744110107422,0.9204926490783691,147.80279541015625,123.0345687866211,0.8852586150169373,0.0,0.0,0.2623220980167389,0.0,0.0,0.26345887780189514,0.0,0.0,0.005481883883476257,0.0,0.0,0.005431732162833214,0.0,0.0,0.00016371990204788744,0.0,0.0,0.00020207607303746045
899,True,0.0,0.0,0.0043646544218063354,0.0,0.0,0.0009562301565892994,0.0,0.0,0.0001585321588208899,0.0,0.0,0.0027810530737042427,0.0,0.0,0.00025771898799575865,0.0,0.0,0.05612625926733017,0.0,0.0,0.06139935553073883,258.1946105957031,105.09239959716797,0.7729958295822144,248.27755737304688,94.22508239746094,0.5933797359466553,153.53289794921875,124.17640686035156,0.9274885654449463,148.08514404296875,122.8996810913086,0.8716511130332947,0.0,0.0,0.27040889859199524,0.0,0.0,0.25166434049606323,0.0,0.0,0.0055432310327887535,0.0,0.0,0.004977709613740444,0.0,0.0,0.00016086868708953261,0.0,0.0,0.0001856964809121564
900,True,0.0,0.0,0.0077583445236086845,0.0,0.0,0.0013299975544214249,0.0,0.0,0.0003601684875320643,0.0,0.0,0.002696010749787092,0.0,0.0,0.0009997183224186301,0.0,0.0,0.0820050835609436,0.0,0.0,0.10851050913333893,243.00204467773438,105.46189880371094,0.7316767573356628,244.4075927734375,92.87329864501953,0.6431310176849365,126.34194946289062,119.63677215576172,0.8926368355751038,134.2186279296875,117.74779510498047,0.8713862299919128,0.0,0.0,0.13073430955410004,0.0,0.0,0.14879314601421356,0.0,0.0,0.004368748981505632,0.0,0.0,0.004458531737327576,0.0,0.0,0.00021891083451919258,0.0,0.0,0.00027299064095132053
901,True,0.0,0.0,0.008599303662776947,0.0,0.0,0.00305383768863976,0.0,0.0,0.00027262986986897886,0.0,0.0,0.011766936630010605,0.0,0.0,0.0007960670627653599,0.0,0.0,0.12487828731536865,0.0,0.0,0.10071780532598495,231.03785705566406,96.8606185913086,0.769852876663208,235.6678466796875,82.6830062866211,0.5114153027534485,131.56472778320312,120.52751159667969,0.8958604335784912,140.85227966308594,114.81611633300781,0.8073375225067139,0.0,0.0,0.26744532585144043,0.0,0.0,0.24226702749729156,0.0,0.0,0.009182685054838657,0.0,0.0,0.007597555872052908,0.0,0.0,0.0003578077594283968,0.0,0.0,0.00039872381603345275
902,True,0.0,0.0,0.006185238249599934,0.0,0.0,0.001278133480809629,0.0,0.0,0.00025070516858249903,0.0,0.0,0.00477594742551446,0.0,0.0,0.0009210974094457924,0.0,0.0,0.0907360389828682,0.0,0.0,0.1616716980934143,216.4011993408203,91.1043472290039,0.7484221458435059,221.08714294433594,82.72464752197266,0.7332023978233337,116.34461212158203,126.06904602050781,0.8811184763908386,125.29694366455078,124.86418151855469,0.8909226655960083,0.0,0.0,0.2134525179862976,0.0,0.0,0.26493021845817566,0.0,0.0,0.004412517417222261,0.0,0.0,0.004963945597410202,0.0,0.0,0.00019519317720551044,0.0,0.0,0.000267072522547096
903,True,0.0,0.0,0.0022848588414490223,0.0,0.0,0.0005615793634206057,0.0,0.0,7.918046321719885e-05,0.0,0.0,0.003958730027079582,0.0,0.0,0.0004164002020843327,0.0,0.0,0.06870138645172119,0.0,0.0,0.059535376727581024,211.3253936767578,76.27017211914062,0.7914485931396484,0.0,0.0,0.46214303374290466,129.34603881835938,128.8720703125,0.899645984172821,135.26889038085938,125.30828094482422,0.7802819609642029,0.0,0.0,0.33012256026268005,0.0,0.0,0.27159857749938965,0.0,0.0,0.006722202990204096,0.0,0.0,0.004442259669303894,0.0,0.0,0.00023203794262371957,0.0,0.0,0.00021387491142377257
904,True,0.0,0.0,0.0031054469291120768,0.0,0.0,0.0006245357799343765,0.0,0.0,0.00011324269144097343,0.0,0.0,0.0026787808164954185,0.0,0.0,0.0003673739265650511,0.0,0.0,0.03869292885065079,0.0,0.0,0.09409897029399872,211.53945922851562,84.28304290771484,0.6985238194465637,218.6919403076172,71.31251525878906,0.7227270603179932,120.77173614501953,131.37429809570312,0.8908891677856445,132.69500732421875,128.3383026123047,0.9104453921318054,0.0,0.0,0.28297096490859985,0.0,0.0,0.35235220193862915,0.0,0.0,0.004131581634283066,0.0,0.0,0.005125214345753193,0.0,0.0,0.00013296178076416254,0.0,0.0,0.00019363273167982697
905,True,0.0,0.0,0.003344473661854863,0.0,0.0,0.000926793203689158,0.0,0.0,0.00010691477655200288,0.0,0.0,0.004395419731736183,0.0,0.0,0.000364425010047853,0.0,0.0,0.2178315669298172,0.0,0.0,0.06285248696804047,230.14083862304688,110.57389068603516,0.9415534138679504,248.11363220214844,72.4271240234375,0.558685839176178,132.5057373046875,123.90647888183594,0.9729616641998291,210.90252685546875,75.18388366699219,0.8667677044868469,277.86907958984375,170.8099365234375,0.6285569071769714,0.0,0.0,0.42718246579170227,0.0,0.0,0.05624763295054436,0.0,0.0,0.027499426156282425,0.0,0.0,0.0017959319520741701,0.0,0.0,0.0012746989959850907
906,True,0.0,0.0,0.002517036395147443,0.0,0.0,0.0006781668635085225,0.0,0.0,7.49218525015749e-05,0.0,0.0,0.003432618686929345,0.0,0.0,0.00026941546821035445,0.0,0.0,0.17399664223194122,0.0,0.0,0.049094267189502716,231.8919677734375,111.68479919433594,0.9338680505752563,249.87734985351562,73.2676010131836,0.5333617925643921,131.61795043945312,123.4869613647461,0.9719093441963196,209.59991455078125,76.16390228271484,0.8657094836235046,279.594482421875,173.0018310546875,0.5928090214729309,0.0,0.0,0.39480239152908325,0.0,0.0,0.045731961727142334,0.0,0.0,0.02298647165298462,0.0,0.0,0.001314698252826929,0.0,0.0,0.0009639118798077106
907,True,0.0,0.0,0.007455253042280674,0.0,0.0,0.0026200797874480486,0.0,0.0,0.00019132986199110746,0.0,0.0,0.011820643208920956,0.0,0.0,0.00036270724376663566,0.0,0.0,0.26941803097724915,0.0,0.0,0.08708161860704422,239.60284423828125,115.74693298339844,0.9393761157989502,261.7508544921875,69.05662536621094,0.6267476677894592,147.08502197265625,113.872802734375,0.9758426547050476,217.76593017578125,68.8054428100586,0.8911228179931641,278.56134033203125,174.51080322265625,0.5344077348709106,0.0,0.0,0.36873409152030945,0.0,0.0,0.03194689378142357,0.0,0.0,0.018097365275025368,0.0,0.0,0.0008779801428318024,0.0,0.0,0.0007193376077339053
908,True,0.0,0.0,0.02799992822110653,0.0,0.0,0.017458271235227585,0.0,0.0,0.0005480021936818957,0.0,0.0,0.061588965356349945,0.0,0.0,0.000487044220790267,0.0,0.0,0.4208710491657257,0.0,0.0,0.12466675043106079,256.2991027832031,114.94050598144531,0.9305692315101624,0.0,0.0,0.4564385414123535,165.52389526367188,97.15364074707031,0.9690690636634827,195.13827514648438,67.77608489990234,0.7797281742095947,280.3902282714844,174.21823120117188,0.661514163017273,0.0,0.0,0.46699443459510803,0.0,0.0,0.08967956155538559,0.0,0.0,0.04395068809390068,0.0,0.0,0.002468588761985302,0.0,0.0,0.0018700252985581756
909,True,0.0,0.0,0.0007738342974334955,0.0,0.0,0.00033800260280258954,0.0,0.0,1.3878380741516594e-05,0.0,0.0,0.00726696290075779,0.0,0.0,9.040513396030292e-05,0.0,0.0,0.20870713889598846,0.0,0.0,0.034460876137018204,258.29718017578125,114.77889251708984,0.9376711845397949,0.0,0.0,0.4412234425544739,181.631103515625,94.88835144042969,0.9692121744155884,218.40586853027344,61.1712646484375,0.7876314520835876,279.0948181152344,172.6761016845703,0.7953483462333679,284.25946044921875,160.27783203125,0.5952931642532349,0.0,0.0,0.08200505375862122,0.0,0.0,0.038556698709726334,0.0,0.0,0.0013877531746402383,0.0,0.0,0.0009672264568507671
910,True,0.0,0.0,0.0027440052945166826,0.0,0.0,0.0011918145464733243,0.0,0.0,6.173113797558472e-05,0.0,0.0,0.018977779895067215,0.0,0.0,0.00022487109526991844,0.0,0.0,0.1708933711051941,0.0,0.0,0.14114020764827728,262.73956298828125,117.50513458251953,0.7735217809677124,278.05157470703125,69.29862213134766,0.6768369078636169,202.12660217285156,95.13273620605469,0.8930537104606628,228.4103546142578,63.421958923339844,0.8374829888343811,275.4163513183594,178.48052978515625,0.6653909087181091,280.9230041503906,166.5055694580078,0.653432309627533,0.0,0.0,0.04774755612015724,0.0,0.0,0.05200934410095215,0.0,0.0,0.0010813113767653704,0.0,0.0,0.001431202981621027
911,True,0.0,0.0,0.0028223497793078423,0.0,0.0,0.002324066823348403,0.0,0.0,4.46349113190081e-05,0.0,0.0,0.04203410446643829,0.0,0.0,0.0001316472189500928,0.0,0.0,0.2666075527667999,0.0,0.0,0.04931775853037834,262.5534973144531,128.83987426757812,0.8659800291061401,0.0,0.0,0.30914953351020813,205.43453979492188,99.66947937011719,0.9226203560829163,236.96456909179688,70.46235656738281,0.6190043687820435,279.24072265625,184.70870971679688,0.6955447196960449,289.3692932128906,171.6822967529297,0.5102329254150391,0.0,0.0,0.07556338608264923,0.0,0.0,0.04175415635108948,0.0,0.0,0.002656800439581275,0.0,0.0,0.002110704081133008
912,True,0.0,0.0,0.0011451680911704898,0.0,0.0,0.0005271989502944052,0.0,0.0,1.6184061678359285e-05,0.0,0.0,0.005030632950365543,0.0,0.0,3.504901542328298e-05,0.0,0.0,0.15148286521434784,0.0,0.0,0.015310502611100674,278.0252990722656,133.00579833984375,0.9412157535552979,0.0,0.0,0.33722007274627686,215.4308624267578,103.48080444335938,0.9821740388870239,242.8876953125,70.65595245361328,0.7879372239112854,288.0710754394531,194.48355102539062,0.6403618454933167,0.0,0.0,0.3514326810836792,0.0,0.0,0.0369243398308754,0.0,0.0,0.012586371041834354,0.0,0.0,0.0007927068509161472,0.0,0.0,0.0004432268615346402
913,True,0.0,0.0,0.0013950923457741737,0.0,0.0,0.0006185881211422384,0.0,0.0,2.6568870453047566e-05,0.0,0.0,0.004961918108165264,0.0,0.0,5.937539754086174e-05,0.0,0.0,0.1582946479320526,0.0,0.0,0.011674326844513416,278.2689208984375,128.82574462890625,0.9280001521110535,0.0,0.0,0.23941534757614136,215.2050323486328,102.88880920410156,0.9689424633979797,241.67227172851562,70.40432739257812,0.6651699542999268,286.53570556640625,200.14739990234375,0.5907567143440247,0.0,0.0,0.29025423526763916,0.0,0.0,0.026632657274603844,0.0,0.0,0.008627485483884811,0.0,0.0,0.0007192440098151565,0.0,0.0,0.00038297567516565323
914,True,0.0,0.0,0.003735549747943878,0.0,0.0,0.0016428109956905246,0.0,0.0,6.83291073073633e-05,0.0,0.0,0.008983233012259007,0.0,0.0,7.255379023263231e-05,0.0,0.0,0.15274393558502197,0.0,0.0,0.03145139664411545,282.6499938964844,132.8391571044922,0.9030588269233704,0.0,0.0,0.4220530092716217,217.06570434570312,105.65144348144531,0.9690049290657043,237.9046173095703,73.53279113769531,0.7903289198875427,285.425048828125,194.44580078125,0.5486258864402771,0.0,0.0,0.3440484404563904,0.0,0.0,0.02798662893474102,0.0,0.0,0.013170816004276276,0.0,0.0,0.0007204304565675557,0.0,0.0,0.0005184027832001448
915,True,0.0,0.0,0.0029082903638482094,0.0,0.0,0.0011251699179410934,0.0,0.0,5.880183744011447e-05,0.0,0.0,0.006450057961046696,0.0,0.0,7.77443710830994e-05,0.0,0.0,0.1296689808368683,0.0,0.0,0.03178538754582405,281.60589599609375,126.42933654785156,0.8883399367332458,0.0,0.0,0.4621693193912506,215.84796142578125,105.45938110351562,0.9659022688865662,236.5409393310547,72.65599822998047,0.8194214701652527,283.771728515625,192.21359252929688,0.5561964511871338,0.0,0.0,0.37379151582717896,0.0,0.0,0.02155812829732895,0.0,0.0,0.011756173335015774,0.0,0.0,0.0004739740106742829,0.0,0.0,0.00037729015457443893
916,True,0.0,0.0,0.0038023008964955807,0.0,0.0,0.0015286810230463743,0.0,0.0,7.770909724058583e-05,0.0,0.0,0.007723264396190643,0.0,0.0,8.064192661549896e-05,0.0,0.0,0.12569735944271088,0.0,0.0,0.039870359003543854,282.7007141113281,126.52993774414062,0.8808244466781616,280.7254943847656,62.0164794921875,0.5191009640693665,215.4791259765625,104.24828338623047,0.9639710187911987,238.11709594726562,71.75873565673828,0.8354693055152893,284.8470458984375,192.83209228515625,0.5671518445014954,0.0,0.0,0.41539302468299866,0.0,0.0,0.021165335550904274,0.0,0.0,0.012456672266125679,0.0,0.0,0.0004674532392527908,0.0,0.0,0.0003945917706005275
917,True,0.0,0.0,0.00279661500826478,0.0,0.0,0.0011042525293305516,0.0,0.0,5.883611083845608e-05,0.0,0.0,0.005740247201174498,0.0,0.0,7.029193511698395e-05,0.0,0.0,0.10149656981229782,0.0,0.0,0.02727402374148369,280.8098449707031,126.24408721923828,0.8741031289100647,0.0,0.0,0.4537833333015442,213.57997131347656,103.937255859375,0.9639462232589722,236.61865234375,73.62987518310547,0.8182618618011475,285.5423278808594,193.16358947753906,0.5264862775802612,0.0,0.0,0.35847607254981995,0.0,0.0,0.019944394007325172,0.0,0.0,0.010969453491270542,0.0,0.0,0.0004777964495588094,0.0,0.0,0.0003823086735792458
918,True,0.0,0.0,0.03244704753160477,0.0,0.0,0.03816749155521393,0.0,0.0,0.0004079717327840626,0.0,0.0,0.10935169458389282,0.0,0.0,0.00013644048885907978,0.0,0.0,0.3732181489467621,0.0,0.0,0.0446251779794693,276.06451416015625,135.81251525878906,0.9207161664962769,0.0,0.0,0.22951959073543549,212.5849151611328,103.68414306640625,0.9687345623970032,237.7013702392578,77.53240966796875,0.6324622631072998,288.9519958496094,201.78286743164062,0.6227079033851624,0.0,0.0,0.348544716835022,0.0,0.0,0.04457803815603256,0.0,0.0,0.01612536609172821,0.0,0.0,0.0015098591102287173,0.0,0.0,0.0009264404652640224
919,True,0.0,0.0,0.07216490060091019,0.0,0.0,0.10501129180192947,0.0,0.0,0.000942811428103596,0.0,0.0,0.21803481876850128,0.0,0.0,0.0001845681545091793,0.0,0.0,0.45460134744644165,0.0,0.0,0.054236799478530884,272.279296875,135.8778839111328,0.9154381155967712,0.0,0.0,0.1887829452753067,212.06582641601562,104.14932250976562,0.9627697467803955,234.31582641601562,74.28109741210938,0.5572866201400757,285.8726806640625,199.2332763671875,0.58967125415802,0.0,0.0,0.3040461540222168,0.0,0.0,0.04904927685856819,0.0,0.0,0.016973355785012245,0.0,0.0,0.0019556055776774883,0.0,0.0,0.001161854830570519
920,True,0.0,0.0,0.001528797554783523,0.0,0.0,0.000609271286521107,0.0,0.0,3.2274099794449285e-05,0.0,0.0,0.004125901497900486,0.0,0.0,6.866766489110887e-05,0.0,0.0,0.13571342825889587,0.0,0.0,0.020988859236240387,276.1201171875,133.5449676513672,0.9232903718948364,0.0,0.0,0.42691758275032043,209.30307006835938,103.38849639892578,0.9783851504325867,230.4482421875,73.03582763671875,0.8361767530441284,288.9028015136719,194.96754455566406,0.6450221538543701,0.0,0.0,0.413371205329895,0.0,0.0,0.03706521913409233,0.0,0.0,0.01574862003326416,0.0,0.0,0.0008239562739618123,0.0,0.0,0.0005346317193470895
921,True,0.0,0.0,0.007014754228293896,0.0,0.0,0.006924104876816273,0.0,0.0,9.113446139963344e-05,0.0,0.0,0.04209457337856293,0.0,0.0,8.859635272528976e-05,0.0,0.0,0.2946365475654602,0.0,0.0,0.021395668387413025,268.93487548828125,128.6289825439453,0.9321028590202332,0.0,0.0,0.16859471797943115,206.96786499023438,103.6450424194336,0.9702722430229187,228.72462463378906,72.81395721435547,0.5686147212982178,287.0399169921875,194.79617309570312,0.6272940635681152,0.0,0.0,0.2982828617095947,0.0,0.0,0.04601830244064331,0.0,0.0,0.013251660391688347,0.0,0.0,0.0013493705773726106,0.0,0.0,0.0006901585729792714
922,True,0.0,0.0,0.08140093833208084,0.0,0.0,0.11491493135690689,0.0,0.0,0.00122649350669235,0.0,0.0,0.30066612362861633,0.0,0.0,0.0003022504097316414,0.0,0.0,0.4515376091003418,0.0,0.0,0.08826353400945663,274.78533935546875,131.20864868164062,0.8623451590538025,0.0,0.0,0.20932069420814514,207.88314819335938,101.66831970214844,0.9263232946395874,0.0,0.0,0.4989933967590332,0.0,0.0,0.4727817475795746,0.0,0.0,0.2729073166847229,0.0,0.0,0.049684349447488785,0.0,0.0,0.022783273831009865,0.0,0.0,0.0029948086012154818,0.0,0.0,0.0021808715537190437
923,True,0.0,0.0,0.12484081834554672,0.0,0.0,0.21508070826530457,0.0,0.0,0.002109077526256442,0.0,0.0,0.40979844331741333,0.0,0.0,0.0004022295761387795,281.5429382324219,61.057395935058594,0.5469368696212769,0.0,0.0,0.06784384697675705,272.5058898925781,134.9384765625,0.8696187138557434,0.0,0.0,0.09688488394021988,205.86500549316406,105.17648315429688,0.9035373330116272,0.0,0.0,0.26279664039611816,0.0,0.0,0.4702749252319336,0.0,0.0,0.20386207103729248,0.0,0.0,0.05814661085605621,0.0,0.0,0.018866367638111115,0.0,0.0,0.004491031635552645,0.0,0.0,0.0025501020718365908
924,True,0.0,0.0,0.15385769307613373,0.0,0.0,0.2729458212852478,0.0,0.0,0.002623100997880101,0.0,0.0,0.4934427738189697,0.0,0.0,0.0004797456203959882,281.1552429199219,63.76777648925781,0.6002552509307861,0.0,0.0,0.07908719033002853,270.7994689941406,134.1750030517578,0.869109034538269,0.0,0.0,0.08968692272901535,205.16336059570312,105.00904846191406,0.8998934626579285,0.0,0.0,0.24120250344276428,0.0,0.0,0.4651505649089813,0.0,0.0,0.19696205854415894,0.0,0.0,0.06320434808731079,0.0,0.0,0.019831247627735138,0.0,0.0,0.005145026370882988,0.0,0.0,0.0028419445734471083
925,True,0.0,0.0,0.15776120126247406,0.0,0.0,0.262937992811203,0.0,0.0,0.002801429247483611,0.0,0.0,0.4744638502597809,0.0,0.0,0.000496981549076736,283.1742248535156,62.05632781982422,0.5173418521881104,0.0,0.0,0.078023262321949,273.5182189941406,127.21626281738281,0.8398920893669128,0.0,0.0,0.11408204585313797,207.348388671875,105.52896118164062,0.8989514708518982,0.0,0.0,0.32177451252937317,0.0,0.0,0.3811289966106415,0.0,0.0,0.17274221777915955,0.0,0.0,0.03558261692523956,0.0,0.0,0.013953270390629768,0.0,0.0,0.002457121154293418,0.0,0.0,0.0016203838167712092
926,True,0.0,0.0,0.11400308459997177,0.0,0.0,0.11548909544944763,0.0,0.0,0.0024008022155612707,0.0,0.0,0.15133391320705414,0.0,0.0,0.00039092107908800244,0.0,0.0,0.28482070565223694,0.0,0.0,0.08583461493253708,276.6573791503906,127.19437408447266,0.8023399114608765,0.0,0.0,0.2703644037246704,205.7351531982422,105.80516052246094,0.921253502368927,240.3068084716797,151.50650024414062,0.6112513542175293,0.0,0.0,0.2734891474246979,0.0,0.0,0.16453972458839417,0.0,0.0,0.011931279674172401,0.0,0.0,0.0068078795447945595,0.0,0.0,0.000641853897832334,0.0,0.0,0.0005502307321876287
927,True,0.0,0.0,0.02412118762731552,0.0,0.0,0.02080453746020794,0.0,0.0,0.0006084930500946939,0.0,0.0,0.055635642260313034,0.0,0.0,0.00029186299070715904,0.0,0.0,0.1710803210735321,0.0,0.0,0.041091445833444595,274.6928405761719,120.84789276123047,0.7257130146026611,0.0,0.0,0.19043271243572235,208.4728546142578,105.32520294189453,0.8543803691864014,0.0,0.0,0.4484720230102539,0.0,0.0,0.3324514925479889,0.0,0.0,0.20230743288993835,0.0,0.0,0.020429251715540886,0.0,0.0,0.011679434217512608,0.0,0.0,0.001409983728080988,0.0,0.0,0.0011750746052712202
928,True,0.0,0.0,0.021002935245633125,0.0,0.0,0.016897082328796387,0.0,0.0,0.0005974461091682315,0.0,0.0,0.04056213051080704,0.0,0.0,0.0002710398402996361,0.0,0.0,0.1381298154592514,0.0,0.0,0.03960311412811279,275.3867492675781,126.13285827636719,0.6719527840614319,0.0,0.0,0.2094203382730484,208.68167114257812,107.17027282714844,0.8348645567893982,0.0,0.0,0.48490262031555176,0.0,0.0,0.32902759313583374,0.0,0.0,0.22150541841983795,0.0,0.0,0.023053715005517006,0.0,0.0,0.015117162838578224,0.0,0.0,0.001699840184301138,0.0,0.0,0.0015523267211392522
929,True,0.0,0.0,0.005874523427337408,0.0,0.0,0.0025671168696135283,0.0,0.0,0.00020050400053150952,0.0,0.0,0.007036460097879171,0.0,0.0,0.00017089412722270936,0.0,0.0,0.07905132323503494,0.0,0.0,0.021756475791335106,276.9886474609375,120.19452667236328,0.7208792567253113,0.0,0.0,0.2338242083787918,208.42404174804688,110.83074951171875,0.880513608455658,234.56646728515625,150.85006713867188,0.5593438744544983,0.0,0.0,0.29507210850715637,0.0,0.0,0.18117491900920868,0.0,0.0,0.014096545055508614,0.0,0.0,0.008011842146515846,0.0,0.0,0.0008524756995029747,0.0,0.0,0.0006790428305976093
930,True,0.0,0.0,0.009475825354456902,0.0,0.0,0.004435642622411251,0.0,0.0,0.0002671632100827992,0.0,0.0,0.009909126907587051,0.0,0.0,0.0001396954758092761,0.0,0.0,0.07334768772125244,0.0,0.0,0.026304706931114197,279.7885437011719,114.10519409179688,0.7332164645195007,0.0,0.0,0.28742510080337524,209.735107421875,115.03916931152344,0.9145376086235046,235.9548797607422,147.9183807373047,0.6697725653648376,0.0,0.0,0.30112555623054504,0.0,0.0,0.19547079503536224,0.0,0.0,0.010164815932512283,0.0,0.0,0.006102858576923609,0.0,0.0,0.00044895641622133553,0.0,0.0,0.0003826917090918869
931,True,0.0,0.0,0.021435420960187912,0.0,0.0,0.014521234668791294,0.0,0.0,0.0006285406998358667,0.0,0.0,0.029427992179989815,0.0,0.0,0.00022698468819726259,0.0,0.0,0.10481835901737213,0.0,0.0,0.042300380766391754,278.4835205078125,124.71046447753906,0.6891859173774719,0.0,0.0,0.30129703879356384,211.36489868164062,116.11317443847656,0.8994691967964172,214.0574951171875,117.20660400390625,0.685802698135376,0.0,0.0,0.3362899720668793,0.0,0.0,0.2499455362558365,0.0,0.0,0.016974467784166336,0.0,0.0,0.01195839885622263,0.0,0.0,0.0008854196639731526,0.0,0.0,0.0008573012892156839
932,True,0.0,0.0,0.031681548804044724,0.0,0.0,0.020034242421388626,0.0,0.0,0.0008010543533600867,0.0,0.0,0.026271507143974304,0.0,0.0,0.0001901041978271678,0.0,0.0,0.10452873259782791,0.0,0.0,0.04313825070858002,281.2037353515625,117.48596954345703,0.7362726330757141,0.0,0.0,0.3258249759674072,209.31890869140625,113.8331298828125,0.9323391914367676,211.8584747314453,106.80815124511719,0.7458406090736389,0.0,0.0,0.2924819588661194,0.0,0.0,0.2077150046825409,0.0,0.0,0.013971427455544472,0.0,0.0,0.008779631927609444,0.0,0.0,0.0006309565505944192,0.0,0.0,0.000568479998037219
933,True,0.0,0.0,0.0059442101046442986,0.0,0.0,0.0032034898176789284,0.0,0.0,0.00016880060138646513,0.0,0.0,0.010501797311007977,0.0,0.0,0.00013039288751315325,0.0,0.0,0.07537755370140076,0.0,0.0,0.02079458348453045,277.08624267578125,121.1754379272461,0.7213599681854248,0.0,0.0,0.24032710492610931,206.11228942871094,113.23492431640625,0.891474187374115,206.00149536132812,106.19390869140625,0.6213197708129883,0.0,0.0,0.29382991790771484,0.0,0.0,0.19217419624328613,0.0,0.0,0.01606278494000435,0.0,0.0,0.00939377024769783,0.0,0.0,0.0009316341602243483,0.0,0.0,0.0007709342753514647
934,True,0.0,0.0,0.016661453992128372,0.0,0.0,0.009133811108767986,0.0,0.0,0.0003945775388274342,0.0,0.0,0.016536347568035126,0.0,0.0,0.00017308273527305573,0.0,0.0,0.13978254795074463,0.0,0.0,0.028352906927466393,278.7799987792969,124.40245056152344,0.8242337107658386,0.0,0.0,0.2307388335466385,205.03005981445312,114.4058837890625,0.9424260854721069,210.76185607910156,105.19526672363281,0.6470014452934265,0.0,0.0,0.3020811975002289,0.0,0.0,0.15757957100868225,0.0,0.0,0.01326723862439394,0.0,0.0,0.005905397702008486,0.0,0.0,0.0004996812785975635,0.0,0.0,0.00034962105564773083
935,True,0.0,0.0,0.005221601575613022,0.0,0.0,0.005953145679086447,0.0,0.0,7.0596368459519e-05,0.0,0.0,0.037167537957429886,0.0,0.0,5.2287214202806354e-05,0.0,0.0,0.17589278519153595,0.0,0.0,0.013326001353561878,269.9158020019531,133.2938995361328,0.8953899145126343,0.0,0.0,0.13945384323596954,200.25445556640625,110.22553253173828,0.9533566236495972,213.215576171875,95.8424301147461,0.5080845952033997,286.9931945800781,191.22618103027344,0.5397765040397644,0.0,0.0,0.2604539394378662,0.0,0.0,0.0574752613902092,0.0,0.0,0.018556682392954826,0.0,0.0,0.002955373842269182,0.0,0.0,0.0016241696430370212
936,True,0.0,0.0,0.005523790139704943,0.0,0.0,0.0028891824185848236,0.0,0.0,0.00011909953173017129,0.0,0.0,0.011388913728296757,0.0,0.0,8.368607086595148e-05,0.0,0.0,0.12774589657783508,0.0,0.0,0.02531471662223339,279.7668151855469,134.10169982910156,0.8570671081542969,0.0,0.0,0.33120229840278625,202.0638885498047,112.32482147216797,0.9480214715003967,212.0097198486328,89.04399108886719,0.7273094058036804,0.0,0.0,0.4729819893836975,0.0,0.0,0.3005508482456207,0.0,0.0,0.0305633507668972,0.0,0.0,0.016289040446281433,0.0,0.0,0.001166120171546936,0.0,0.0,0.0009209456038661301
937,True,0.0,0.0,0.017147472128272057,0.0,0.0,0.022580264136195183,0.0,0.0,0.00020321877673268318,0.0,0.0,0.11445459723472595,0.0,0.0,0.00013074859452899545,0.0,0.0,0.36707744002342224,0.0,0.0,0.03554709255695343,264.199462890625,135.08468627929688,0.9061424136161804,0.0,0.0,0.17404793202877045,199.47601318359375,108.58478546142578,0.9511749744415283,226.55050659179688,73.94713592529297,0.5365288853645325,289.8435363769531,192.31637573242188,0.5502100586891174,0.0,0.0,0.28481900691986084,0.0,0.0,0.0605926550924778,0.0,0.0,0.022264990955591202,0.0,0.0,0.0028874671552330256,0.0,0.0,0.0017853733152151108
938,True,0.0,0.0,0.0009479843429289758,0.0,0.0,0.0003551265108399093,0.0,0.0,1.6731566574890167e-05,0.0,0.0,0.003403953043743968,0.0,0.0,5.738113759434782e-05,0.0,0.0,0.14143513143062592,0.0,0.0,0.013013745658099651,271.65863037109375,135.8440704345703,0.9286110401153564,0.0,0.0,0.29721271991729736,197.88665771484375,109.66374206542969,0.97397780418396,237.48207092285156,70.67388916015625,0.760973334312439,290.6407470703125,192.38690185546875,0.5081081986427307,0.0,0.0,0.24861104786396027,0.0,0.0,0.02611168660223484,0.0,0.0,0.009895737282931805,0.0,0.0,0.0006740809767507017,0.0,0.0,0.00040144682861864567
939,True,0.0,0.0,0.004220787435770035,0.0,0.0,0.0017653241520747542,0.0,0.0,7.516400364693254e-05,0.0,0.0,0.007273315452039242,0.0,0.0,7.685980381211266e-05,0.0,0.0,0.16088782250881195,0.0,0.0,0.032872274518013,273.7608642578125,132.6679229736328,0.910268247127533,0.0,0.0,0.4639735221862793,196.3623046875,107.43714904785156,0.9732418656349182,236.68130493164062,62.717735290527344,0.835900604724884,288.37994384765625,191.4196319580078,0.5440726280212402,0.0,0.0,0.354801744222641,0.0,0.0,0.03734780475497246,0.0,0.0,0.019055966287851334,0.0,0.0,0.0010262487921863794,0.0,0.0,0.0007821233593858778
940,True,0.0,0.0,0.000930365698877722,0.0,0.0,0.00036780358641408384,0.0,0.0,1.2777002666553017e-05,0.0,0.0,0.0024575302377343178,0.0,0.0,2.972638867504429e-05,0.0,0.0,0.13289691507816315,0.0,0.0,0.007878666743636131,269.378662109375,129.96868896484375,0.9475380182266235,0.0,0.0,0.2461826503276825,191.56161499023438,105.75146484375,0.9845021367073059,241.314453125,62.54602813720703,0.7725765705108643,0.0,0.0,0.46244698762893677,0.0,0.0,0.18080654740333557,0.0,0.0,0.02610565908253193,0.0,0.0,0.00765740592032671,0.0,0.0,0.0006864421884529293,0.0,0.0,0.00034172835876233876
941,True,0.0,0.0,0.000994645175524056,0.0,0.0,0.0003472625103313476,0.0,0.0,1.692012301646173e-05,0.0,0.0,0.0019300560234114528,0.0,0.0,3.835901225102134e-05,0.0,0.0,0.10818922519683838,0.0,0.0,0.0089450404047966,270.56243896484375,130.134765625,0.9292306900024414,0.0,0.0,0.2877230644226074,193.44435119628906,106.22718048095703,0.9808940887451172,241.5836181640625,62.11076354980469,0.8039245009422302,0.0,0.0,0.4750370979309082,0.0,0.0,0.21511046588420868,0.0,0.0,0.02083766460418701,0.0,0.0,0.00743662565946579,0.0,0.0,0.000497596338391304,0.0,0.0,0.00028290229965932667
942,True,0.0,0.0,0.0038191680796444416,0.0,0.0,0.0014484007842838764,0.0,0.0,7.205266592791304e-05,0.0,0.0,0.006235314533114433,0.0,0.0,8.92042662599124e-05,0.0,0.0,0.15310293436050415,0.0,0.0,0.03844912350177765,272.241943359375,133.1820526123047,0.8981761932373047,277.610107421875,56.93915557861328,0.5111074447631836,196.7891845703125,105.79592895507812,0.9703359603881836,234.76885986328125,62.706207275390625,0.8529374003410339,285.6170349121094,191.52813720703125,0.5471392273902893,0.0,0.0,0.38368114829063416,0.0,0.0,0.03462181240320206,0.0,0.0,0.019742950797080994,0.0,0.0,0.0009056479902938008,0.0,0.0,0.0007421473856084049
943,True,0.0,0.0,0.00106489984318614,0.0,0.0,0.0003663813404273242,0.0,0.0,1.913836968014948e-05,0.0,0.0,0.0020791671704500914,0.0,0.0,4.352712130639702e-05,0.0,0.0,0.1327381432056427,0.0,0.0,0.00945370178669691,270.7240905761719,123.07617950439453,0.9470089077949524,0.0,0.0,0.2781929075717926,193.06967163085938,104.42146301269531,0.9833081960678101,241.4212188720703,62.12957000732422,0.7824612259864807,288.29046630859375,196.15675354003906,0.5399409532546997,0.0,0.0,0.2351672649383545,0.0,0.0,0.021452294662594795,0.0,0.0,0.006574970670044422,0.0,0.0,0.00047246518079191446,0.0,0.0,0.00023974583018571138
944,True,0.0,0.0,0.001236099866218865,0.0,0.0,0.0004027020768262446,0.0,0.0,2.4409146135440096e-05,0.0,0.0,0.0020462360698729753,0.0,0.0,5.420747402240522e-05,0.0,0.0,0.10548759996891022,0.0,0.0,0.011247985996305943,270.80633544921875,127.99786376953125,0.9194908738136292,0.0,0.0,0.31364327669143677,191.2219696044922,103.22206115722656,0.9771102666854858,236.8966827392578,57.006690979003906,0.8021746873855591,0.0,0.0,0.43863654136657715,0.0,0.0,0.2083505392074585,0.0,0.0,0.016414577141404152,0.0,0.0,0.006406949833035469,0.0,0.0,0.00039879733230918646,0.0,0.0,0.00024090436636470258
945,True,0.0,0.0,0.0017106607556343079,0.0,0.0,0.0005774851306341588,0.0,0.0,3.522257975419052e-05,0.0,0.0,0.0043560839258134365,0.0,0.0,8.862795220920816e-05,0.0,0.0,0.12565775215625763,0.0,0.0,0.04064568132162094,266.8465576171875,128.38209533691406,0.8945670127868652,276.80389404296875,58.77947235107422,0.5870303511619568,194.21841430664062,103.38850402832031,0.965121328830719,232.8529815673828,56.73497009277344,0.8700094223022461,285.1758728027344,187.92042541503906,0.5977753400802612,0.0,0.0,0.4581957757472992,0.0,0.0,0.026855183765292168,0.0,0.0,0.017390260472893715,0.0,0.0,0.0005166493938304484,0.0,0.0,0.0004626598092727363
946,True,0.0,0.0,0.001544277067296207,0.0,0.0,0.0004272877413313836,0.0,0.0,3.525567808537744e-05,0.0,0.0,0.0037006083875894547,0.0,0.0,0.00011130017082905397,0.0,0.0,0.10882744193077087,0.0,0.0,0.06944707781076431,267.24493408203125,125.6648178100586,0.8807666301727295,273.13568115234375,57.787261962890625,0.757358729839325,197.26242065429688,102.30410766601562,0.9642144441604614,221.8855438232422,49.247772216796875,0.9261725544929504,282.9735107421875,188.30111694335938,0.6197753548622131,279.324951171875,174.56948852539062,0.562489926815033,0.0,0.0,0.022459032014012337,0.0,0.0,0.0199322197586298,0.0,0.0,0.000381182151613757,0.0,0.0,0.00042698191828094423
947,True,0.0,0.0,0.0016428329981863499,0.0,0.0,0.0004323696775827557,0.0,0.0,4.1307106585009024e-05,0.0,0.0,0.003341939300298691,0.0,0.0,0.00012504337064456195,0.0,0.0,0.10167856514453888,0.0,0.0,0.0649324283003807,267.1667785644531,123.6467056274414,0.8702471256256104,272.15692138671875,52.801239013671875,0.7394078969955444,196.8006134033203,101.59522247314453,0.9607558250427246,221.26229858398438,45.261619567871094,0.9207448363304138,283.4278564453125,188.43128967285156,0.6096680760383606,279.4288635253906,175.0535888671875,0.5509132742881775,0.0,0.0,0.021282214671373367,0.0,0.0,0.0190572626888752,0.0,0.0,0.00036394657217897475,0.0,0.0,0.0004093277966603637
948,True,0.0,0.0,0.0023714920971542597,0.0,0.0,0.0007471061544492841,0.0,0.0,5.516271266969852e-05,0.0,0.0,0.005480287596583366,0.0,0.0,0.00013038319593761116,0.0,0.0,0.10926754772663116,0.0,0.0,0.07909402996301651,269.6232604980469,124.92027282714844,0.8515499234199524,274.7707214355469,53.787437438964844,0.7414090037345886,196.97276306152344,100.87745666503906,0.955946147441864,222.12442016601562,48.78155517578125,0.9175806045532227,283.1090087890625,186.55972290039062,0.6213077902793884,278.2687072753906,172.09738159179688,0.584204375743866,0.0,0.0,0.025843866169452667,0.0,0.0,0.0250850897282362,0.0,0.0,0.00048141289153136313,0.0,0.0,0.0005795600591227412
949,True,0.0,0.0,0.0025740391574800014,0.0,0.0,0.0008305969531647861,0.0,0.0,6.104045314714313e-05,0.0,0.0,0.007813315838575363,0.0,0.0,0.0001894560264190659,0.0,0.0,0.1636955589056015,0.0,0.0,0.1152339056134224,265.0320129394531,120.12044525146484,0.8643314242362976,272.87701416015625,50.97306823730469,0.7426931262016296,195.9095001220703,99.41499328613281,0.9495453238487244,222.4513702392578,46.071258544921875,0.9030531644821167,281.983154296875,185.29931640625,0.6978991627693176,279.84515380859375,171.4140625,0.6559420228004456,0.0,0.0,0.03461718559265137,0.0,0.0,0.03246280178427696,0.0,0.0,0.000616451958194375,0.0,0.0,0.0007243181462399662
950,True,0.0,0.0,0.003191146533936262,0.0,0.0,0.0011101083364337683,0.0,0.0,7.91033380664885e-05,0.0,0.0,0.008241797797381878,0.0,0.0,0.0001802409824449569,0.0,0.0,0.14178551733493805,0.0,0.0,0.09979896247386932,266.45355224609375,123.439453125,0.856817901134491,274.0269775390625,52.98479461669922,0.7369583249092102,195.61959838867188,99.13453674316406,0.9513502717018127,224.20193481445312,49.86792755126953,0.90706866979599,283.441650390625,187.3070526123047,0.6905773878097534,277.50042724609375,172.94198608398438,0.6507424712181091,0.0,0.0,0.03273190185427666,0.0,0.0,0.03134889155626297,0.0,0.0,0.0006118372548371553,0.0,0.0,0.0007330102962441742
951,True,0.0,0.0,0.0022232471965253353,0.0,0.0,0.0006781429401598871,0.0,0.0,5.200069062993862e-05,0.0,0.0,0.005005261395126581,0.0,0.0,0.00012517902359832078,0.0,0.0,0.12655824422836304,0.0,0.0,0.07990921288728714,271.2255859375,128.25778198242188,0.8627656102180481,276.2793884277344,56.326438903808594,0.7271444797515869,196.04676818847656,98.55010986328125,0.9563012719154358,224.6653289794922,50.06800842285156,0.9080042243003845,282.98583984375,186.6484832763672,0.6230169534683228,277.7622985839844,170.83615112304688,0.5727318525314331,0.0,0.0,0.031794846057891846,0.0,0.0,0.028408076614141464,0.0,0.0,0.0006451242952607572,0.0,0.0,0.0007289119530469179
952,True,0.0,0.0,0.0022850935347378254,0.0,0.0,0.0007596965879201889,0.0,0.0,5.2253813919378445e-05,0.0,0.0,0.00539163313806057,0.0,0.0,0.00012302039249334484,0.0,0.0,0.12735959887504578,0.0,0.0,0.0629892647266388,268.1650085449219,126.14949035644531,0.8585429787635803,276.53070068359375,54.73728942871094,0.6391709446907043,194.12510681152344,97.75615692138672,0.953286349773407,227.78636169433594,50.984375,0.8762370347976685,284.081787109375,185.55990600585938,0.5722540616989136,0.0,0.0,0.48904314637184143,0.0,0.0,0.03408773988485336,0.0,0.0,0.02647324465215206,0.0,0.0,0.0008239609887823462,0.0,0.0,0.0008375327452085912
953,True,0.0,0.0,0.0026239706203341484,0.0,0.0,0.0008423163671977818,0.0,0.0,6.705686973873526e-05,0.0,0.0,0.005731651559472084,0.0,0.0,0.00015275536861736327,0.0,0.0,0.1204998567700386,0.0,0.0,0.08060688525438309,268.5036315917969,125.55638122558594,0.8397245407104492,275.00250244140625,59.11250305175781,0.7108594179153442,194.28787231445312,96.47553253173828,0.9447653293609619,226.04214477539062,53.82402038574219,0.896941065788269,283.58795166015625,184.4187469482422,0.614238977432251,277.45806884765625,169.9217987060547,0.572519838809967,0.0,0.0,0.02900029346346855,0.0,0.0,0.027744680643081665,0.0,0.0,0.0005869720480404794,0.0,0.0,0.0006967872031964362
954,True,0.0,0.0,0.0026554425712674856,0.0,0.0,0.0008490125765092671,0.0,0.0,7.138905493775383e-05,0.0,0.0,0.0056021548807621,0.0,0.0,0.00015879495185799897,0.0,0.0,0.10604245215654373,0.0,0.0,0.07311105728149414,270.3809509277344,118.96339416503906,0.8211784362792969,276.7463073730469,59.118927001953125,0.685325026512146,193.94305419921875,96.85504150390625,0.9374985098838806,226.4695587158203,55.844573974609375,0.8861242532730103,284.1758728027344,183.19972229003906,0.5965381264686584,278.3343200683594,169.61175537109375,0.5557589530944824,0.0,0.0,0.02518651634454727,0.0,0.0,0.02443552389740944,0.0,0.0,0.0005064548458904028,0.0,0.0,0.0006093313568271697
955,True,0.0,0.0,0.002529082354158163,0.0,0.0,0.0008304608054459095,0.0,0.0,6.362185376929119e-05,0.0,0.0,0.005364552140235901,0.0,0.0,0.00014209408254828304,0.0,0.0,0.1094478890299797,0.0,0.0,0.06076362356543541,269.16741943359375,123.50251770019531,0.8348914980888367,277.8684997558594,60.50389099121094,0.651943564414978,193.38226318359375,96.24955749511719,0.9438158869743347,227.08396911621094,57.344017028808594,0.8798068165779114,284.6805725097656,182.83062744140625,0.5532966256141663,0.0,0.0,0.4901227653026581,0.0,0.0,0.023748595267534256,0.0,0.0,0.021263331174850464,0.0,0.0,0.0004803979827556759,0.0,0.0,0.0005442150868475437
956,True,0.0,0.0,0.0011770855635404587,0.0,0.0,0.00046564009971916676,0.0,0.0,2.3965045329532586e-05,0.0,0.0,0.005555248353630304,0.0,0.0,7.870470290072262e-05,0.0,0.0,0.12049595266580582,0.0,0.0,0.025120927020907402,269.3135681152344,122.65190887451172,0.8797674179077148,0.0,0.0,0.39956074953079224,194.28501892089844,97.90875244140625,0.9442907571792603,226.82447814941406,63.41387176513672,0.7421405911445618,287.0786437988281,186.6006317138672,0.5521758198738098,0.0,0.0,0.37389740347862244,0.0,0.0,0.029505260288715363,0.0,0.0,0.01654638536274433,0.0,0.0,0.0007631090702489018,0.0,0.0,0.0006175972521305084
957,True,0.0,0.0,0.001292851404286921,0.0,0.0,0.00045694055734202266,0.0,0.0,3.0124005206744187e-05,0.0,0.0,0.0052319723181426525,0.0,0.0,0.00010565693082753569,0.0,0.0,0.11718769371509552,0.0,0.0,0.03134884685277939,271.242431640625,122.73115539550781,0.8568152189254761,0.0,0.0,0.44351401925086975,197.5687713623047,97.82318115234375,0.9343904256820679,226.71453857421875,69.99539947509766,0.7585968375205994,284.56085205078125,185.96731567382812,0.5093640089035034,0.0,0.0,0.36440515518188477,0.0,0.0,0.024776587262749672,0.0,0.0,0.015662692487239838,0.0,0.0,0.0006808764301240444,0.0,0.0,0.0005949288606643677
958,True,0.0,0.0,0.0023367516696453094,0.0,0.0,0.0007745535694994032,0.0,0.0,6.660560029558837e-05,0.0,0.0,0.0045159962028265,0.0,0.0,0.00012369545584078878,0.0,0.0,0.07755561918020248,0.0,0.0,0.031481578946113586,276.81048583984375,123.290771484375,0.7906161546707153,0.0,0.0,0.4900719225406647,199.74142456054688,99.60038757324219,0.9224531054496765,226.0040283203125,72.68655395507812,0.8034244775772095,0.0,0.0,0.4316965341567993,0.0,0.0,0.3485516607761383,0.0,0.0,0.018109554424881935,0.0,0.0,0.014342637732625008,0.0,0.0,0.000568116782233119,0.0,0.0,0.0005831639864481986
959,True,0.0,0.0,0.00281537720002234,0.0,0.0,0.0009451073710806668,0.0,0.0,8.37620027596131e-05,0.0,0.0,0.004571522120386362,0.0,0.0,0.00012087281356798485,0.0,0.0,0.0740407183766365,0.0,0.0,0.03266739100217819,277.54925537109375,127.9891357421875,0.7889106869697571,280.28204345703125,67.44502258300781,0.5253954529762268,199.1457977294922,100.62110137939453,0.925318717956543,226.25975036621094,74.03173065185547,0.8241801857948303,0.0,0.0,0.44730111956596375,0.0,0.0,0.3761143684387207,0.0,0.0,0.01817641407251358,0.0,0.0,0.015202600508928299,0.0,0.0,0.0005632722750306129,0.0,0.0,0.0006030394579283893
960,True,0.0,0.0,0.0027971789240837097,0.0,0.0,0.0009205341339111328,0.0,0.0,7.998092769412324e-05,0.0,0.0,0.004324599634855986,0.0,0.0,0.00011099620314780623,0.0,0.0,0.07112395763397217,0.0,0.0,0.030683329328894615,279.0259094238281,130.43844604492188,0.7898391485214233,281.5125427246094,70.42546081542969,0.520226240158081,199.80599975585938,101.15316772460938,0.9297241568565369,226.3459930419922,75.52438354492188,0.8293574452400208,0.0,0.0,0.4179842174053192,0.0,0.0,0.34627604484558105,0.0,0.0,0.016328390687704086,0.0,0.0,0.013529239222407341,0.0,0.0,0.0005077878013253212,0.0,0.0,0.0005395786138251424
961,True,0.0,0.0,0.002721466589719057,0.0,0.0,0.0009391927742399275,0.0,0.0,7.829134847270325e-05,0.0,0.0,0.00494229095056653,0.0,0.0,0.00012278622307348996,0.0,0.0,0.07665841281414032,0.0,0.0,0.033969663083553314,275.7576599121094,128.89715576171875,0.7892161011695862,279.6983947753906,67.3278579711914,0.5184170007705688,197.38714599609375,100.49641418457031,0.922400712966919,225.56863403320312,73.97270965576172,0.8158553242683411,0.0,0.0,0.46003293991088867,0.0,0.0,0.3873756527900696,0.0,0.0,0.018810570240020752,0.0,0.0,0.01561222318559885,0.0,0.0,0.0005780342034995556,0.0,0.0,0.0006161735509522259
962,True,0.0,0.0,0.0032539432868361473,0.0,0.0,0.0010818646987900138,0.0,0.0,0.00010448128887219355,0.0,0.0,0.005154314450919628,0.0,0.0,0.00015173903375398368,0.0,0.0,0.07647332549095154,0.0,0.0,0.03713474050164223,279.42901611328125,126.24601745605469,0.7689822316169739,281.0869445800781,68.65235137939453,0.519814670085907,199.78054809570312,100.3335189819336,0.9135627150535583,224.04183959960938,74.96009826660156,0.8127536177635193,0.0,0.0,0.4538590610027313,0.0,0.0,0.3897639214992523,0.0,0.0,0.017228182405233383,0.0,0.0,0.015139037743210793,0.0,0.0,0.0005183118628337979,0.0,0.0,0.0005757149774581194
963,True,0.0,0.0,0.004069163464009762,0.0,0.0,0.0014187212800607085,0.0,0.0,0.00011959184485021979,0.0,0.0,0.006455661728978157,0.0,0.0,0.00015940300363581628,0.0,0.0,0.09274180978536606,0.0,0.0,0.04024317488074303,279.4107971191406,129.53207397460938,0.7828108668327332,0.0,0.0,0.49300000071525574,198.3643798828125,99.3702621459961,0.9193951487541199,222.58555603027344,73.55000305175781,0.7978933453559875,0.0,0.0,0.4184865355491638,0.0,0.0,0.3453412353992462,0.0,0.0,0.020361395552754402,0.0,0.0,0.016475677490234375,0.0,0.0,0.0007013381691649556,0.0,0.0,0.0007334390538744628
964,True,0.0,0.0,0.003938273526728153,0.0,0.0,0.001370525686070323,0.0,0.0,0.00011493994679767638,0.0,0.0,0.006372320465743542,0.0,0.0,0.0001570778840687126,0.0,0.0,0.09408684819936752,0.0,0.0,0.039811767637729645,279.1501159667969,129.72926330566406,0.7885960936546326,0.0,0.0,0.4933127760887146,198.33517456054688,99.36561584472656,0.92142653465271,222.8282470703125,73.35513305664062,0.7986370921134949,0.0,0.0,0.42693233489990234,0.0,0.0,0.34994882345199585,0.0,0.0,0.020803464576601982,0.0,0.0,0.016624361276626587,0.0,0.0,0.0007051077554933727,0.0,0.0,0.0007306506158784032
965,True,0.0,0.0,0.004012811928987503,0.0,0.0,0.0014752054121345282,0.0,0.0,0.00011230678501306102,0.0,0.0,0.0073517425917088985,0.0,0.0,0.00015861140855122358,0.0,0.0,0.10197629779577255,0.0,0.0,0.040066078305244446,278.0594482421875,125.52195739746094,0.797023355960846,0.0,0.0,0.469961941242218,196.18048095703125,98.82451629638672,0.9186791181564331,222.04998779296875,74.01813507080078,0.7763464450836182,0.0,0.0,0.4286049008369446,0.0,0.0,0.34217965602874756,0.0,0.0,0.020774077624082565,0.0,0.0,0.01585918292403221,0.0,0.0,0.0007106917328201234,0.0,0.0,0.0007162869442254305
966,True,0.0,0.0,0.003910474944859743,0.0,0.0,0.0014228466898202896,0.0,0.0,0.00010859939357033,0.0,0.0,0.007005948107689619,0.0,0.0,0.00015057643759064376,0.0,0.0,0.1001296266913414,0.0,0.0,0.0400281697511673,277.8608093261719,127.8253173828125,0.8005903363227844,0.0,0.0,0.48306363821029663,196.00961303710938,98.05795288085938,0.9213553667068481,222.61026000976562,74.35322570800781,0.7851009368896484,0.0,0.0,0.4326254725456238,0.0,0.0,0.3482982814311981,0.0,0.0,0.02076639048755169,0.0,0.0,0.015908630564808846,0.0,0.0,0.0006992758717387915,0.0,0.0,0.000705568992998451
967,True,0.0,0.0,0.0033959071151912212,0.0,0.0,0.0012611888814717531,0.0,0.0,9.065929043572396e-05,0.0,0.0,0.006777219008654356,0.0,0.0,0.0001299454306717962,0.0,0.0,0.09538035839796066,0.0,0.0,0.036115437746047974,277.65557861328125,125.8419189453125,0.8125479817390442,0.0,0.0,0.4811181128025055,197.26422119140625,99.14341735839844,0.9266988039016724,224.34085083007812,74.89208984375,0.7837151288986206,0.0,0.0,0.47026073932647705,0.0,0.0,0.37498241662979126,0.0,0.0,0.022952381521463394,0.0,0.0,0.016836024820804596,0.0,0.0,0.0007624661084264517,0.0,0.0,0.0007446858217008412
968,True,0.0,0.0,0.008725379593670368,0.0,0.0,0.0028102812357246876,0.0,0.0,0.00027332501485943794,0.0,0.0,0.006610111333429813,0.0,0.0,0.00024110425147227943,0.0,0.0,0.09072450548410416,0.0,0.0,0.062370508909225464,279.2819519042969,117.04452514648438,0.7697733640670776,278.42352294921875,65.11582946777344,0.5883160829544067,193.04043579101562,94.70813751220703,0.9365653395652771,224.44894409179688,69.45098876953125,0.8694810271263123,0.0,0.0,0.3954560458660126,0.0,0.0,0.3538975417613983,0.0,0.0,0.011980995535850525,0.0,0.0,0.011006846092641354,0.0,0.0,0.0002839523658622056,0.0,0.0,0.0003309320018161088
969,True,0.0,0.0,0.007601829245686531,0.0,0.0,0.0023911348544061184,0.0,0.0,0.0002494098444003612,0.0,0.0,0.0055197360925376415,0.0,0.0,0.00022529256239067763,0.0,0.0,0.07429273426532745,0.0,0.0,0.056807614862918854,279.76666259765625,119.41197967529297,0.7304290533065796,277.46099853515625,67.01374816894531,0.5798537731170654,192.78726196289062,94.13459777832031,0.9265948534011841,223.13156127929688,70.67037963867188,0.8674483299255371,0.0,0.0,0.3635292053222656,0.0,0.0,0.33803415298461914,0.0,0.0,0.011331764049828053,0.0,0.0,0.011161867529153824,0.0,0.0,0.00028425114578567445,0.0,0.0,0.0003473290998954326
970,True,0.0,0.0,0.009425215423107147,0.0,0.0,0.00325506622903049,0.0,0.0,0.00028339039999991655,0.0,0.0,0.007845834828913212,0.0,0.0,0.00023880772641859949,0.0,0.0,0.09524548798799515,0.0,0.0,0.06638713926076889,276.9980163574219,117.88752746582031,0.7727020978927612,276.8378601074219,65.2193374633789,0.5996960401535034,192.15948486328125,93.57093811035156,0.93393874168396,223.28323364257812,69.25785827636719,0.8672577738761902,0.0,0.0,0.4206642210483551,0.0,0.0,0.3822755813598633,0.0,0.0,0.012802410870790482,0.0,0.0,0.01198126096278429,0.0,0.0,0.00029445841209962964,0.0,0.0,0.0003498460864648223
971,True,0.0,0.0,0.008124036714434624,0.0,0.0,0.0030066005419939756,0.0,0.0,0.00022456105216406286,0.0,0.0,0.008009484969079494,0.0,0.0,0.00018700565851759166,0.0,0.0,0.09384242445230484,0.0,0.0,0.05711608752608299,277.6606750488281,121.0823745727539,0.7891150116920471,277.2359924316406,66.56208038330078,0.5700162053108215,191.890869140625,93.60758209228516,0.9398665428161621,223.09996032714844,69.79289245605469,0.8567877411842346,0.0,0.0,0.4469705820083618,0.0,0.0,0.39046043157577515,0.0,0.0,0.01552627794444561,0.0,0.0,0.013243542052805424,0.0,0.0,0.00036255273153074086,0.0,0.0,0.00040513870771974325
972,True,0.0,0.0,0.002382079605013132,0.0,0.0,0.0009060148731805384,0.0,0.0,6.331143231363967e-05,0.0,0.0,0.005924213211983442,0.0,0.0,0.00010538926289882511,0.0,0.0,0.0812017098069191,0.0,0.0,0.03179100528359413,275.23040771484375,122.94701385498047,0.8044906258583069,0.0,0.0,0.48066291213035583,195.7812042236328,98.83106994628906,0.9198585748672485,224.6754150390625,74.4212417602539,0.7768632769584656,282.4468688964844,186.421142578125,0.5307448506355286,0.0,0.0,0.43544384837150574,0.0,0.0,0.024493539705872536,0.0,0.0,0.01844039373099804,0.0,0.0,0.000738512200769037,0.0,0.0,0.0007359590963460505
973,True,0.0,0.0,0.0028522969223558903,0.0,0.0,0.0010960851795971394,0.0,0.0,7.846332300687209e-05,0.0,0.0,0.006579095497727394,0.0,0.0,0.00011531265045050532,0.0,0.0,0.08202052861452103,0.0,0.0,0.035980675369501114,275.6519775390625,121.82222747802734,0.7978944182395935,279.21356201171875,68.81816864013672,0.5023490786552429,196.3022918701172,98.91987609863281,0.9163821339607239,222.93301391601562,74.79303741455078,0.7833009958267212,281.9725341796875,187.0450897216797,0.5431076884269714,0.0,0.0,0.4597226679325104,0.0,0.0,0.024305198341608047,0.0,0.0,0.019107969477772713,0.0,0.0,0.0007452043937519193,0.0,0.0,0.0007669728947803378
974,True,0.0,0.0,0.0034577897749841213,0.0,0.0,0.0013184412382543087,0.0,0.0,9.7615658887662e-05,0.0,0.0,0.007176617160439491,0.0,0.0,0.00012767892621923238,0.0,0.0,0.08575955033302307,0.0,0.0,0.0411100871860981,277.2611083984375,123.03677368164062,0.7996475100517273,280.26983642578125,69.3953628540039,0.5368059873580933,197.6072998046875,99.1463623046875,0.9183030128479004,224.55838012695312,74.92317199707031,0.8004075288772583,282.2093200683594,187.95404052734375,0.5575873851776123,0.0,0.0,0.48479294776916504,0.0,0.0,0.02367263101041317,0.0,0.0,0.01949286460876465,0.0,0.0,0.0007048313855193555,0.0,0.0,0.0007512018783017993
975,True,0.0,0.0,0.0028294441290199757,0.0,0.0,0.0010650063632056117,0.0,0.0,8.134677773341537e-05,0.0,0.0,0.005927283316850662,0.0,0.0,0.00011558588448679075,0.0,0.0,0.06863997131586075,0.0,0.0,0.033445727080106735,277.1177978515625,121.05661010742188,0.7582352757453918,0.0,0.0,0.49586766958236694,197.88992309570312,99.62327575683594,0.9036623239517212,223.45411682128906,76.76486206054688,0.7852230072021484,0.0,0.0,0.48637279868125916,0.0,0.0,0.42201265692710876,0.0,0.0,0.01979917474091053,0.0,0.0,0.017111964523792267,0.0,0.0,0.0006471641827374697,0.0,0.0,0.0007143288385123014
976,True,0.0,0.0,0.0062717655673623085,0.0,0.0,0.0021834373474121094,0.0,0.0,0.00018209571135230362,0.0,0.0,0.005892929155379534,0.0,0.0,0.00016018723545130342,0.0,0.0,0.07378795742988586,0.0,0.0,0.05049089342355728,276.81884765625,118.34253692626953,0.7777850031852722,276.00543212890625,66.20059204101562,0.5980732440948486,191.8791046142578,94.29287719726562,0.9393889307975769,225.27699279785156,69.64697265625,0.8714308738708496,0.0,0.0,0.45162785053253174,0.0,0.0,0.40581247210502625,0.0,0.0,0.01379068847745657,0.0,0.0,0.012493240647017956,0.0,0.0,0.00031912021222524345,0.0,0.0,0.0003687671269290149
977,True,0.0,0.0,0.006911059841513634,0.0,0.0,0.0026562686543911695,0.0,0.0,0.0001824013888835907,0.0,0.0,0.007592133246362209,0.0,0.0,0.00016627008153591305,0.0,0.0,0.095963254570961,0.0,0.0,0.04705270379781723,275.73828125,117.4412841796875,0.8136645555496216,276.0852966308594,65.4512939453125,0.5238886475563049,190.28485107421875,94.45620727539062,0.9450182914733887,221.14132690429688,71.59174346923828,0.8392553329467773,0.0,0.0,0.466698557138443,0.0,0.0,0.3790917694568634,0.0,0.0,0.01634863018989563,0.0,0.0,0.012350738048553467,0.0,0.0,0.00038670157664455473,0.0,0.0,0.0003955586289521307
978,True,0.0,0.0,0.0026046540588140488,0.0,0.0,0.0009820838458836079,0.0,0.0,6.632899021496996e-05,0.0,0.0,0.004593963734805584,0.0,0.0,9.566235530655831e-05,0.0,0.0,0.07151203602552414,0.0,0.0,0.02798430621623993,272.6500244140625,124.00179290771484,0.8213372230529785,0.0,0.0,0.4920753240585327,189.99826049804688,97.21211242675781,0.944023609161377,221.78314208984375,73.51927947998047,0.8245512247085571,0.0,0.0,0.4800129234790802,0.0,0.0,0.3753756284713745,0.0,0.0,0.020267903804779053,0.0,0.0,0.014462708495557308,0.0,0.0,0.0005526253371499479,0.0,0.0,0.000535598024725914
979,True,0.0,0.0,0.0029550858307629824,0.0,0.0,0.0011234232224524021,0.0,0.0,7.301763980649412e-05,0.0,0.0,0.005133772734552622,0.0,0.0,0.00010121242667082697,0.0,0.0,0.08194892853498459,0.0,0.0,0.03175815939903259,273.7256774902344,126.714111328125,0.8319976329803467,278.85980224609375,68.76629638671875,0.5155101418495178,189.8847198486328,96.42045593261719,0.948169469833374,221.27610778808594,73.0621109008789,0.8377959728240967,0.0,0.0,0.4918534755706787,0.0,0.0,0.3890100419521332,0.0,0.0,0.021975088864564896,0.0,0.0,0.015990490093827248,0.0,0.0,0.0005659177550114691,0.0,0.0,0.0005574811366386712
980,True,0.0,0.0,0.0041376324370503426,0.0,0.0,0.0016267262399196625,0.0,0.0,0.000104477112472523,0.0,0.0,0.006758896633982658,0.0,0.0,0.0001216895179823041,0.0,0.0,0.10272156447172165,0.0,0.0,0.04087312892079353,274.3053894042969,123.50928497314453,0.8516722321510315,277.297607421875,68.05780029296875,0.5416227579116821,189.28811645507812,96.51023864746094,0.949977695941925,219.75018310546875,72.07467651367188,0.8389973640441895,285.5895690917969,187.4232177734375,0.5704934597015381,0.0,0.0,0.46212542057037354,0.0,0.0,0.026117319241166115,0.0,0.0,0.018805162981152534,0.0,0.0,0.0006381383864209056,0.0,0.0,0.0006266941782087088
981,True,0.0,0.0,0.0033124794717878103,0.0,0.0,0.0013102481607347727,0.0,0.0,8.157952106557786e-05,0.0,0.0,0.005949610378593206,0.0,0.0,0.00010992319585056975,0.0,0.0,0.08326756954193115,0.0,0.0,0.03383329510688782,272.98211669921875,124.19473266601562,0.8192514181137085,0.0,0.0,0.4888829290866852,189.09732055664062,97.57970428466797,0.9442740678787231,218.83099365234375,73.84028625488281,0.8250693678855896,0.0,0.0,0.47056204080581665,0.0,0.0,0.3713831901550293,0.0,0.0,0.023236636072397232,0.0,0.0,0.016643354669213295,0.0,0.0,0.0006701403763145208,0.0,0.0,0.0006525680073536932
982,True,0.0,0.0,0.0035038164351135492,0.0,0.0,0.001437296043150127,0.0,0.0,8.200271986424923e-05,0.0,0.0,0.005671252496540546,0.0,0.0,8.931756019592285e-05,0.0,0.0,0.07520651072263718,0.0,0.0,0.029404576867818832,273.30413818359375,127.69717407226562,0.81638103723526,0.0,0.0,0.4834444522857666,189.28610229492188,97.7948989868164,0.945858895778656,217.84068298339844,74.22996520996094,0.8260663747787476,0.0,0.0,0.450874000787735,0.0,0.0,0.3552986979484558,0.0,0.0,0.022646723315119743,0.0,0.0,0.016095556318759918,0.0,0.0,0.0006952387047931552,0.0,0.0,0.0006751730106770992
983,True,0.0,0.0,0.0032520045060664415,0.0,0.0,0.0012944629415869713,0.0,0.0,7.947147241793573e-05,0.0,0.0,0.005154096987098455,0.0,0.0,9.085591591428965e-05,0.0,0.0,0.0723547413945198,0.0,0.0,0.026586763560771942,273.3296813964844,126.2680435180664,0.8172746896743774,0.0,0.0,0.4622529447078705,188.33851623535156,99.54804992675781,0.9450306296348572,216.37942504882812,75.74398803710938,0.8174428343772888,0.0,0.0,0.43853211402893066,0.0,0.0,0.33397361636161804,0.0,0.0,0.018984580412507057,0.0,0.0,0.013277215883135796,0.0,0.0,0.0005462822155095637,0.0,0.0,0.0005230926908552647
984,True,0.0,0.0,0.003543213941156864,0.0,0.0,0.0013331236550584435,0.0,0.0,9.291058813687414e-05,0.0,0.0,0.005196817684918642,0.0,0.0,0.00010767352796392515,0.0,0.0,0.07015153765678406,0.0,0.0,0.03327266871929169,272.91204833984375,125.71165466308594,0.7960340976715088,276.407958984375,69.34234619140625,0.5142583847045898,187.33477783203125,99.93708038330078,0.9386701583862305,216.39910888671875,76.82728576660156,0.8384801149368286,0.0,0.0,0.4497484862804413,0.0,0.0,0.3724840581417084,0.0,0.0,0.017572378739714622,0.0,0.0,0.014052682556211948,0.0,0.0,0.00047605278086848557,0.0,0.0,0.0005015726783312857
985,True,0.0,0.0,0.0035641209688037634,0.0,0.0,0.0013202066766098142,0.0,0.0,9.325347491540015e-05,0.0,0.0,0.005473010241985321,0.0,0.0,0.00011565579916350543,0.0,0.0,0.07424001395702362,0.0,0.0,0.03596850484609604,271.52392578125,125.66484069824219,0.7900295257568359,275.3553466796875,72.19554138183594,0.5140604972839355,186.6458282470703,99.89602661132812,0.9344872832298279,214.62367248535156,77.32218170166016,0.8359164595603943,0.0,0.0,0.4307621121406555,0.0,0.0,0.35751593112945557,0.0,0.0,0.016405178233981133,0.0,0.0,0.013523711822926998,0.0,0.0,0.0004400547477416694,0.0,0.0,0.0004739834985230118
986,True,0.0,0.0,0.005098434630781412,0.0,0.0,0.001830040942877531,0.0,0.0,0.0001177043013740331,0.0,0.0,0.005597282666712999,0.0,0.0,0.00011479207023512572,0.0,0.0,0.08806876093149185,0.0,0.0,0.04076411947607994,273.8699645996094,129.94908142089844,0.8343965411186218,274.5100402832031,71.92123413085938,0.5418629050254822,188.24554443359375,98.6961441040039,0.9596344232559204,213.53347778320312,76.59019470214844,0.8714174628257751,0.0,0.0,0.42314496636390686,0.0,0.0,0.3335866630077362,0.0,0.0,0.015273049473762512,0.0,0.0,0.011137006804347038,0.0,0.0,0.00035548367304727435,0.0,0.0,0.0003542417543940246
987,True,0.0,0.0,0.004297440871596336,0.0,0.0,0.0015209029661491513,0.0,0.0,0.00010505514364922419,0.0,0.0,0.004739424679428339,0.0,0.0,0.00011047624138882384,0.0,0.0,0.0661725401878357,0.0,0.0,0.03622867912054062,271.83111572265625,126.58039093017578,0.7931874990463257,274.10479736328125,69.6025619506836,0.5380565524101257,186.00230407714844,99.65572357177734,0.9506505727767944,211.60333251953125,77.76738739013672,0.8697630167007446,0.0,0.0,0.373644083738327,0.0,0.0,0.31138500571250916,0.0,0.0,0.013091333210468292,0.0,0.0,0.010442711412906647,0.0,0.0,0.0003422164299990982,0.0,0.0,0.0003634677268564701
988,True,0.0,0.0,0.006821111775934696,0.0,0.0,0.002733146771788597,0.0,0.0,0.0001478379126638174,0.0,0.0,0.007526610977947712,0.0,0.0,0.00010870009282371029,0.0,0.0,0.0883263349533081,0.0,0.0,0.04707622900605202,274.0627746582031,131.5980987548828,0.8271523118019104,271.92950439453125,70.49292755126953,0.5810351967811584,186.44619750976562,102.05140686035156,0.9601555466651917,209.3950958251953,78.92942810058594,0.8851277828216553,0.0,0.0,0.4346957504749298,0.0,0.0,0.3672003448009491,0.0,0.0,0.01697811298072338,0.0,0.0,0.01320076547563076,0.0,0.0,0.00042631939868442714,0.0,0.0,0.0004512785526458174
989,True,0.0,0.0,0.006491888780146837,0.0,0.0,0.0024697785265743732,0.0,0.0,0.00015571308904327452,0.0,0.0,0.007709726691246033,0.0,0.0,0.00013272590877022594,0.0,0.0,0.08385513722896576,0.0,0.0,0.050751931965351105,274.26092529296875,135.5389862060547,0.7812291979789734,274.1369934082031,73.01805114746094,0.5715717077255249,187.86656188964844,106.19224548339844,0.939509391784668,208.82740783691406,84.06318664550781,0.863743782043457,0.0,0.0,0.40726539492607117,0.0,0.0,0.3673383891582489,0.0,0.0,0.015466478653252125,0.0,0.0,0.013846923597157001,0.0,0.0,0.0004729704814963043,0.0,0.0,0.0005439218366518617
990,True,0.0,0.0,0.00918104499578476,0.0,0.0,0.004155716858804226,0.0,0.0,0.00019701794371940196,0.0,0.0,0.01202042493969202,0.0,0.0,0.00012753861665260047,0.0,0.0,0.1185041293501854,0.0,0.0,0.051474008709192276,273.2510070800781,137.23568725585938,0.8358699679374695,272.2249450683594,73.90602111816406,0.5391620993614197,185.781982421875,108.89498901367188,0.9522006511688232,206.57858276367188,81.17679595947266,0.8495191335678101,0.0,0.0,0.44182518124580383,0.0,0.0,0.36237025260925293,0.0,0.0,0.021657252684235573,0.0,0.0,0.016241081058979034,0.0,0.0,0.0007351499516516924,0.0,0.0,0.0007523882668465376
991,True,0.0,0.0,0.021262826398015022,0.0,0.0,0.013970534317195415,0.0,0.0,0.00041697375127114356,0.0,0.0,0.03422199562191963,0.0,0.0,0.00016593147302046418,0.0,0.0,0.13597606122493744,0.0,0.0,0.06327827274799347,273.22918701171875,132.90524291992188,0.8001608848571777,0.0,0.0,0.4705936312675476,187.7438201904297,113.21419525146484,0.9437220096588135,203.07568359375,90.29336547851562,0.8242732882499695,0.0,0.0,0.37226179242134094,0.0,0.0,0.3042276203632355,0.0,0.0,0.015275237150490284,0.0,0.0,0.011978144757449627,0.0,0.0,0.0005560661084018648,0.0,0.0,0.0005991443176753819
992,True,0.0,0.0,0.07994946837425232,0.0,0.0,0.08750605583190918,0.0,0.0,0.0014803755329921842,0.0,0.0,0.15265178680419922,0.0,0.0,0.00026984757278114557,0.0,0.0,0.31192564964294434,0.0,0.0,0.08078499138355255,275.0948791503906,140.38946533203125,0.852503776550293,0.0,0.0,0.3066942095756531,193.03273010253906,115.86039733886719,0.9418443441390991,197.82467651367188,101.45504760742188,0.6755162477493286,0.0,0.0,0.42740482091903687,0.0,0.0,0.2756005525588989,0.0,0.0,0.024219421669840813,0.0,0.0,0.01331768836826086,0.0,0.0,0.0010090210707858205,0.0,0.0,0.0008620576118119061
993,True,0.0,0.0,0.15683646500110626,0.0,0.0,0.21086165308952332,0.0,0.0,0.002415970666334033,0.0,0.0,0.26797452569007874,0.0,0.0,0.000253581500146538,0.0,0.0,0.3763159215450287,0.0,0.0,0.08565320819616318,273.66278076171875,139.2421417236328,0.8662350177764893,0.0,0.0,0.23310494422912598,196.0510711669922,118.71186828613281,0.9527022242546082,197.3285369873047,112.75474548339844,0.6240915060043335,0.0,0.0,0.43256649374961853,0.0,0.0,0.24858228862285614,0.0,0.0,0.02957984060049057,0.0,0.0,0.013322865590453148,0.0,0.0,0.0013148885918781161,0.0,0.0,0.0009995787404477596
994,True,0.0,0.0,0.002870983676984906,0.0,0.0,0.0011134996311739087,0.0,0.0,6.463780300691724e-05,0.0,0.0,0.003937753848731518,0.0,0.0,6.286479765549302e-05,0.0,0.0,0.06928138434886932,0.0,0.0,0.020207282155752182,281.5045471191406,128.03335571289062,0.8600156307220459,0.0,0.0,0.43738842010498047,200.979736328125,121.06050872802734,0.9667661786079407,199.2045135498047,96.46824645996094,0.8572776913642883,0.0,0.0,0.4278073012828827,0.0,0.0,0.29005101323127747,0.0,0.0,0.011780129745602608,0.0,0.0,0.006896025501191616,0.0,0.0,0.00032411928987130523,0.0,0.0,0.00027337740175426006
995,True,0.0,0.0,0.002671864815056324,0.0,0.0,0.0009892582893371582,0.0,0.0,7.717914559179917e-05,0.0,0.0,0.0048914458602666855,0.0,0.0,9.451234654989094e-05,0.0,0.0,0.06634240597486496,0.0,0.0,0.0285202544182539,276.89862060546875,122.95796966552734,0.8163384199142456,0.0,0.0,0.49143439531326294,203.12368774414062,126.30699157714844,0.9331870675086975,199.71932983398438,96.43502807617188,0.8159596920013428,289.52734375,191.71165466308594,0.5103806853294373,0.0,0.0,0.41185691952705383,0.0,0.0,0.01869533397257328,0.0,0.0,0.013014204800128937,0.0,0.0,0.0006257775239646435,0.0,0.0,0.0005987287149764597
996,True,0.0,0.0,0.0033476350363343954,0.0,0.0,0.0015018157428130507,0.0,0.0,6.750599277438596e-05,0.0,0.0,0.005771708209067583,0.0,0.0,5.3101197408977896e-05,0.0,0.0,0.08762600272893906,0.0,0.0,0.01777101494371891,280.2068176269531,131.0995330810547,0.9033724069595337,0.0,0.0,0.39721086621284485,204.1333770751953,126.10404205322266,0.9752238988876343,201.031494140625,97.39105987548828,0.8286809325218201,0.0,0.0,0.4781397581100464,0.0,0.0,0.28547191619873047,0.0,0.0,0.015217555686831474,0.0,0.0,0.006787674967199564,0.0,0.0,0.0004187098238617182,0.0,0.0,0.00029544290737248957
997,True,0.0,0.0,0.006265687756240368,0.0,0.0,0.002531301463022828,0.0,0.0,0.00011887840082636103,0.0,0.0,0.006877254694700241,0.0,0.0,7.061711221467704e-05,0.0,0.0,0.1394466757774353,0.0,0.0,0.029374217614531517,283.0304870605469,135.7366485595703,0.9320368766784668,0.0,0.0,0.48478326201438904,205.80657958984375,127.15088653564453,0.9857752323150635,200.23947143554688,97.11365509033203,0.8883361220359802,0.0,0.0,0.4594082832336426,0.0,0.0,0.26303496956825256,0.0,0.0,0.01338840089738369,0.0,0.0,0.005796510726213455,0.0,0.0,0.0003062509640585631,0.0,0.0,0.0002113304944941774
998,True,0.0,0.0,0.0036221330519765615,0.0,0.0,0.0012485458282753825,0.0,0.0,8.716238517081365e-05,0.0,0.0,0.004183000884950161,0.0,0.0,6.857820699224249e-05,0.0,0.0,0.08283348381519318,0.0,0.0,0.02997714653611183,282.04583740234375,137.93545532226562,0.878067672252655,265.1575012207031,68.9705581665039,0.5575293898582458,205.43185424804688,127.83035278320312,0.9714213609695435,201.0919647216797,96.7168197631836,0.8908960819244385,0.0,0.0,0.45554500818252563,0.0,0.0,0.33331596851348877,0.0,0.0,0.013795526698231697,0.0,0.0,0.008661220781505108,0.0,0.0,0.00038303007022477686,0.0,0.0,0.0003405583556741476
999,True,0.0,0.0,0.003221060149371624,0.0,0.0,0.001030300511047244,0.0,0.0,7.458047912223265e-05,0.0,0.0,0.0036780477967113256,0.0,0.0,6.255706102820113e-05,0.0,0.0,0.08306973427534103,0.0,0.0,0.03456609696149826,280.5090637207031,137.1063995361328,0.8994327187538147,261.7095947265625,72.12548065185547,0.6345520615577698,203.5834197998047,127.26937866210938,0.9761541485786438,199.18429565429688,95.35847473144531,0.913681149482727,289.0442199707031,201.28192138671875,0.504973292350769,0.0,0.0,0.3879620134830475,0.0,0.0,0.014090807177126408,0.0,0.0,0.008846748620271683,0.0,0.0,0.00034185967524535954,0.0,0.0,0.000305035850033164
1000,True,0.0,0.0,0.005864838138222694,0.0,0.0,0.002115473849698901,0.0,0.0,0.00011461599206086248,0.0,0.0,0.005928348284214735,0.0,0.0,7.62601921451278e-05,0.0,0.0,0.12391899526119232,0.0,0.0,0.037820540368556976,278.68988037109375,132.0413818359375,0.9267702102661133,261.6224670410156,72.25180053710938,0.5938286781311035,202.4989776611328,126.63191986083984,0.9839025139808655,198.65333557128906,93.5109634399414,0.9132805466651917,0.0,0.0,0.4647558033466339,0.0,0.0,0.3082897961139679,0.0,0.0,0.010441627353429794,0.0,0.0,0.005425725597888231,0.0,0.0,0.00021232278959359974,0.0,0.0,0.00016847482766024768
1001,True,0.0,0.0,0.006739398464560509,0.0,0.0,0.0023835895117372274,0.0,0.0,0.00013722530275117606,0.0,0.0,0.00668254354968667,0.0,0.0,9.145569492829964e-05,0.0,0.0,0.14261306822299957,0.0,0.0,0.04786659777164459,280.36590576171875,137.87954711914062,0.9260993599891663,259.53582763671875,70.50572204589844,0.6215683221817017,203.28591918945312,126.6285400390625,0.9838406443595886,199.8708038330078,89.40518188476562,0.918247401714325,0.0,0.0,0.4959651529788971,0.0,0.0,0.343747079372406,0.0,0.0,0.012131811119616032,0.0,0.0,0.006563798990100622,0.0,0.0,0.00023827279801480472,0.0,0.0,0.00019297086691949517
1002,True,0.0,0.0,0.002725103171542287,0.0,0.0,0.0010547507554292679,0.0,0.0,5.1886461733374745e-05,0.0,0.0,0.0044747646898031235,0.0,0.0,5.50229633518029e-05,0.0,0.0,0.097985178232193,0.0,0.0,0.022436410188674927,278.9769287109375,139.46270751953125,0.8965866565704346,0.0,0.0,0.46861469745635986,202.73330688476562,125.77192687988281,0.9745398163795471,202.30963134765625,87.87835693359375,0.8696213960647583,0.0,0.0,0.43815088272094727,0.0,0.0,0.28002697229385376,0.0,0.0,0.012211025692522526,0.0,0.0,0.006495690904557705,0.0,0.0,0.00033015903318300843,0.0,0.0,0.0002609162766020745
1003,True,0.0,0.0,0.0050409757532179356,0.0,0.0,0.002222830429673195,0.0,0.0,9.138691530097276e-05,0.0,0.0,0.0079185850918293,0.0,0.0,6.559849862242118e-05,0.0,0.0,0.11578729748725891,0.0,0.0,0.034184444695711136,277.21307373046875,141.5167236328125,0.8969138264656067,262.05535888671875,69.88937377929688,0.5480304956436157,204.03533935546875,127.01010131835938,0.9752241373062134,203.41598510742188,86.49961853027344,0.8890982270240784,0.0,0.0,0.4501763582229614,0.0,0.0,0.31532901525497437,0.0,0.0,0.014064195565879345,0.0,0.0,0.008267663419246674,0.0,0.0,0.00037987568066455424,0.0,0.0,0.0003275109047535807
1004,True,0.0,0.0,0.0048813596367836,0.0,0.0,0.0025025964714586735,0.0,0.0,9.376529487781227e-05,0.0,0.0,0.008802480064332485,0.0,0.0,6.757368100807071e-05,0.0,0.0,0.11606170982122421,0.0,0.0,0.02566489949822426,278.80963134765625,139.50125122070312,0.8903964161872864,0.0,0.0,0.4417891800403595,204.04278564453125,125.98455047607422,0.9712463617324829,202.27914428710938,85.68876647949219,0.850906491279602,0.0,0.0,0.4482945501804352,0.0,0.0,0.28884392976760864,0.0,0.0,0.012652946636080742,0.0,0.0,0.006770703475922346,0.0,0.0,0.00037803142913617194,0.0,0.0,0.00030317739583551884
1005,True,0.0,0.0,0.0033695141319185495,0.0,0.0,0.0013288352638483047,0.0,0.0,6.838823173893616e-05,0.0,0.0,0.004759035538882017,0.0,0.0,5.087794124847278e-05,0.0,0.0,0.07982441782951355,0.0,0.0,0.025592906400561333,279.6241149902344,139.07070922851562,0.892134428024292,262.4084777832031,68.5069808959961,0.5494286417961121,203.95375061035156,128.73512268066406,0.9763379693031311,203.21768188476562,88.68339538574219,0.8943448662757874,0.0,0.0,0.44898808002471924,0.0,0.0,0.31702977418899536,0.0,0.0,0.013534159399569035,0.0,0.0,0.007769264746457338,0.0,0.0,0.0003855806717183441,0.0,0.0,0.00032294593984261155
1006,True,0.0,0.0,0.00262827193364501,0.0,0.0,0.001008208142593503,0.0,0.0,5.158910062164068e-05,0.0,0.0,0.004563175607472658,0.0,0.0,5.002646867069416e-05,0.0,0.0,0.091530442237854,0.0,0.0,0.024244334548711777,276.69219970703125,134.5618896484375,0.9143794775009155,262.5087890625,70.60633087158203,0.5202595591545105,202.44866943359375,127.44698333740234,0.9786686897277832,199.88742065429688,93.08629608154297,0.8805094361305237,287.4272155761719,201.29254150390625,0.5065752863883972,0.0,0.0,0.3369479775428772,0.0,0.0,0.017108019441366196,0.0,0.0,0.008467786014080048,0.0,0.0,0.00045234750723466277,0.0,0.0,0.00034133638837374747
1007,True,0.0,0.0,0.005570624954998493,0.0,0.0,0.0021504200994968414,0.0,0.0,0.00012417574180290103,0.0,0.0,0.0064010522328317165,0.0,0.0,7.769516378175467e-05,0.0,0.0,0.09476201236248016,0.0,0.0,0.0340692512691021,281.0364990234375,132.92820739746094,0.8935611248016357,261.8198547363281,75.60367584228516,0.5501270294189453,203.3881378173828,126.81298828125,0.9734668135643005,194.74578857421875,98.80221557617188,0.8793724179267883,0.0,0.0,0.4654919505119324,0.0,0.0,0.33440637588500977,0.0,0.0,0.013629589229822159,0.0,0.0,0.007512486074119806,0.0,0.0,0.00039408731390722096,0.0,0.0,0.00032162017305381596
1008,True,0.0,0.0,0.003080405993387103,0.0,0.0,0.0010969960130751133,0.0,0.0,6.780296098440886e-05,0.0,0.0,0.004332893993705511,0.0,0.0,6.441646837629378e-05,0.0,0.0,0.08259861171245575,0.0,0.0,0.02696583792567253,276.8580017089844,129.7766571044922,0.901748538017273,262.5605773925781,73.80134582519531,0.5386910438537598,201.397705078125,126.2850112915039,0.9750774502754211,197.29379272460938,99.862548828125,0.8799245953559875,0.0,0.0,0.48385345935821533,0.0,0.0,0.33671823143959045,0.0,0.0,0.014376153238117695,0.0,0.0,0.007496128790080547,0.0,0.0,0.00038720251177437603,0.0,0.0,0.0003026878694072366
1009,True,0.0,0.0,0.003004777245223522,0.0,0.0,0.0009586127707734704,0.0,0.0,7.592611655127257e-05,0.0,0.0,0.0036114531103521585,0.0,0.0,7.643492426723242e-05,0.0,0.0,0.06772416085004807,0.0,0.0,0.0327424556016922,276.15509033203125,126.44214630126953,0.8763258457183838,261.7016296386719,73.80091094970703,0.6108823418617249,201.6328582763672,126.22697448730469,0.9692509174346924,197.33102416992188,99.80286407470703,0.9002206325531006,0.0,0.0,0.4698493778705597,0.0,0.0,0.3688003122806549,0.0,0.0,0.011827590875327587,0.0,0.0,0.007552103605121374,0.0,0.0,0.0003155632293783128,0.0,0.0,0.00028424651827663183
1010,True,0.0,0.0,0.004066628869622946,0.0,0.0,0.0015169400721788406,0.0,0.0,8.93979158718139e-05,0.0,0.0,0.005331062246114016,0.0,0.0,7.156702486099675e-05,0.0,0.0,0.09068679809570312,0.0,0.0,0.031013723462820053,277.2852478027344,132.1554412841797,0.8987226486206055,260.44500732421875,74.93426513671875,0.5512328147888184,202.4468994140625,126.1615982055664,0.9741189479827881,196.1182403564453,99.57655334472656,0.8816383481025696,0.0,0.0,0.4739314913749695,0.0,0.0,0.33568692207336426,0.0,0.0,0.013700511306524277,0.0,0.0,0.007406462449580431,0.0,0.0,0.0003820279671344906,0.0,0.0,0.0003071793762501329
1011,True,0.0,0.0,0.0023668422363698483,0.0,0.0,0.0007766799535602331,0.0,0.0,5.253326162346639e-05,0.0,0.0,0.003571450710296631,0.0,0.0,6.408994522644207e-05,0.0,0.0,0.08396320044994354,0.0,0.0,0.02357492595911026,275.19635009765625,128.41717529296875,0.9084730744361877,263.7140197753906,71.99981689453125,0.5124872922897339,202.48983764648438,126.95426177978516,0.9757663607597351,197.3756561279297,99.01298522949219,0.8735170364379883,0.0,0.0,0.4650653004646301,0.0,0.0,0.3019247353076935,0.0,0.0,0.012093297205865383,0.0,0.0,0.006042769178748131,0.0,0.0,0.0003064563206862658,0.0,0.0,0.00023199942370411009
1012,True,0.0,0.0,0.0023813657462596893,0.0,0.0,0.0008192354580387473,0.0,0.0,4.900967905996367e-05,0.0,0.0,0.003967477008700371,0.0,0.0,5.92628275626339e-05,0.0,0.0,0.09988906979560852,0.0,0.0,0.022518141195178032,275.8533935546875,131.00709533691406,0.9196819067001343,0.0,0.0,0.4660691022872925,201.49078369140625,126.33985900878906,0.9782741665840149,191.6206512451172,98.35725402832031,0.8600095510482788,0.0,0.0,0.4649623930454254,0.0,0.0,0.2779049575328827,0.0,0.0,0.014473090879619122,0.0,0.0,0.006502646021544933,0.0,0.0,0.00036876642843708396,0.0,0.0,0.0002589240903034806
1013,True,0.0,0.0,0.0022739279083907604,0.0,0.0,0.0008016293868422508,0.0,0.0,4.422055644681677e-05,0.0,0.0,0.004046962596476078,0.0,0.0,5.0717942940536886e-05,0.0,0.0,0.09487786889076233,0.0,0.0,0.021930614486336708,274.7584228515625,126.36761474609375,0.9250991940498352,0.0,0.0,0.4834868013858795,201.66233825683594,126.5268325805664,0.979760468006134,190.01773071289062,97.66880798339844,0.8675358295440674,0.0,0.0,0.49206119775772095,0.0,0.0,0.3001977801322937,0.0,0.0,0.014280879870057106,0.0,0.0,0.006378074176609516,0.0,0.0,0.0003498981532175094,0.0,0.0,0.000246089679421857
1014,True,0.0,0.0,0.0023941760882735252,0.0,0.0,0.0008996422402560711,0.0,0.0,4.658870602725074e-05,0.0,0.0,0.0038684129249304533,0.0,0.0,3.8467147533083335e-05,0.0,0.0,0.07582081854343414,0.0,0.0,0.02128777839243412,276.48931884765625,132.94322204589844,0.9125800132751465,256.06268310546875,71.87721252441406,0.5275290608406067,201.97708129882812,125.98751068115234,0.9785378575325012,189.259521484375,96.83509826660156,0.8842759728431702,0.0,0.0,0.4968408942222595,0.0,0.0,0.33371350169181824,0.0,0.0,0.01445002481341362,0.0,0.0,0.007270644884556532,0.0,0.0,0.00036202254705131054,0.0,0.0,0.0002782558440230787
1015,True,0.0,0.0,0.0024017661344259977,0.0,0.0,0.0009096191497519612,0.0,0.0,4.719407661468722e-05,0.0,0.0,0.0037765884771943092,0.0,0.0,3.952603219659068e-05,0.0,0.0,0.07564318180084229,0.0,0.0,0.019481617957353592,275.2889404296875,130.30752563476562,0.9126675128936768,0.0,0.0,0.49140894412994385,202.27056884765625,126.39446258544922,0.9782381057739258,186.59573364257812,95.87997436523438,0.8729329705238342,0.0,0.0,0.480042040348053,0.0,0.0,0.307590126991272,0.0,0.0,0.014672297053039074,0.0,0.0,0.006928551942110062,0.0,0.0,0.000392000685678795,0.0,0.0,0.00028744459268637
1016,True,0.0,0.0,0.0021925107575953007,0.0,0.0,0.0008163412567228079,0.0,0.0,4.060998617205769e-05,0.0,0.0,0.0038138655945658684,0.0,0.0,4.060731589561328e-05,0.0,0.0,0.08607441931962967,0.0,0.0,0.019465545192360878,274.1411437988281,129.860107421875,0.9252736568450928,0.0,0.0,0.48296409845352173,201.89077758789062,126.16439819335938,0.9802613258361816,186.59857177734375,95.630859375,0.8694705963134766,0.0,0.0,0.49610084295272827,0.0,0.0,0.30446675419807434,0.0,0.0,0.01444342639297247,0.0,0.0,0.006359465420246124,0.0,0.0,0.000353072042344138,0.0,0.0,0.0002467061276547611
1017,True,0.0,0.0,0.0018533116672188044,0.0,0.0,0.0007214462384581566,0.0,0.0,3.09655733872205e-05,0.0,0.0,0.0036777695640921593,0.0,0.0,3.268281216151081e-05,0.0,0.0,0.09274987131357193,0.0,0.0,0.015755342319607735,274.1383361816406,134.9615936279297,0.9376062154769897,0.0,0.0,0.4378480017185211,201.39935302734375,126.09394073486328,0.9832416772842407,185.44483947753906,94.9146957397461,0.856279730796814,0.0,0.0,0.4990594685077667,0.0,0.0,0.2791453003883362,0.0,0.0,0.01591022126376629,0.0,0.0,0.006101502571254969,0.0,0.0,0.0003879056021105498,0.0,0.0,0.0002462124393787235
1018,True,0.0,0.0,0.0017277381848543882,0.0,0.0,0.0006451706867665052,0.0,0.0,3.214794196537696e-05,0.0,0.0,0.0033085772302001715,0.0,0.0,3.580658813007176e-05,0.0,0.0,0.0767165869474411,0.0,0.0,0.01624339073896408,274.1055603027344,127.64356994628906,0.9228478670120239,0.0,0.0,0.4566134810447693,201.1930694580078,126.3016586303711,0.9796212911605835,185.51873779296875,95.52223205566406,0.862933874130249,0.0,0.0,0.49451497197151184,0.0,0.0,0.29678237438201904,0.0,0.0,0.013851957395672798,0.0,0.0,0.006061223801225424,0.0,0.0,0.0003230026050005108,0.0,0.0,0.00022513601288665086
1019,True,0.0,0.0,0.002132367342710495,0.0,0.0,0.0007083872915245593,0.0,0.0,4.6079516323516145e-05,0.0,0.0,0.0028339712880551815,0.0,0.0,3.956845830543898e-05,0.0,0.0,0.06272169947624207,0.0,0.0,0.0239960178732872,277.46771240234375,137.54241943359375,0.9046408534049988,254.27622985839844,70.81759643554688,0.6116107106208801,201.29774475097656,126.51754760742188,0.9783400893211365,187.0784912109375,94.27379608154297,0.910915195941925,0.0,0.0,0.48741427063941956,0.0,0.0,0.3619494140148163,0.0,0.0,0.014008156955242157,0.0,0.0,0.008003433234989643,0.0,0.0,0.0003639299247879535,0.0,0.0,0.0003041466698050499
1020,True,0.0,0.0,0.0018632706487551332,0.0,0.0,0.0006442207959480584,0.0,0.0,3.7476958823390305e-05,0.0,0.0,0.0029556972440332174,0.0,0.0,3.777564052143134e-05,0.0,0.0,0.06621628254652023,0.0,0.0,0.019887538626790047,276.62701416015625,133.95994567871094,0.9041008949279785,256.27508544921875,67.48947143554688,0.5355998277664185,202.4005126953125,126.79048919677734,0.9772326350212097,186.5194091796875,93.51432800292969,0.8902427554130554,0.0,0.0,0.45779573917388916,0.0,0.0,0.3096248209476471,0.0,0.0,0.012636259198188782,0.0,0.0,0.006752445828169584,0.0,0.0,0.00031922003836371005,0.0,0.0,0.00025527813704684377
1021,True,0.0,0.0,0.002351229777559638,0.0,0.0,0.0008297417662106454,0.0,0.0,4.642226122086868e-05,0.0,0.0,0.0033466836903244257,0.0,0.0,3.8574635254917666e-05,0.0,0.0,0.06950737535953522,0.0,0.0,0.02274193800985813,276.5393981933594,137.59332275390625,0.9070594310760498,254.75767517089844,70.02823638916016,0.5704835653305054,201.37728881835938,125.6138687133789,0.9789759516716003,185.95339965820312,93.94143676757812,0.9014031291007996,0.0,0.0,0.44564199447631836,0.0,0.0,0.3101133406162262,0.0,0.0,0.013126804493367672,0.0,0.0,0.007117383647710085,0.0,0.0,0.00034930536639876664,0.0,0.0,0.00028181204106658697
1022,True,0.0,0.0,0.002019571140408516,0.0,0.0,0.0007184328860603273,0.0,0.0,4.0039631130639464e-05,0.0,0.0,0.0030933115631341934,0.0,0.0,3.615979221649468e-05,0.0,0.0,0.061497315764427185,0.0,0.0,0.021257299929857254,275.6063232421875,135.4456024169922,0.9008057713508606,253.69192504882812,69.20220947265625,0.5616292357444763,202.27835083007812,125.7965316772461,0.9773099422454834,184.604736328125,92.23745727539062,0.897400975227356,0.0,0.0,0.45112043619155884,0.0,0.0,0.31764137744903564,0.0,0.0,0.012782260775566101,0.0,0.0,0.00692214397713542,0.0,0.0,0.0003429473435971886,0.0,0.0,0.0002773431478999555
1023,True,0.0,0.0,0.002705718157812953,0.0,0.0,0.0009797305101528764,0.0,0.0,5.6459153711330146e-05,0.0,0.0,0.003673814469948411,0.0,0.0,4.510955113801174e-05,0.0,0.0,0.0668959766626358,0.0,0.0,0.026141945272684097,278.61236572265625,139.03305053710938,0.8894352316856384,253.7187957763672,70.11848449707031,0.5836020112037659,204.29293823242188,126.02925872802734,0.9756592512130737,184.91049194335938,91.72257995605469,0.9037572741508484,0.0,0.0,0.44537046551704407,0.0,0.0,0.3289477229118347,0.0,0.0,0.012772251851856709,0.0,0.0,0.007526080124080181,0.0,0.0,0.00035283699980936944,0.0,0.0,0.000302815722534433
1024,True,0.0,0.0,0.0037421712186187506,0.0,0.0,0.0014521448174491525,0.0,0.0,7.821874169167131e-05,0.0,0.0,0.004922216292470694,0.0,0.0,5.3441104682860896e-05,0.0,0.0,0.07235311716794968,0.0,0.0,0.027609260752797127,279.52520751953125,137.85203552246094,0.8854630589485168,254.75015258789062,71.10311889648438,0.5539489984512329,204.81015014648438,126.38691711425781,0.9747210144996643,185.90460205078125,92.59588623046875,0.8929734826087952,0.0,0.0,0.41181623935699463,0.0,0.0,0.29518091678619385,0.0,0.0,0.011192903853952885,0.0,0.0,0.006387884728610516,0.0,0.0,0.0003237817145418376,0.0,0.0,0.00027166903601028025
1025,True,0.0,0.0,0.004292163532227278,0.0,0.0,0.0017111590132117271,0.0,0.0,9.144489013124257e-05,0.0,0.0,0.00506607536226511,0.0,0.0,4.7283272579079494e-05,0.0,0.0,0.0687694251537323,0.0,0.0,0.0299507025629282,281.5157165527344,140.96923828125,0.8818095326423645,251.78179931640625,71.00492095947266,0.5957658886909485,205.82394409179688,127.17789459228516,0.9753673672676086,184.61082458496094,92.789306640625,0.9068288207054138,0.0,0.0,0.4357087314128876,0.0,0.0,0.3331725597381592,0.0,0.0,0.012422182597219944,0.0,0.0,0.007570216432213783,0.0,0.0,0.00036512952647171915,0.0,0.0,0.00032239622669294477
1026,True,0.0,0.0,0.005001809913665056,0.0,0.0,0.002062299055978656,0.0,0.0,0.00010609973833197728,0.0,0.0,0.005808930844068527,0.0,0.0,5.26977855770383e-05,0.0,0.0,0.07082144170999527,0.0,0.0,0.03130597248673439,281.7167663574219,141.39288330078125,0.8707345724105835,252.66184997558594,70.19696807861328,0.5787144899368286,205.9281463623047,127.26822662353516,0.9737052321434021,184.6103973388672,93.13640594482422,0.9030479192733765,0.0,0.0,0.4010067880153656,0.0,0.0,0.3068810999393463,0.0,0.0,0.012093770317733288,0.0,0.0,0.007532045245170593,0.0,0.0,0.00037640531081706285,0.0,0.0,0.00033764622639864683
1027,True,0.0,0.0,0.0026909024454653263,0.0,0.0,0.000970827997662127,0.0,0.0,6.002571899443865e-05,0.0,0.0,0.003505393397063017,0.0,0.0,4.872787030762993e-05,0.0,0.0,0.05990953743457794,0.0,0.0,0.0231961477547884,279.24560546875,137.5110626220703,0.8708423972129822,257.6201171875,66.80072784423828,0.5443968772888184,204.7736358642578,127.1825180053711,0.9732252359390259,189.19390869140625,92.70989990234375,0.8958717584609985,0.0,0.0,0.40802377462387085,0.0,0.0,0.2965910732746124,0.0,0.0,0.012348503805696964,0.0,0.0,0.007406119257211685,0.0,0.0,0.0003708911535795778,0.0,0.0,0.0003200153005309403
1028,True,0.0,0.0,0.0029151595663279295,0.0,0.0,0.000952074711676687,0.0,0.0,6.881200533825904e-05,0.0,0.0,0.0030771219171583652,0.0,0.0,5.7400782679906115e-05,0.0,0.0,0.06054409220814705,0.0,0.0,0.02488761581480503,279.17498779296875,137.971435546875,0.8586581349372864,257.65106201171875,67.42059326171875,0.551298975944519,202.79074096679688,128.40280151367188,0.9704897999763489,188.79302978515625,94.41364288330078,0.899146318435669,0.0,0.0,0.37507084012031555,0.0,0.0,0.2775384783744812,0.0,0.0,0.010450726374983788,0.0,0.0,0.006753236521035433,0.0,0.0,0.0003129808173980564,0.0,0.0,0.0002839066437445581
1029,True,0.0,0.0,0.0047650448977947235,0.0,0.0,0.0016153682954609394,0.0,0.0,0.00011933701171074063,0.0,0.0,0.006373488809913397,0.0,0.0,0.00017384607053827494,0.0,0.0,0.1076020672917366,0.0,0.0,0.0492689311504364,266.6805419921875,118.17740631103516,0.8712321519851685,261.9286193847656,69.15619659423828,0.5782776474952698,195.10545349121094,127.11665344238281,0.9685848355293274,192.7561798095703,96.00054931640625,0.8999798893928528,0.0,0.0,0.42519867420196533,0.0,0.0,0.31752559542655945,0.0,0.0,0.010526815429329872,0.0,0.0,0.007124790921807289,0.0,0.0,0.0002540611894801259,0.0,0.0,0.00023944862186908722
1030,True,0.0,0.0,0.0016466303495690227,0.0,0.0,0.00059820048045367,0.0,0.0,4.137045834795572e-05,0.0,0.0,0.004722820594906807,0.0,0.0,0.00011508470197441056,0.0,0.0,0.08259889483451843,0.0,0.0,0.030709553509950638,261.7265625,113.27986145019531,0.8587929606437683,0.0,0.0,0.49279674887657166,188.4644775390625,129.6971435546875,0.9561877250671387,195.05641174316406,94.46265411376953,0.8541852831840515,0.0,0.0,0.49027666449546814,0.0,0.0,0.3592088222503662,0.0,0.0,0.017591791227459908,0.0,0.0,0.011040918529033661,0.0,0.0,0.00046833432861603796,0.0,0.0,0.0004155262722633779
1031,True,0.0,0.0,0.0013531451113522053,0.0,0.0,0.0003946211654692888,0.0,0.0,3.304050551378168e-05,0.0,0.0,0.0025473334826529026,0.0,0.0,9.288223373005167e-05,0.0,0.0,0.07436336576938629,0.0,0.0,0.02567424811422825,263.68865966796875,122.84019470214844,0.8650022149085999,263.7701416015625,67.20833587646484,0.5080220103263855,186.83135986328125,131.6957550048828,0.9633140563964844,195.364501953125,94.1973876953125,0.8781024813652039,0.0,0.0,0.3909861445426941,0.0,0.0,0.27337226271629333,0.0,0.0,0.01581163890659809,0.0,0.0,0.009859645739197731,0.0,0.0,0.00048549214261583984,0.0,0.0,0.0004271903890185058
1032,True,0.0,0.0,0.0026810390409082174,0.0,0.0,0.0007909328560344875,0.0,0.0,7.361463940469548e-05,0.0,0.0,0.0029841891955584288,0.0,0.0,0.00011089823237853125,0.0,0.0,0.07225223630666733,0.0,0.0,0.03779155761003494,267.5595703125,131.16099548339844,0.8474216461181641,260.6995849609375,68.733154296875,0.6218580603599548,187.00059509277344,131.7476806640625,0.9632700085639954,195.05636596679688,94.59066772460938,0.9129659533500671,0.0,0.0,0.3807397186756134,0.0,0.0,0.31511715054512024,0.0,0.0,0.01684199832379818,0.0,0.0,0.012623309157788754,0.0,0.0,0.0006109500536695123,0.0,0.0,0.0006119422032497823
1033,True,0.0,0.0,0.002766135148704052,0.0,0.0,0.00097633310360834,0.0,0.0,5.925739969825372e-05,0.0,0.0,0.004556150641292334,0.0,0.0,0.00011150975478813052,0.0,0.0,0.10368084162473679,0.0,0.0,0.027020229026675224,264.17852783203125,128.65115356445312,0.8870396614074707,0.0,0.0,0.46959954500198364,185.8018341064453,130.05506896972656,0.9716881513595581,197.590087890625,93.64718627929688,0.8772033452987671,0.0,0.0,0.3306056261062622,0.0,0.0,0.20819905400276184,0.0,0.0,0.013401861302554607,0.0,0.0,0.007508804090321064,0.0,0.0,0.00043859859579242766,0.0,0.0,0.0003611249558161944
1034,True,0.0,0.0,0.0013193645281717181,0.0,0.0,0.0003284044796600938,0.0,0.0,3.358051981194876e-05,0.0,0.0,0.0018799647223204374,0.0,0.0,8.516471280017868e-05,0.0,0.0,0.06764061003923416,0.0,0.0,0.02564791403710842,267.9897766113281,120.7414779663086,0.8897044062614441,268.7052917480469,71.26065826416016,0.5774759650230408,187.7095489501953,131.6005859375,0.9715992212295532,199.2365264892578,96.49447631835938,0.9047938585281372,0.0,0.0,0.3952220678329468,0.0,0.0,0.27750882506370544,0.0,0.0,0.00964853074401617,0.0,0.0,0.0060708546079695225,0.0,0.0,0.00022831808018963784,0.0,0.0,0.00020074158965144306
1035,True,0.0,0.0,0.0017412158194929361,0.0,0.0,0.000489461759570986,0.0,0.0,4.680343408836052e-05,0.0,0.0,0.0022360840812325478,0.0,0.0,8.099906699499115e-05,0.0,0.0,0.05522838607430458,0.0,0.0,0.025333182886242867,268.5372619628906,118.84725952148438,0.8617612719535828,267.026611328125,72.40998840332031,0.580689013004303,191.2834014892578,131.8657989501953,0.9657914638519287,200.06272888183594,100.30754089355469,0.901648223400116,0.0,0.0,0.3906764090061188,0.0,0.0,0.2961059808731079,0.0,0.0,0.009573671966791153,0.0,0.0,0.006417133379727602,0.0,0.0,0.0002503659634385258,0.0,0.0,0.00023184531892184168
1036,True,0.0,0.0,0.0039027670864015818,0.0,0.0,0.0010220406111329794,0.0,0.0,0.00011967774480581284,0.0,0.0,0.002873962512239814,0.0,0.0,0.00011568921036086977,0.0,0.0,0.04955139383673668,0.0,0.0,0.053374405950307846,272.0183410644531,115.28654479980469,0.8173744678497314,263.4621887207031,79.58456420898438,0.7397555112838745,196.7480926513672,131.75930786132812,0.9634109735488892,201.26531982421875,104.75828552246094,0.9430373907089233,0.0,0.0,0.38697198033332825,0.0,0.0,0.37418514490127563,0.0,0.0,0.006938421633094549,0.0,0.0,0.006550364196300507,0.0,0.0,0.0001643597788643092,0.0,0.0,0.00019509141566231847
1037,True,0.0,0.0,0.003665933385491371,0.0,0.0,0.0010552624007686973,0.0,0.0,0.00010289763304172084,0.0,0.0,0.0032717850990593433,0.0,0.0,0.0001035709647112526,0.0,0.0,0.07085879147052765,0.0,0.0,0.040333256125450134,272.01165771484375,115.91429138183594,0.8808149695396423,263.08990478515625,79.48721313476562,0.6576061248779297,198.41163635253906,132.35635375976562,0.9732115864753723,203.4775390625,105.50517272949219,0.9237974882125854,0.0,0.0,0.45553115010261536,0.0,0.0,0.35892724990844727,0.0,0.0,0.008634290657937527,0.0,0.0,0.005903653800487518,0.0,0.0,0.0001783342013368383,0.0,0.0,0.0001676685642451048
1038,True,0.0,0.0,0.0016656337538734078,0.0,0.0,0.0005378297646529973,0.0,0.0,4.713456655736081e-05,0.0,0.0,0.002692058216780424,0.0,0.0,7.32014887034893e-05,0.0,0.0,0.04928048327565193,0.0,0.0,0.024028826504945755,267.82568359375,121.3937759399414,0.8405017852783203,265.90020751953125,73.13130187988281,0.5617758631706238,198.23159790039062,131.1112823486328,0.9581419825553894,209.511474609375,105.38450622558594,0.8827303647994995,0.0,0.0,0.4265703856945038,0.0,0.0,0.3337444067001343,0.0,0.0,0.012290142476558685,0.0,0.0,0.008224677294492722,0.0,0.0,0.00036758551141247153,0.0,0.0,0.00033827050356194377
1039,True,0.0,0.0,0.004746380262076855,0.0,0.0,0.0013148622820153832,0.0,0.0,0.00017642135208006948,0.0,0.0,0.0033249647822231054,0.0,0.0,0.00017464622214902192,0.0,0.0,0.07211995869874954,0.0,0.0,0.04605356603860855,274.8636474609375,120.57066345214844,0.8236370086669922,264.735107421875,77.70191955566406,0.6220830082893372,202.49685668945312,129.3904266357422,0.9546169638633728,212.94659423828125,107.2989501953125,0.9007256031036377,0.0,0.0,0.43121808767318726,0.0,0.0,0.359162837266922,0.0,0.0,0.009390407241880894,0.0,0.0,0.007406729273498058,0.0,0.0,0.00023318319290410727,0.0,0.0,0.00023988464090507478
1040,True,0.0,0.0,0.0023529327008873224,0.0,0.0,0.000868823379278183,0.0,0.0,8.126366446958855e-05,0.0,0.0,0.006785116158425808,0.0,0.0,0.00031440649763680995,0.0,0.0,0.15944650769233704,0.0,0.0,0.025642026215791702,254.4467315673828,104.7174072265625,0.8719176650047302,0.0,0.0,0.20398041605949402,200.9875030517578,129.5265655517578,0.915304958820343,206.0714569091797,117.95252990722656,0.5101876258850098,0.0,0.0,0.4948682188987732,0.0,0.0,0.23982207477092743,0.0,0.0,0.014750953763723373,0.0,0.0,0.005114296916872263,0.0,0.0,0.00042610912350937724,0.0,0.0,0.00023947146837599576
1041,True,0.0,0.0,0.004382199142128229,0.0,0.0,0.0017359358025714755,0.0,0.0,0.00010380946332588792,0.0,0.0,0.0068717654794454575,0.0,0.0,0.00011669322702800855,0.0,0.0,0.1308329701423645,0.0,0.0,0.022463921457529068,267.693359375,109.680908203125,0.9084300994873047,0.0,0.0,0.29904595017433167,203.0154571533203,131.8544158935547,0.9668840765953064,207.45541381835938,117.99154663085938,0.7317414879798889,0.0,0.0,0.45997530221939087,0.0,0.0,0.22911638021469116,0.0,0.0,0.010088087059557438,0.0,0.0,0.0037429500371217728,0.0,0.0,0.00025929539697244763,0.0,0.0,0.00015888357302173972
1042,True,0.0,0.0,0.0010029170662164688,0.0,0.0,0.0003487036156002432,0.0,0.0,3.334758730488829e-05,0.0,0.0,0.0040334295481443405,0.0,0.0,0.000136190268676728,0.0,0.0,0.05932414531707764,0.0,0.0,0.014539460651576519,261.2301025390625,95.20169830322266,0.7369149327278137,0.0,0.0,0.17712515592575073,199.9542999267578,134.16082763671875,0.8429255485534668,0.0,0.0,0.47300899028778076,0.0,0.0,0.3071051239967346,0.0,0.0,0.16879937052726746,0.0,0.0,0.009943729266524315,0.0,0.0,0.004642103798687458,0.0,0.0,0.0004820961912628263,0.0,0.0,0.0003395438252482563
1043,True,0.0,0.0,0.0002447635924909264,0.0,0.0,8.472349145449698e-05,0.0,0.0,7.5118323366041295e-06,0.0,0.0,0.0033117535058408976,0.0,0.0,0.00012298882938921452,0.0,0.0,0.09081891924142838,0.0,0.0,0.011023926548659801,255.76876831054688,92.57742309570312,0.8500889539718628,0.0,0.0,0.12886519730091095,198.301025390625,130.09425354003906,0.8812215328216553,0.0,0.0,0.3771418631076813,280.369384765625,179.9013671875,0.5090491771697998,0.0,0.0,0.2311709076166153,0.0,0.0,0.01903184875845909,0.0,0.0,0.0059758136048913,0.0,0.0,0.0005994167295284569,0.0,0.0,0.0003112478298135102
1044,True,0.0,0.0,0.0021221823990345,0.0,0.0,0.0005916559020988643,0.0,0.0,6.899046275066212e-05,0.0,0.0,0.0024321088567376137,0.0,0.0,0.00013449476682581007,0.0,0.0,0.07922294735908508,0.0,0.0,0.019506260752677917,267.3970947265625,108.72822570800781,0.8651401400566101,0.0,0.0,0.35429608821868896,198.70326232910156,125.25379943847656,0.9552620649337769,208.88099670410156,106.70182800292969,0.7817347645759583,0.0,0.0,0.41516491770744324,0.0,0.0,0.23596002161502838,0.0,0.0,0.008799930103123188,0.0,0.0,0.004309420473873615,0.0,0.0,0.00023883914400357753,0.0,0.0,0.0001737610436975956
1045,True,0.0,0.0,0.0023935020435601473,0.0,0.0,0.0008037993684411049,0.0,0.0,5.059895556769334e-05,0.0,0.0,0.003404147457331419,0.0,0.0,7.302078302018344e-05,0.0,0.0,0.11030515283346176,0.0,0.0,0.019197871908545494,272.1883239746094,116.72901153564453,0.9268439412117004,0.0,0.0,0.41889840364456177,198.03829956054688,122.78036499023438,0.9802518486976624,221.73690795898438,91.01779174804688,0.8514621257781982,0.0,0.0,0.48416969180107117,0.0,0.0,0.26115667819976807,0.0,0.0,0.011048637330532074,0.0,0.0,0.004760878626257181,0.0,0.0,0.00022222027473617345,0.0,0.0,0.00015031092334538698
1046,True,0.0,0.0,0.0008893051999621093,0.0,0.0,0.00021731552260462195,0.0,0.0,2.6524363420321606e-05,0.0,0.0,0.0013829857343807817,0.0,0.0,7.334221299970523e-05,0.0,0.0,0.03865968808531761,0.0,0.0,0.016519637778401375,272.8898620605469,123.22340393066406,0.7911024689674377,278.1232604980469,54.21430206298828,0.5345107913017273,202.19705200195312,124.53070831298828,0.9481130242347717,224.24766540527344,89.21615600585938,0.8869554996490479,0.0,0.0,0.3378397822380066,0.0,0.0,0.27002233266830444,0.0,0.0,0.00890074297785759,0.0,0.0,0.007420033682137728,0.0,0.0,0.00027870797202922404,0.0,0.0,0.0002946075110230595
1047,True,0.0,0.0,0.000722693745046854,0.0,0.0,0.00017173831292893738,0.0,0.0,2.6355728550697677e-05,0.0,0.0,0.0012651026481762528,0.0,0.0,9.338765812572092e-05,0.0,0.0,0.03599812835454941,0.0,0.0,0.018170252442359924,269.6783752441406,120.7143783569336,0.7811554670333862,279.1095886230469,56.393096923828125,0.5784095525741577,201.78512573242188,122.85237121582031,0.9400325417518616,231.2169189453125,84.70553588867188,0.8897193670272827,0.0,0.0,0.3985300362110138,0.0,0.0,0.33792644739151,0.0,0.0,0.01038039568811655,0.0,0.0,0.009102702140808105,0.0,0.0,0.0003217434568796307,0.0,0.0,0.00034972536377608776
1048,True,0.0,0.0,0.000812256766948849,0.0,0.0,0.00022292973881121725,0.0,0.0,2.2116766558610834e-05,0.0,0.0,0.00205195602029562,0.0,0.0,8.273027196992189e-05,0.0,0.0,0.0661863312125206,0.0,0.0,0.020791545510292053,265.856689453125,124.18824768066406,0.8460041880607605,273.9853515625,55.9144287109375,0.5138634443283081,200.69029235839844,123.01714324951172,0.9534409642219543,227.58441162109375,78.13638305664062,0.8656637668609619,0.0,0.0,0.4321414530277252,0.0,0.0,0.3150083124637604,0.0,0.0,0.01612122170627117,0.0,0.0,0.011086924932897091,0.0,0.0,0.0004775048582814634,0.0,0.0,0.0004383674240671098
1049,True,0.0,0.0,0.0012252640444785357,0.0,0.0,0.00039489808841608465,0.0,0.0,2.8628926884266548e-05,0.0,0.0,0.002554025035351515,0.0,0.0,6.257734639802948e-05,0.0,0.0,0.06297381222248077,0.0,0.0,0.017489906400442123,266.3512268066406,131.1901397705078,0.8373262882232666,0.0,0.0,0.4786860942840576,201.6583709716797,123.36856842041016,0.9545600414276123,226.0174560546875,74.39583587646484,0.8578699231147766,0.0,0.0,0.3800226151943207,0.0,0.0,0.2707018554210663,0.0,0.0,0.014918074943125248,0.0,0.0,0.009980428032577038,0.0,0.0,0.0004932301235385239,0.0,0.0,0.00045012973714619875
1050,True,0.0,0.0,0.0011081683915108442,0.0,0.0,0.00033967720810323954,0.0,0.0,2.763568591035437e-05,0.0,0.0,0.002587483264505863,0.0,0.0,7.921799988253042e-05,0.0,0.0,0.06800837069749832,0.0,0.0,0.02287491410970688,265.0595703125,132.62266540527344,0.8414364457130432,271.33428955078125,51.72282409667969,0.5484616756439209,200.9185791015625,121.04661560058594,0.9547014236450195,226.28097534179688,71.06304931640625,0.8765674233436584,0.0,0.0,0.44160279631614685,0.0,0.0,0.3441053330898285,0.0,0.0,0.019522443413734436,0.0,0.0,0.013989279977977276,0.0,0.0,0.0006093130796216428,0.0,0.0,0.0005821760278195143
1051,True,0.0,0.0,0.002952075330540538,0.0,0.0,0.0007624824647791684,0.0,0.0,7.017640018602833e-05,0.0,0.0,0.0031114728190004826,0.0,0.0,0.00012282721581868827,0.0,0.0,0.1397956758737564,0.0,0.0,0.046059392392635345,268.705322265625,120.953369140625,0.9233699440956116,264.9676513671875,51.51793670654297,0.6480447053909302,200.24867248535156,115.33493041992188,0.9794416427612305,223.73587036132812,62.802520751953125,0.9168028831481934,285.3416442871094,193.39427185058594,0.5432036519050598,0.0,0.0,0.3837074339389801,0.0,0.0,0.01193434838205576,0.0,0.0,0.0071630594320595264,0.0,0.0,0.00019366007472854108,0.0,0.0,0.0001638826506678015
1052,True,0.0,0.0,0.0045639146119356155,0.0,0.0,0.0013174371561035514,0.0,0.0,0.00011845327389892191,0.0,0.0,0.004301691427826881,0.0,0.0,0.00013442846830002964,0.0,0.0,0.11774560064077377,0.0,0.0,0.06221408769488335,268.4661865234375,123.16217041015625,0.8887054324150085,259.71197509765625,52.44305419921875,0.7043896913528442,200.41622924804688,114.46080017089844,0.9714069366455078,221.44805908203125,61.694862365722656,0.9241303205490112,285.4329833984375,191.88345336914062,0.5371315479278564,0.0,0.0,0.4427013397216797,0.0,0.0,0.012754528783261776,0.0,0.0,0.00953027792274952,0.0,0.0,0.00023737757874187082,0.0,0.0,0.0002367106353631243
1053,True,0.0,0.0,0.001431917422451079,0.0,0.0,0.0003844062448479235,0.0,0.0,3.6863741115666926e-05,0.0,0.0,0.001960995141416788,0.0,0.0,6.499301525764167e-05,0.0,0.0,0.05817855894565582,0.0,0.0,0.027876324951648712,271.4524841308594,131.3210906982422,0.8552439212799072,270.4114685058594,57.314491271972656,0.6511853933334351,202.73562622070312,115.61209106445312,0.9693894982337952,224.60238647460938,70.21446990966797,0.9224647879600525,0.0,0.0,0.4441225528717041,0.0,0.0,0.3617613613605499,0.0,0.0,0.014173206873238087,0.0,0.0,0.01086624339222908,0.0,0.0,0.00034499296452850103,0.0,0.0,0.00034585079993121326
1054,True,0.0,0.0,0.0003911585081368685,0.0,0.0,0.00013974076136946678,0.0,0.0,8.16950159787666e-06,0.0,0.0,0.003524042898789048,0.0,0.0,8.317784522660077e-05,0.0,0.0,0.11481303721666336,0.0,0.0,0.014098805375397205,263.55401611328125,120.59309387207031,0.8735820055007935,0.0,0.0,0.23927690088748932,200.8629150390625,114.54737091064453,0.9294174909591675,223.9301300048828,80.35475158691406,0.5996266603469849,0.0,0.0,0.4628639817237854,0.0,0.0,0.2405630648136139,0.0,0.0,0.025554899126291275,0.0,0.0,0.010709579102694988,0.0,0.0,0.0007764786714687943,0.0,0.0,0.0005048789898864925
1055,True,0.0,0.0,0.0011468044249340892,0.0,0.0,0.00038392466376535594,0.0,0.0,3.0555886041838676e-05,0.0,0.0,0.0032322113402187824,0.0,0.0,9.209359996020794e-05,0.0,0.0,0.08782672137022018,0.0,0.0,0.018384700641036034,271.494873046875,129.51084899902344,0.8273598551750183,0.0,0.0,0.3513340651988983,203.5030975341797,116.20721435546875,0.9313690066337585,227.2707977294922,88.40496826171875,0.7411849498748779,0.0,0.0,0.4393187165260315,0.0,0.0,0.287605881690979,0.0,0.0,0.026772158220410347,0.0,0.0,0.01564447209239006,0.0,0.0,0.0010063482914119959,0.0,0.0,0.0008285641670227051
1056,True,0.0,0.0,0.0012074174592271447,0.0,0.0,0.0005194167024455965,0.0,0.0,2.3498034352087416e-05,0.0,0.0,0.006822375115007162,0.0,0.0,8.149803034029901e-05,0.0,0.0,0.17840251326560974,0.0,0.0,0.024779198691248894,270.2022399902344,126.83447265625,0.9004529714584351,0.0,0.0,0.31678342819213867,202.14089965820312,109.49954223632812,0.9483626484870911,228.1737518310547,87.45001983642578,0.6816297173500061,284.7112121582031,185.12045288085938,0.5853791832923889,0.0,0.0,0.3555395305156708,0.0,0.0,0.05086936801671982,0.0,0.0,0.02296571619808674,0.0,0.0,0.0017134902300313115,0.0,0.0,0.00117880676407367
1057,True,0.0,0.0,0.0062452382408082485,0.0,0.0,0.0026848744601011276,0.0,0.0,0.00014749447291251272,0.0,0.0,0.00976139958947897,0.0,0.0,0.00014180713333189487,0.0,0.0,0.18432475626468658,0.0,0.0,0.04011496528983116,271.7650146484375,122.45215606689453,0.9031238555908203,0.0,0.0,0.4399777054786682,200.07086181640625,104.46446990966797,0.9646286964416504,225.49652099609375,74.47466278076172,0.7992959022521973,284.6871337890625,180.92881774902344,0.5830004215240479,0.0,0.0,0.38217058777809143,0.0,0.0,0.027445415034890175,0.0,0.0,0.013837258331477642,0.0,0.0,0.0005939062684774399,0.0,0.0,0.0004533680621534586
1058,True,0.0,0.0,0.008381456136703491,0.0,0.0,0.003917617257684469,0.0,0.0,0.00017339114856440574,0.0,0.0,0.014187636785209179,0.0,0.0,0.00013503395894076675,0.0,0.0,0.19906246662139893,0.0,0.0,0.05485498160123825,270.45965576171875,129.80274963378906,0.875333309173584,0.0,0.0,0.4859927296638489,201.41574096679688,96.60333251953125,0.9523090720176697,223.510498046875,69.58634185791016,0.8019058704376221,282.1787109375,183.81756591796875,0.5739864706993103,0.0,0.0,0.42051246762275696,0.0,0.0,0.030838852748274803,0.0,0.0,0.01941043697297573,0.0,0.0,0.0007138844230212271,0.0,0.0,0.0006522859912365675
1059,True,0.0,0.0,0.001517513650469482,0.0,0.0,0.0010581183014437556,0.0,0.0,2.1784871933050454e-05,0.0,0.0,0.025246240198612213,0.0,0.0,8.782818622421473e-05,0.0,0.0,0.23750752210617065,0.0,0.0,0.028115801513195038,268.76348876953125,115.02178192138672,0.8845718502998352,0.0,0.0,0.23718196153640747,203.11141967773438,96.62409973144531,0.9203829765319824,223.26040649414062,65.52400207519531,0.5251802206039429,278.2272033691406,176.8507080078125,0.6873798370361328,0.0,0.0,0.45044922828674316,0.0,0.0,0.0723046287894249,0.0,0.0,0.03411230072379112,0.0,0.0,0.0020391042344272137,0.0,0.0,0.0015058144927024841
1060,True,0.0,0.0,0.0039083207957446575,0.0,0.0,0.0024274762254208326,0.0,0.0,5.62986169825308e-05,0.0,0.0,0.027888163924217224,0.0,0.0,0.0001242585276486352,0.0,0.0,0.33809730410575867,0.0,0.0,0.04270997270941734,262.1162109375,116.49119567871094,0.9233567118644714,0.0,0.0,0.29256752133369446,199.36236572265625,86.35267639160156,0.9495924711227417,222.23565673828125,51.19506072998047,0.5944294929504395,275.0733337402344,175.72093200683594,0.7186498045921326,0.0,0.0,0.45742714405059814,0.0,0.0,0.06665299832820892,0.0,0.0,0.02752622216939926,0.0,0.0,0.0013651170302182436,0.0,0.0,0.0009276646887883544
1061,True,0.0,0.0,0.007204434368759394,0.0,0.0,0.004588428419083357,0.0,0.0,0.0001141406683018431,0.0,0.0,0.03596971184015274,0.0,0.0,0.00014024962729308754,0.0,0.0,0.3376781642436981,0.0,0.0,0.05578359588980675,266.23699951171875,112.27155303955078,0.9205379486083984,0.0,0.0,0.3751649260520935,197.4971923828125,84.0986557006836,0.9527963995933533,215.80104064941406,39.94361114501953,0.6724209785461426,271.46435546875,173.76171875,0.7486498951911926,271.0799255371094,158.9167022705078,0.5366957783699036,0.0,0.0,0.06753680855035782,0.0,0.0,0.03302702307701111,0.0,0.0,0.00134936289396137,0.0,0.0,0.0010536821791902184
1062,True,0.0,0.0,0.008156835101544857,0.0,0.0,0.005823715589940548,0.0,0.0,0.00010686809400795028,0.0,0.0,0.05852043256163597,0.0,0.0,0.00015618222823832184,0.0,0.0,0.43234845995903015,0.0,0.0,0.09776415675878525,258.5894470214844,109.18270874023438,0.9290316700935364,0.0,0.0,0.46701139211654663,191.13656616210938,81.91112518310547,0.9536274671554565,202.13165283203125,26.01502227783203,0.7314233779907227,273.6239013671875,167.66897583007812,0.806311309337616,273.8592834472656,154.44940185546875,0.6445210576057434,0.0,0.0,0.09786719083786011,0.0,0.0,0.05579450726509094,0.0,0.0,0.0017863153479993343,0.0,0.0,0.0015687266131862998
1063,True,0.0,0.0,0.008479255251586437,0.0,0.0,0.006477084942162037,0.0,0.0,0.00010629082680679858,0.0,0.0,0.06911398470401764,0.0,0.0,0.00016552978195250034,0.0,0.0,0.4489748775959015,0.0,0.0,0.0964120551943779,256.31121826171875,109.73744201660156,0.9274292588233948,0.0,0.0,0.4376048147678375,191.0552520751953,81.47356414794922,0.9514458775520325,202.60606384277344,25.907623291015625,0.7088310122489929,273.04595947265625,167.20596313476562,0.8020941615104675,275.6553649902344,153.81076049804688,0.6316820979118347,0.0,0.0,0.10392727702856064,0.0,0.0,0.05794947221875191,0.0,0.0,0.0019682184793055058,0.0,0.0,0.0016991840675473213
1064,True,0.0,0.0,0.0018622083589434624,0.0,0.0,0.0011122232535853982,0.0,0.0,3.2688611099729314e-05,0.0,0.0,0.01824050582945347,0.0,0.0,0.00010854007996385917,0.0,0.0,0.23158995807170868,0.0,0.0,0.05632379278540611,255.92953491210938,117.01205444335938,0.8521416187286377,0.0,0.0,0.36116981506347656,189.5662841796875,88.68462371826172,0.8962236046791077,177.08242797851562,37.67498016357422,0.6217597126960754,273.4045715332031,173.698974609375,0.7346599698066711,277.260009765625,159.18521118164062,0.5924648642539978,0.0,0.0,0.09214365482330322,0.0,0.0,0.05442522466182709,0.0,0.0,0.002993317088112235,0.0,0.0,0.002573576522991061
1065,True,0.0,0.0,0.0001022639698931016,0.0,0.0,5.202445390750654e-05,0.0,0.0,3.2690177249605767e-06,0.0,0.0,0.013182727620005608,0.0,0.0,0.0003561863850336522,0.0,0.0,0.18508073687553406,0.0,0.0,0.04372725635766983,240.21530151367188,87.14218139648438,0.8017675876617432,0.0,0.0,0.21563458442687988,180.82717895507812,88.88899230957031,0.7220582962036133,0.0,0.0,0.30451783537864685,263.5847473144531,147.80560302734375,0.8549540042877197,284.2005310058594,139.60025024414062,0.7188818454742432,0.0,0.0,0.13190725445747375,0.0,0.0,0.0688471794128418,0.0,0.0,0.0028501604683697224,0.0,0.0,0.002137224655598402
1066,True,0.0,0.0,0.0003999078762717545,0.0,0.0,6.94837945047766e-05,0.0,0.0,2.5893568817991763e-05,0.0,0.0,0.0012597722234204412,0.0,0.0,0.0004723926540464163,0.0,0.0,0.040339160710573196,0.0,0.0,0.09579817950725555,224.4977569580078,73.34597778320312,0.5572696924209595,210.0838165283203,45.04864501953125,0.6822644472122192,162.71165466308594,84.15650177001953,0.6930287480354309,126.65614318847656,54.51300811767578,0.8150666952133179,268.17279052734375,161.37269592285156,0.6714269518852234,266.3846130371094,157.97434997558594,0.7402092218399048,0.0,0.0,0.035171762108802795,0.0,0.0,0.05075974389910698,0.0,0.0,0.0009224991663359106,0.0,0.0,0.001462964341044426
1067,True,0.0,0.0,0.0010420673061162233,0.0,0.0,0.00021166808437556028,0.0,0.0,6.233886233530939e-05,0.0,0.0,0.002675594063475728,0.0,0.0,0.0005818298668600619,0.0,0.0,0.13609784841537476,0.0,0.0,0.22898945212364197,229.38894653320312,60.38385009765625,0.7943803668022156,189.6315460205078,43.89904022216797,0.8354634642601013,203.04122924804688,102.22753143310547,0.8365729451179504,130.85498046875,59.321842193603516,0.895046055316925,276.017333984375,149.73475646972656,0.9254018068313599,258.9510803222656,150.55177307128906,0.9332479238510132,0.0,0.0,0.07503986358642578,0.0,0.0,0.08635015785694122,0.0,0.0,0.0010643714340403676,0.0,0.0,0.0014386592665687203
1068,True,0.0,0.0,0.002652234397828579,0.0,0.0,0.0006419763085432351,0.0,0.0,0.00012184336083009839,0.0,0.0,0.0036218471359461546,0.0,0.0,0.0002962185244541615,0.0,0.0,0.10850173979997635,0.0,0.0,0.19095449149608612,255.84771728515625,67.65870666503906,0.8224964141845703,185.88894653320312,38.45594787597656,0.8473739624023438,211.7222137451172,103.86148071289062,0.9211465716362,137.784423828125,60.548927307128906,0.9327320456504822,270.2347106933594,154.15003967285156,0.873562753200531,243.6424560546875,151.54354858398438,0.8839575052261353,0.0,0.0,0.05310910567641258,0.0,0.0,0.06008308380842209,0.0,0.0,0.0008180435397662222,0.0,0.0,0.0010896169114857912
1069,True,0.0,0.0,0.0026756208389997482,0.0,0.0,0.000721560325473547,0.0,0.0,8.498120587319136e-05,0.0,0.0,0.0034026980865746737,0.0,0.0,0.00015932958922348917,0.0,0.0,0.166140615940094,0.0,0.0,0.11752979457378387,274.1839599609375,71.14305114746094,0.9325140118598938,181.6898193359375,33.42460632324219,0.7938230633735657,220.27793884277344,109.8607406616211,0.9761559367179871,140.70953369140625,63.087196350097656,0.9446892142295837,277.9525146484375,159.8212432861328,0.9072141051292419,246.16436767578125,156.90074157714844,0.8603495955467224,0.0,0.0,0.04461076483130455,0.0,0.0,0.031124701723456383,0.0,0.0,0.0004240661801304668,0.0,0.0,0.0003980495093856007
1070,True,0.0,0.0,0.003120182082056999,0.0,0.0,0.0010095912730321288,0.0,0.0,0.00023373946896754205,0.0,0.0,0.004078693687915802,0.0,0.0,0.0005208063521422446,0.0,0.0,0.09379267692565918,0.0,0.0,0.17927147448062897,271.7156677246094,60.75682067871094,0.6872431635856628,166.0606231689453,43.12708282470703,0.7566406726837158,227.2620391845703,105.29777526855469,0.8410089015960693,133.68887329101562,70.70635986328125,0.8826018571853638,281.18975830078125,143.06126403808594,0.8944270610809326,240.12667846679688,142.86863708496094,0.9091320037841797,0.0,0.0,0.10547077655792236,0.0,0.0,0.12017077952623367,0.0,0.0,0.0023941737599670887,0.0,0.0,0.0031261825934052467
1071,True,0.0,0.0,0.0034185361582785845,0.0,0.0,0.001191088231280446,0.0,0.0,0.000335431337589398,0.0,0.0,0.004716705996543169,0.0,0.0,0.0008013216429390013,0.0,0.0,0.12186668068170547,0.0,0.0,0.17462345957756042,287.1271057128906,56.473365783691406,0.711631178855896,166.94412231445312,40.65984344482422,0.7153154611587524,236.43190002441406,107.2496109008789,0.8471714854240417,133.790283203125,73.58891296386719,0.8606660962104797,279.115966796875,130.45799255371094,0.938720703125,233.19482421875,129.56015014648438,0.9393588304519653,0.0,0.0,0.21442702412605286,0.0,0.0,0.22317878901958466,0.0,0.0,0.005138568114489317,0.0,0.0,0.006202691234648228
1072,True,0.0,0.0,0.007429842371493578,0.0,0.0,0.00241327122785151,0.0,0.0,0.0008575995452702045,0.0,0.0,0.005639667622745037,0.0,0.0,0.001696055056527257,0.0,0.0,0.12327344715595245,0.0,0.0,0.24675628542900085,277.96923828125,57.498680114746094,0.6315945982933044,151.78268432617188,46.605445861816406,0.7414932250976562,238.65542602539062,109.05635833740234,0.7809051275253296,128.0583038330078,79.52288818359375,0.8569639921188354,279.4473876953125,139.21311950683594,0.920240044593811,236.45867919921875,140.29208374023438,0.9337071180343628,0.0,0.0,0.15573802590370178,0.0,0.0,0.18034619092941284,0.0,0.0,0.004076919984072447,0.0,0.0,0.005306861363351345
1073,True,0.0,0.0,0.012867489829659462,0.0,0.0,0.00518003711476922,0.0,0.0,0.0015839156694710255,0.0,0.0,0.009793365374207497,0.0,0.0,0.0017370813293382525,0.0,0.0,0.14258041977882385,0.0,0.0,0.24150192737579346,291.4164733886719,69.00479125976562,0.7112814784049988,143.69778442382812,49.5555419921875,0.7434194087982178,240.08755493164062,117.38965606689453,0.8818516731262207,132.70689392089844,87.20673370361328,0.893436849117279,273.6552734375,152.38629150390625,0.9084810614585876,217.88412475585938,150.734619140625,0.911437451839447,0.0,0.0,0.11438150703907013,0.0,0.0,0.11859919130802155,0.0,0.0,0.0029069643933326006,0.0,0.0,0.0034305898007005453
1074,True,0.0,0.0,0.014218474738299847,0.0,0.0,0.0053921290673315525,0.0,0.0,0.001495705801062286,0.0,0.0,0.010178436525166035,0.0,0.0,0.0015171827981248498,0.0,0.0,0.15832971036434174,0.0,0.0,0.26178425550460815,289.4716491699219,67.28288269042969,0.7033738493919373,161.08544921875,40.30632781982422,0.7277276515960693,240.56275939941406,118.1856460571289,0.8670681715011597,137.53860473632812,78.35027313232422,0.8735202550888062,273.25299072265625,148.81500244140625,0.9052615761756897,224.11550903320312,145.9636993408203,0.9092198014259338,0.0,0.0,0.13924480974674225,0.0,0.0,0.14435122907161713,0.0,0.0,0.004085746593773365,0.0,0.0,0.00484324898570776
1075,True,0.0,0.0,0.005715277977287769,0.0,0.0,0.00211128662340343,0.0,0.0,0.0005203384789638221,0.0,0.0,0.00607980415225029,0.0,0.0,0.0006955110584385693,0.0,0.0,0.0977243110537529,0.0,0.0,0.19730128347873688,300.0799560546875,63.697227478027344,0.7286531925201416,170.87489318847656,39.789039611816406,0.7846173644065857,238.41128540039062,116.57461547851562,0.8970557451248169,138.0108642578125,71.7975082397461,0.9134072661399841,285.2734069824219,154.30923461914062,0.9153522253036499,234.76136779785156,151.3889617919922,0.9250481128692627,0.0,0.0,0.08514509350061417,0.0,0.0,0.09415183961391449,0.0,0.0,0.001492931041866541,0.0,0.0,0.0019049366237595677
1076,True,0.0,0.0,0.006192975211888552,0.0,0.0,0.00246017100289464,0.0,0.0,0.00044995383359491825,0.0,0.0,0.009047835133969784,0.0,0.0,0.0004715762916021049,0.0,0.0,0.11369529366493225,0.0,0.0,0.2263060063123703,302.36376953125,70.34600067138672,0.7380642890930176,162.04974365234375,34.90605926513672,0.7751821875572205,243.6087188720703,124.15963745117188,0.9094468951225281,140.58761596679688,73.88397216796875,0.9123785495758057,279.6734619140625,157.35791015625,0.9089921116828918,229.21707153320312,153.5546875,0.9174088835716248,0.0,0.0,0.09989931434392929,0.0,0.0,0.10443544387817383,0.0,0.0,0.0024218859616667032,0.0,0.0,0.0029625387396663427
1077,True,0.0,0.0,0.0045776949264109135,0.0,0.0,0.001484944368712604,0.0,0.0,0.0004107870627194643,0.0,0.0,0.005978641100227833,0.0,0.0,0.0006518364534713328,0.0,0.0,0.1072738915681839,0.0,0.0,0.24653024971485138,301.4320068359375,69.49980163574219,0.7414953708648682,160.81793212890625,42.02166748046875,0.8255862593650818,241.48406982421875,119.78948211669922,0.8995181918144226,139.33493041992188,74.14386749267578,0.9265964031219482,286.1197814941406,154.6197509765625,0.9225815534591675,234.89410400390625,152.98870849609375,0.9350013732910156,0.0,0.0,0.09084654599428177,0.0,0.0,0.10607262700796127,0.0,0.0,0.0016878718743100762,0.0,0.0,0.002256564097478986
1078,True,0.0,0.0,0.005278883967548609,0.0,0.0,0.0018475850811228156,0.0,0.0,0.00037396757397800684,0.0,0.0,0.006157729309052229,0.0,0.0,0.0003992896236013621,0.0,0.0,0.06050805374979973,0.0,0.0,0.21925979852676392,306.97955322265625,71.08171081542969,0.6476888656616211,169.90872192382812,43.58088684082031,0.8448270559310913,249.50985717773438,124.4279556274414,0.89168381690979,144.79266357421875,74.35142517089844,0.9460404515266418,292.88421630859375,162.3265380859375,0.8577237725257874,244.63815307617188,160.22433471679688,0.9026193022727966,0.0,0.0,0.039998967200517654,0.0,0.0,0.06032636761665344,0.0,0.0,0.0006613094010390341,0.0,0.0,0.0010840296745300293
1079,True,0.0,0.0,0.0023389002308249474,0.0,0.0,0.0006441593868657947,0.0,0.0,0.00014441028179135174,0.0,0.0,0.003507104469463229,0.0,0.0,0.00025481756892986596,0.0,0.0,0.06363686919212341,0.0,0.0,0.19530577957630157,297.9330139160156,79.11907196044922,0.7564579844474792,179.8668212890625,51.687652587890625,0.8875029683113098,235.84608459472656,127.42430114746094,0.9238704442977905,147.46206665039062,74.42095184326172,0.9585996866226196,287.9574890136719,169.93739318847656,0.8405974507331848,241.3172149658203,167.24728393554688,0.8827269673347473,0.0,0.0,0.021448787301778793,0.0,0.0,0.03059786930680275,0.0,0.0,0.00030177272856235504,0.0,0.0,0.0004737585550174117
1080,True,0.0,0.0,0.002106824889779091,0.0,0.0,0.000539501488674432,0.0,0.0,0.0001397708838339895,0.0,0.0,0.002926645567640662,0.0,0.0,0.00028049829415977,0.0,0.0,0.06765489280223846,0.0,0.0,0.1874774992465973,297.884033203125,80.41588592529297,0.7864325046539307,180.86541748046875,51.49601745605469,0.8921242952346802,234.94985961914062,127.23806762695312,0.9335668683052063,147.91268920898438,74.40574645996094,0.9615024328231812,288.1739501953125,167.9691162109375,0.8733358383178711,241.12338256835938,165.05812072753906,0.9016852974891663,0.0,0.0,0.027373535558581352,0.0,0.0,0.037290047854185104,0.0,0.0,0.0003461976593825966,0.0,0.0,0.0005245431093499064
1081,True,0.0,0.0,0.007522675674408674,0.0,0.0,0.00250855996273458,0.0,0.0,0.00023975360090844333,0.0,0.0,0.007877660915255547,0.0,0.0,0.00020890182349830866,0.0,0.0,0.20727872848510742,0.0,0.0,0.12235144525766373,272.47247314453125,83.76033020019531,0.9374637007713318,187.25318908691406,54.876304626464844,0.7564883232116699,221.89610290527344,132.72784423828125,0.974334180355072,130.82498168945312,70.03639221191406,0.923202633857727,274.89764404296875,166.11758422851562,0.8132805824279785,242.71127319335938,162.41348266601562,0.7176483273506165,0.0,0.0,0.027819201350212097,0.0,0.0,0.016242383047938347,0.0,0.0,0.00037923938361927867,0.0,0.0,0.0003183250082656741
1082,True,0.0,0.0,0.001279537915252149,0.0,0.0,0.0005382071831263602,0.0,0.0,6.519183807540685e-05,0.0,0.0,0.013623013161122799,0.0,0.0,0.00042733250302262604,0.0,0.0,0.10630243271589279,0.0,0.0,0.12595374882221222,240.5461883544922,74.07171630859375,0.5913351774215698,219.821044921875,58.75263214111328,0.5380907654762268,203.07449340820312,132.26873779296875,0.6536017060279846,160.12005615234375,73.77220916748047,0.6553270816802979,259.0299072265625,148.64505004882812,0.8269910216331482,253.15121459960938,146.8988800048828,0.8263059854507446,0.0,0.0,0.0839441791176796,0.0,0.0,0.09249790012836456,0.0,0.0,0.0027541429735720158,0.0,0.0,0.0037217014469206333
1083,True,0.0,0.0,0.0006077609723433852,0.0,0.0,0.0002337301120860502,0.0,0.0,1.586775397299789e-05,0.0,0.0,0.01884479820728302,0.0,0.0,0.00035257049603387713,0.0,0.0,0.23180708289146423,0.0,0.0,0.18995198607444763,237.21063232421875,86.86383819580078,0.7557070851325989,250.61764526367188,70.1072998046875,0.6375951170921326,182.4774169921875,75.53155517578125,0.7328863143920898,185.68429565429688,63.53472137451172,0.6704705357551575,253.68896484375,167.6481170654297,0.7670162320137024,263.47674560546875,160.47666931152344,0.7555639743804932,0.0,0.0,0.04179442301392555,0.0,0.0,0.04767284542322159,0.0,0.0,0.0007884758524596691,0.0,0.0,0.0011071343906223774
1084,True,0.0,0.0,0.005726580508053303,0.0,0.0,0.0038520577363669872,0.0,0.0,0.000120707401947584,0.0,0.0,0.04129552096128464,0.0,0.0,0.0002985840546898544,0.0,0.0,0.20758093893527985,0.0,0.0,0.04991886392235756,256.9778137207031,107.39893341064453,0.7850062847137451,0.0,0.0,0.2352256029844284,187.88839721679688,139.30796813964844,0.8851972222328186,192.81748962402344,135.201904296875,0.5587021112442017,269.112060546875,169.89108276367188,0.5330712199211121,0.0,0.0,0.3566102683544159,0.0,0.0,0.039936527609825134,0.0,0.0,0.022827336564660072,0.0,0.0,0.0014411254087463021,0.0,0.0,0.0012684344546869397
1085,True,0.0,0.0,0.011861718259751797,0.0,0.0,0.005788319278508425,0.0,0.0,0.0003131515404675156,0.0,0.0,0.036512717604637146,0.0,0.0,0.00041090004378929734,0.0,0.0,0.25014254450798035,0.0,0.0,0.1644313782453537,258.31976318359375,114.81391906738281,0.8242267370223999,256.6062927246094,86.37379455566406,0.6049500107765198,188.16140747070312,138.3391876220703,0.9154672622680664,189.30511474609375,125.46149444580078,0.8242055177688599,275.1158752441406,179.98529052734375,0.6108831167221069,270.56268310546875,169.11122131347656,0.5523465275764465,0.0,0.0,0.030044397339224815,0.0,0.0,0.026104126125574112,0.0,0.0,0.0008581749862059951,0.0,0.0,0.0010114001343026757
1086,True,0.0,0.0,0.001597991562448442,0.0,0.0,0.0004723368037957698,0.0,0.0,3.699658191180788e-05,0.0,0.0,0.0042192465625703335,0.0,0.0,0.00013347370258998126,0.0,0.0,0.1337837427854538,0.0,0.0,0.04250602424144745,257.92303466796875,114.47592163085938,0.9197425246238708,270.2403869628906,69.4820556640625,0.6130489706993103,184.74545288085938,140.28277587890625,0.974228024482727,207.807861328125,98.44953918457031,0.9052878618240356,281.5365295410156,183.87252807617188,0.5734292268753052,0.0,0.0,0.4157222509384155,0.0,0.0,0.015659773722290993,0.0,0.0,0.009686766192317009,0.0,0.0,0.0002751035790424794,0.0,0.0,0.00024411012418568134
1087,True,0.0,0.0,0.001629132078960538,0.0,0.0,0.00037104039802215993,0.0,0.0,4.072284355061129e-05,0.0,0.0,0.002365309279412031,0.0,0.0,0.0001172763149952516,0.0,0.0,0.11559205502271652,0.0,0.0,0.05074205622076988,260.16119384765625,114.85853576660156,0.9475840330123901,268.691162109375,72.0267333984375,0.7746396064758301,178.90476989746094,143.5596466064453,0.9856227040290833,202.50076293945312,100.65243530273438,0.9540712833404541,287.05950927734375,191.18292236328125,0.6123003363609314,0.0,0.0,0.484271764755249,0.0,0.0,0.012556503526866436,0.0,0.0,0.007983789779245853,0.0,0.0,0.00019181518291588873,0.0,0.0,0.00017241679597645998
1088,True,0.0,0.0,0.0016725686145946383,0.0,0.0,0.00035555806243792176,0.0,0.0,4.5780365326208994e-05,0.0,0.0,0.0018525567138567567,0.0,0.0,0.00012869540660176426,0.0,0.0,0.09463278949260712,0.0,0.0,0.04767443984746933,261.430419921875,114.25631713867188,0.9332113862037659,268.87994384765625,72.70668029785156,0.7685816884040833,175.11048889160156,142.66571044921875,0.9832778573036194,200.5735321044922,99.99622344970703,0.9551990628242493,290.47509765625,191.4670867919922,0.530685544013977,0.0,0.0,0.42520779371261597,0.0,0.0,0.010948221199214458,0.0,0.0,0.007559326943010092,0.0,0.0,0.00018882230506278574,0.0,0.0,0.00017907116853166372
1089,True,0.0,0.0,0.002410744782537222,0.0,0.0,0.0005743031506426632,0.0,0.0,5.94327284488827e-05,0.0,0.0,0.0025409720838069916,0.0,0.0,0.00012998643796890974,0.0,0.0,0.11218658089637756,0.0,0.0,0.056550804525613785,262.7024230957031,117.27777862548828,0.9345020651817322,266.6853942871094,69.87757110595703,0.7757113575935364,172.8900909423828,143.367431640625,0.9840065836906433,200.7174835205078,98.05404663085938,0.9575279951095581,292.964599609375,191.376220703125,0.5511240363121033,0.0,0.0,0.4534972906112671,0.0,0.0,0.014666094444692135,0.0,0.0,0.010333817452192307,0.0,0.0,0.00027574432897381485,0.0,0.0,0.00026850946596823633
1090,True,0.0,0.0,0.009373988024890423,0.0,0.0,0.0041172802448272705,0.0,0.0,0.00019754991808440536,0.0,0.0,0.011836701072752476,0.0,0.0,0.00015191550482995808,0.0,0.0,0.1491210013628006,0.0,0.0,0.07149180769920349,263.46417236328125,122.37812805175781,0.9289556741714478,262.1221008300781,73.66879272460938,0.7145066261291504,173.73565673828125,142.314697265625,0.9851337671279907,198.29124450683594,98.12837219238281,0.948746919631958,292.2171630859375,197.246826171875,0.5598651170730591,0.0,0.0,0.4544665813446045,0.0,0.0,0.017725668847560883,0.0,0.0,0.011790364049375057,0.0,0.0,0.00040339061524719,0.0,0.0,0.00038313999539241195
1091,True,0.0,0.0,0.27089211344718933,0.0,0.0,0.34006139636039734,0.0,0.0,0.0039131189696490765,0.0,0.0,0.34288856387138367,0.0,0.0,0.00031013143598102033,0.0,0.0,0.4365178048610687,0.0,0.0,0.17765302956104279,257.7406005859375,126.46034240722656,0.9063921570777893,262.028564453125,76.98271179199219,0.5069925785064697,173.22850036621094,143.234375,0.9721418619155884,199.15185546875,95.62503051757812,0.8558805584907532,0.0,0.0,0.4936308264732361,0.0,0.0,0.3812103271484375,0.0,0.0,0.03624308481812477,0.0,0.0,0.022330936044454575,0.0,0.0,0.0017006545094773173,0.0,0.0,0.0016105168033391237
1092,True,0.0,0.0,0.03667948767542839,0.0,0.0,0.025553053244948387,0.0,0.0,0.0005073726642876863,0.0,0.0,0.04812558367848396,0.0,0.0,0.00017090633627958596,0.0,0.0,0.26052483916282654,0.0,0.0,0.09981612861156464,258.5250244140625,130.1753692626953,0.9346346855163574,261.4246826171875,72.33631896972656,0.6461475491523743,172.41519165039062,143.8793487548828,0.9856215119361877,195.9506378173828,95.23570251464844,0.9325445890426636,289.09783935546875,202.20582580566406,0.523201048374176,0.0,0.0,0.39879658818244934,0.0,0.0,0.022300049662590027,0.0,0.0,0.013660714030265808,0.0,0.0,0.0006357869133353233,0.0,0.0,0.0005897299270145595
1093,True,0.0,0.0,0.2524665296077728,0.0,0.0,0.3120219111442566,0.0,0.0,0.003997148480266333,0.0,0.0,0.34733012318611145,0.0,0.0,0.0004128508153371513,0.0,0.0,0.4467198848724365,0.0,0.0,0.17068761587142944,253.90431213378906,132.5467529296875,0.8734390139579773,0.0,0.0,0.41055238246917725,174.24392700195312,141.76063537597656,0.9568654894828796,191.0518798828125,103.95492553710938,0.7962650656700134,0.0,0.0,0.39278534054756165,0.0,0.0,0.2847258150577545,0.0,0.0,0.025606079027056694,0.0,0.0,0.016240129247307777,0.0,0.0,0.0012780209071934223,0.0,0.0,0.0012346702860668302
1094,True,0.0,0.0,0.025942472741007805,0.0,0.0,0.016728240996599197,0.0,0.0,0.00040184269892051816,0.0,0.0,0.044087909162044525,0.0,0.0,0.00021407626627478749,0.0,0.0,0.23762258887290955,0.0,0.0,0.12816122174263,262.4630432128906,125.2204818725586,0.8865282535552979,265.5965270996094,70.43392181396484,0.657248854637146,174.49696350097656,137.8097686767578,0.9726070165634155,196.3750457763672,95.35160064697266,0.9234892725944519,0.0,0.0,0.493628591299057,0.0,0.0,0.4395594000816345,0.0,0.0,0.0501815527677536,0.0,0.0,0.0397757850587368,0.0,0.0,0.00226463470607996,0.0,0.0,0.0024649000260978937
1095,True,0.0,0.0,0.007076422218233347,0.0,0.0,0.0033633902203291655,0.0,0.0,0.0001341133756795898,0.0,0.0,0.010634099133312702,0.0,0.0,0.00013424862117972225,0.0,0.0,0.12480061501264572,0.0,0.0,0.04313177242875099,262.7147216796875,133.3522491455078,0.851852297782898,266.4085693359375,67.31153106689453,0.5277411341667175,179.03526306152344,131.1531524658203,0.965796947479248,197.1327667236328,94.97572326660156,0.8917205929756165,0.0,0.0,0.32859566807746887,0.0,0.0,0.25346142053604126,0.0,0.0,0.02680625207722187,0.0,0.0,0.018926791846752167,0.0,0.0,0.0013892394490540028,0.0,0.0,0.0013606020947918296
1096,True,0.0,0.0,0.005917474627494812,0.0,0.0,0.002576890867203474,0.0,0.0,0.0001059966889442876,0.0,0.0,0.00876957830041647,0.0,0.0,0.00012258956849109381,0.0,0.0,0.1438736468553543,0.0,0.0,0.04144426807761192,266.5979309082031,133.1438751220703,0.8792335391044617,0.0,0.0,0.4962151348590851,182.2960968017578,128.64610290527344,0.9708837866783142,195.43179321289062,90.92427062988281,0.8798443675041199,0.0,0.0,0.36172541975975037,0.0,0.0,0.2530844211578369,0.0,0.0,0.032224737107753754,0.0,0.0,0.019460031762719154,0.0,0.0,0.001428863382898271,0.0,0.0,0.0012398201506584883
1097,True,0.0,0.0,0.003552147885784507,0.0,0.0,0.0014573107473552227,0.0,0.0,6.542956543853506e-05,0.0,0.0,0.0061683314852416515,0.0,0.0,0.00010045733506558463,0.0,0.0,0.12286582589149475,0.0,0.0,0.02518661506474018,266.67669677734375,132.14089965820312,0.8915267586708069,0.0,0.0,0.39350828528404236,183.793212890625,123.62842559814453,0.9685882925987244,194.1655731201172,90.383544921875,0.818726122379303,0.0,0.0,0.36910882592201233,0.0,0.0,0.2188488095998764,0.0,0.0,0.021458765491843224,0.0,0.0,0.010515864938497543,0.0,0.0,0.0008076190133579075,0.0,0.0,0.0006031247903592885
1098,True,0.0,0.0,0.006317381281405687,0.0,0.0,0.002449044259265065,0.0,0.0,0.0001580280950292945,0.0,0.0,0.006935064680874348,0.0,0.0,0.00012050764780724421,0.0,0.0,0.06776876747608185,0.0,0.0,0.04347788169980049,272.72216796875,127.14152526855469,0.774867057800293,263.05633544921875,81.41358184814453,0.5474105477333069,185.99234008789062,118.91664123535156,0.9344492554664612,187.2620086669922,96.54358673095703,0.8516059517860413,0.0,0.0,0.3332352638244629,0.0,0.0,0.2956972122192383,0.0,0.0,0.012881779111921787,0.0,0.0,0.010802941396832466,0.0,0.0,0.000535337720066309,0.0,0.0,0.0005864973063580692
1099,True,0.0,0.0,0.008741619065403938,0.0,0.0,0.003118637017905712,0.0,0.0,0.0002647343499120325,0.0,0.0,0.007572115398943424,0.0,0.0,0.00018025145982392132,0.0,0.0,0.05201444774866104,0.0,0.0,0.07502993196249008,266.8439636230469,126.44757080078125,0.6739488840103149,256.6067810058594,84.8853759765625,0.6792830228805542,178.71490478515625,114.47159576416016,0.903006374835968,180.32003784179688,95.56721496582031,0.8892435431480408,0.0,0.0,0.27294647693634033,0.0,0.0,0.3236622214317322,0.0,0.0,0.008335052989423275,0.0,0.0,0.01013284083455801,0.0,0.0,0.0003839052515104413,0.0,0.0,0.0005466897855512798
1100,True,0.0,0.0,0.0032258802093565464,0.0,0.0,0.0010953826131299138,0.0,0.0,7.918968185549602e-05,0.0,0.0,0.004212706349790096,0.0,0.0,0.00010340556764276698,0.0,0.0,0.04641542211174965,0.0,0.0,0.03382149338722229,262.0064697265625,120.60368347167969,0.7433792352676392,265.64544677734375,74.69084930419922,0.5202012062072754,171.65951538085938,112.85916137695312,0.925877034664154,184.8339080810547,95.74122619628906,0.8439235091209412,0.0,0.0,0.28681719303131104,0.0,0.0,0.2635638117790222,0.0,0.0,0.013524233363568783,0.0,0.0,0.011461407877504826,0.0,0.0,0.0006164493388496339,0.0,0.0,0.0006770780892111361
1101,True,0.0,0.0,0.013502676971256733,0.0,0.0,0.00411100871860981,0.0,0.0,0.00039508676854893565,0.0,0.0,0.006840874440968037,0.0,0.0,0.0003385892778169364,0.0,0.0,0.07120755314826965,0.0,0.0,0.07207086682319641,263.3965148925781,108.61590576171875,0.6953333616256714,261.3843994140625,76.07334899902344,0.543121337890625,165.75164794921875,105.87698364257812,0.9153008460998535,175.01434326171875,97.92172241210938,0.8595643639564514,0.0,0.0,0.21292763948440552,0.0,0.0,0.2176012396812439,0.0,0.0,0.006171111948788166,0.0,0.0,0.006310195662081242,0.0,0.0,0.0002308414550498128,0.0,0.0,0.0002949298359453678
1102,True,0.0,0.0,0.01043140422552824,0.0,0.0,0.00296749803237617,0.0,0.0,0.0002870198804885149,0.0,0.0,0.004822441376745701,0.0,0.0,0.0002240251487819478,0.0,0.0,0.06394607573747635,0.0,0.0,0.06809371709823608,262.5921936035156,116.40414428710938,0.7378772497177124,257.9190673828125,81.77140808105469,0.6138964891433716,163.25115966796875,104.24687957763672,0.9362688064575195,173.47177124023438,97.55282592773438,0.894853949546814,0.0,0.0,0.21924760937690735,0.0,0.0,0.22775889933109283,0.0,0.0,0.0075643290765583515,0.0,0.0,0.007656673900783062,0.0,0.0,0.000301400083117187,0.0,0.0,0.0003801971906796098
1103,True,0.0,0.0,0.00440793065354228,0.0,0.0,0.001105152303352952,0.0,0.0,0.00013223804126027972,0.0,0.0,0.0024342024698853493,0.0,0.0,0.0001221360289491713,0.0,0.0,0.03271333500742912,0.0,0.0,0.04948292300105095,264.62945556640625,123.45838165283203,0.6800686120986938,262.5507507324219,83.57717895507812,0.6784693002700806,164.10940551757812,104.24769592285156,0.9231609106063843,177.5397491455078,96.29002380371094,0.90953129529953,0.0,0.0,0.2135697454214096,0.0,0.0,0.2552160918712616,0.0,0.0,0.006320537067949772,0.0,0.0,0.007758744060993195,0.0,0.0,0.00026010407600551844,0.0,0.0,0.00036992045352235436
1104,True,0.0,0.0,0.00894530676305294,0.0,0.0,0.00224983599036932,0.0,0.0,0.00029258764698170125,0.0,0.0,0.0032108372543007135,0.0,0.0,0.00023493189655710012,0.0,0.0,0.04093325138092041,0.0,0.0,0.05589946359395981,264.0207214355469,114.82215881347656,0.6387439966201782,261.2137145996094,83.70458221435547,0.5945095419883728,161.7729034423828,103.11283874511719,0.9119122624397278,172.76663208007812,99.79777526855469,0.8898833394050598,0.0,0.0,0.14794781804084778,0.0,0.0,0.17442861199378967,0.0,0.0,0.004975395742803812,0.0,0.0,0.005902260076254606,0.0,0.0,0.00022903781791683286,0.0,0.0,0.0003214858879800886
1105,True,0.0,0.0,0.006866258569061756,0.0,0.0,0.0018422147259116173,0.0,0.0,0.00020063020929228514,0.0,0.0,0.003576485440135002,0.0,0.0,0.00016308436170220375,0.0,0.0,0.040467165410518646,0.0,0.0,0.06317809224128723,263.6231384277344,124.6767578125,0.6642593145370483,258.72149658203125,87.3370590209961,0.6645779013633728,161.6901397705078,104.13374328613281,0.9135956764221191,169.40948486328125,96.94154357910156,0.9013158679008484,0.0,0.0,0.18844319880008698,0.0,0.0,0.23234064877033234,0.0,0.0,0.005746480543166399,0.0,0.0,0.007105969823896885,0.0,0.0,0.000244096401729621,0.0,0.0,0.00035308412043377757
1106,True,0.0,0.0,0.00892915204167366,0.0,0.0,0.0026196015533059835,0.0,0.0,0.0002456782676745206,0.0,0.0,0.005431629717350006,0.0,0.0,0.00020627767662517726,0.0,0.0,0.04757151007652283,0.0,0.0,0.06443298608064651,263.5910339355469,114.94876098632812,0.6741845607757568,261.4251708984375,91.31390380859375,0.5982797145843506,160.71426391601562,102.82766723632812,0.9101135730743408,164.95623779296875,96.704345703125,0.8708460927009583,0.0,0.0,0.15779158473014832,0.0,0.0,0.1810704916715622,0.0,0.0,0.004870039410889149,0.0,0.0,0.005259547382593155,0.0,0.0,0.00021995756833348423,0.0,0.0,0.0002902272390201688
1107,True,0.0,0.0,0.01143320370465517,0.0,0.0,0.004003248643130064,0.0,0.0,0.00030732934828847647,0.0,0.0,0.008706111460924149,0.0,0.0,0.0002589149517007172,0.0,0.0,0.04944714158773422,0.0,0.0,0.08337941765785217,258.1736145019531,110.81539916992188,0.6272304654121399,255.98757934570312,87.41682434082031,0.6431442499160767,157.6541748046875,99.79495239257812,0.8903017044067383,160.51791381835938,94.6165771484375,0.879921555519104,0.0,0.0,0.17364777624607086,0.0,0.0,0.22792352735996246,0.0,0.0,0.005707473959773779,0.0,0.0,0.007103971671313047,0.0,0.0,0.000286798836896196,0.0,0.0,0.0004275491228327155
1108,True,0.0,0.0,0.005642496980726719,0.0,0.0,0.0012598021421581507,0.0,0.0,0.00018197717145085335,0.0,0.0,0.002767369383946061,0.0,0.0,0.0002035303768934682,0.0,0.0,0.030055709183216095,0.0,0.0,0.07619025558233261,257.1936340332031,104.42764282226562,0.6273296475410461,255.41656494140625,86.16317749023438,0.7485210299491882,155.31472778320312,97.67784118652344,0.900248646736145,158.45208740234375,93.79290771484375,0.9253929257392883,0.0,0.0,0.16057835519313812,0.0,0.0,0.2376144975423813,0.0,0.0,0.004018445499241352,0.0,0.0,0.005891760811209679,0.0,0.0,0.00016831810353323817,0.0,0.0,0.00027682114159688354
1109,True,0.0,0.0,0.004106712527573109,0.0,0.0,0.0014186766929924488,0.0,0.0,7.922093936940655e-05,0.0,0.0,0.005811484530568123,0.0,0.0,0.00012561258336063474,0.0,0.0,0.05396413803100586,0.0,0.0,0.03635340556502342,252.58753967285156,91.53953552246094,0.7885420322418213,0.0,0.0,0.457469642162323,152.11636352539062,97.11724853515625,0.9325347542762756,158.93260192871094,92.64237976074219,0.8141429424285889,0.0,0.0,0.2388007491827011,0.0,0.0,0.19733735918998718,0.0,0.0,0.00628308393061161,0.0,0.0,0.004630421753972769,0.0,0.0,0.00019897811580449343,0.0,0.0,0.00020400328503455967
1110,True,0.0,0.0,0.0035112733021378517,0.0,0.0,0.0009636033792048693,0.0,0.0,9.638490155339241e-05,0.0,0.0,0.003147923620417714,0.0,0.0,0.00018660347268451005,0.0,0.0,0.03815555199980736,0.0,0.0,0.051298681646585464,242.9273681640625,95.04554748535156,0.6912536025047302,246.330810546875,79.06680297851562,0.5653044581413269,143.08151245117188,92.80758666992188,0.8948478698730469,147.55784606933594,91.59420776367188,0.8487242460250854,0.0,0.0,0.22317473590373993,0.0,0.0,0.2423481047153473,0.0,0.0,0.006823728792369366,0.0,0.0,0.006743274163454771,0.0,0.0,0.0002545856696087867,0.0,0.0,0.00031847343780100346
1111,True,0.0,0.0,0.0034613138996064663,0.0,0.0,0.0008825949626043439,0.0,0.0,0.00010369597293902189,0.0,0.0,0.0027703435625880957,0.0,0.0,0.00021879939595237374,0.0,0.0,0.03889281675219536,0.0,0.0,0.04683437570929527,237.31024169921875,89.81538391113281,0.7148236632347107,243.4783172607422,74.525390625,0.550535261631012,140.3226318359375,91.061767578125,0.9030840992927551,147.11453247070312,89.52667236328125,0.8474456667900085,0.0,0.0,0.21041826903820038,0.0,0.0,0.21526099741458893,0.0,0.0,0.005950787104666233,0.0,0.0,0.005502474959939718,0.0,0.0,0.00022483571956399828,0.0,0.0,0.00026418091147206724
1112,True,0.0,0.0,0.003117071930319071,0.0,0.0,0.0008521548588760197,0.0,0.0,8.244738273788244e-05,0.0,0.0,0.003129099728539586,0.0,0.0,0.00020557375682983547,0.0,0.0,0.050106294453144073,0.0,0.0,0.03747725486755371,233.30577087402344,88.04107666015625,0.7782881855964661,0.0,0.0,0.464794784784317,136.78250122070312,90.66110229492188,0.918734073638916,145.05007934570312,89.837158203125,0.8084547519683838,0.0,0.0,0.22213990986347198,0.0,0.0,0.18579047918319702,0.0,0.0,0.005919977556914091,0.0,0.0,0.0042802076786756516,0.0,0.0,0.00020619960559997708,0.0,0.0,0.00020478302030824125
1113,True,0.0,0.0,0.0025336043909192085,0.0,0.0,0.0006760837859474123,0.0,0.0,7.203096174634993e-05,0.0,0.0,0.0028205064591020346,0.0,0.0,0.00020322400087025017,0.0,0.0,0.038130518049001694,0.0,0.0,0.043300844728946686,228.56735229492188,83.53993225097656,0.7197297215461731,238.14610290527344,70.45304870605469,0.5338044762611389,138.26336669921875,91.6189956665039,0.8959161639213562,146.84268188476562,89.66203308105469,0.8321549892425537,0.0,0.0,0.25433313846588135,0.0,0.0,0.25063300132751465,0.0,0.0,0.005482625216245651,0.0,0.0,0.004836427979171276,0.0,0.0,0.00018312387692276388,0.0,0.0,0.0002094880328513682
1114,True,0.0,0.0,0.002830187091603875,0.0,0.0,0.000708435196429491,0.0,0.0,8.632330718683079e-05,0.0,0.0,0.003349730744957924,0.0,0.0,0.0003080445167142898,0.0,0.0,0.05565040186047554,0.0,0.0,0.06313605606555939,223.44944763183594,84.63382720947266,0.7429664134979248,234.81192016601562,73.25067138671875,0.5698553323745728,136.352294921875,89.919921875,0.8915285468101501,144.97320556640625,89.37673950195312,0.8352755308151245,0.0,0.0,0.26043227314949036,0.0,0.0,0.2566464841365814,0.0,0.0,0.0057425666600465775,0.0,0.0,0.005152001976966858,0.0,0.0,0.00018992138211615384,0.0,0.0,0.00021857066894881427
1115,True,0.0,0.0,0.002174095017835498,0.0,0.0,0.0005350793362595141,0.0,0.0,6.548168312292546e-05,0.0,0.0,0.0025056968443095684,0.0,0.0,0.00022190669551491737,0.0,0.0,0.033541057258844376,0.0,0.0,0.049060799181461334,223.22377014160156,78.14857482910156,0.6750665903091431,234.17010498046875,67.32671356201172,0.572177529335022,135.8536834716797,90.87296295166016,0.8748132586479187,145.24871826171875,87.99380493164062,0.8502158522605896,0.0,0.0,0.23621925711631775,0.0,0.0,0.2569538950920105,0.0,0.0,0.0045329672284424305,0.0,0.0,0.004751304164528847,0.0,0.0,0.00015227559197228402,0.0,0.0,0.00019796662672888488
1116,True,0.0,0.0,0.002291243989020586,0.0,0.0,0.0005775396130047739,0.0,0.0,6.800246046623215e-05,0.0,0.0,0.0025301568675786257,0.0,0.0,0.00021355315402615815,0.0,0.0,0.033370476216077805,0.0,0.0,0.04485372453927994,223.1182403564453,76.71114349365234,0.6801817417144775,233.15484619140625,67.26177978515625,0.539505124092102,135.70382690429688,91.00726318359375,0.8778972029685974,143.81504821777344,89.22564697265625,0.8393985033035278,0.0,0.0,0.22998376190662384,0.0,0.0,0.24053721129894257,0.0,0.0,0.004478787537664175,0.0,0.0,0.004405093379318714,0.0,0.0,0.00015434321539942175,0.0,0.0,0.00019165375852026045
1117,True,0.0,0.0,0.0023223625030368567,0.0,0.0,0.000601810694206506,0.0,0.0,6.718129588989541e-05,0.0,0.0,0.0030729088466614485,0.0,0.0,0.0002520278503652662,0.0,0.0,0.044499993324279785,0.0,0.0,0.05145403370261192,223.43898010253906,78.73477172851562,0.7106081247329712,233.93917846679688,68.61559295654297,0.5162270069122314,133.51365661621094,89.5636215209961,0.8754706978797913,142.76388549804688,88.11737060546875,0.8115509152412415,0.0,0.0,0.24443060159683228,0.0,0.0,0.24150386452674866,0.0,0.0,0.005264366511255503,0.0,0.0,0.00475357985123992,0.0,0.0,0.00017649504297878593,0.0,0.0,0.0002056663070106879
1118,True,0.0,0.0,0.0021091217640787363,0.0,0.0,0.0005618315190076828,0.0,0.0,6.0765505622839555e-05,0.0,0.0,0.005174977704882622,0.0,0.0,0.0003472671378403902,0.0,0.0,0.0634407326579094,0.0,0.0,0.08398482948541641,219.4120635986328,77.81053161621094,0.6832345724105835,231.10572814941406,69.39439392089844,0.5540575981140137,133.44873046875,91.14308166503906,0.8048600554466248,139.17640686035156,87.66543579101562,0.7671970725059509,0.0,0.0,0.2478121519088745,0.0,0.0,0.2704240083694458,0.0,0.0,0.004633736796677113,0.0,0.0,0.0047279722057282925,0.0,0.0,0.00017036194913089275,0.0,0.0,0.00021821021800860763
1119,True,0.0,0.0,0.005506959743797779,0.0,0.0,0.001470767194405198,0.0,0.0,0.0001664345763856545,0.0,0.0,0.0041896081529557705,0.0,0.0,0.00038359282189048827,0.0,0.0,0.06277026981115341,0.0,0.0,0.07750122249126434,225.4833984375,81.37583923339844,0.7407477498054504,230.5835723876953,69.70198059082031,0.5862709879875183,129.42568969726562,86.61547088623047,0.8913655281066895,138.2705078125,87.63482666015625,0.8489444851875305,0.0,0.0,0.30217811465263367,0.0,0.0,0.3115755021572113,0.0,0.0,0.0071719978004693985,0.0,0.0,0.007041348610073328,0.0,0.0,0.00020824972307309508,0.0,0.0,0.0002623413747642189
1120,True,0.0,0.0,0.002232700353488326,0.0,0.0,0.0005686379736289382,0.0,0.0,6.548225064761937e-05,0.0,0.0,0.002549267839640379,0.0,0.0,0.00025539108901284635,0.0,0.0,0.046338215470314026,0.0,0.0,0.04260110482573509,224.79379272460938,85.32328796386719,0.7124369740486145,0.0,0.0,0.47695910930633545,131.33602905273438,89.47976684570312,0.8740513920783997,143.37875366210938,86.11199951171875,0.7970298528671265,0.0,0.0,0.23050127923488617,0.0,0.0,0.2149057388305664,0.0,0.0,0.005753995850682259,0.0,0.0,0.005071156192570925,0.0,0.0,0.00020214235701132566,0.0,0.0,0.00023175645037554204
1121,True,0.0,0.0,0.002139120828360319,0.0,0.0,0.0004115768533665687,0.0,0.0,8.093598444247618e-05,0.0,0.0,0.0015541627071797848,0.0,0.0,0.0002938411489594728,0.0,0.0,0.03287404775619507,0.0,0.0,0.059162646532058716,226.7115478515625,85.52059936523438,0.6500106453895569,233.32041931152344,70.884521484375,0.6353279948234558,133.46127319335938,91.17229461669922,0.8609136343002319,142.59326171875,88.85846710205078,0.87537682056427,0.0,0.0,0.250990092754364,0.0,0.0,0.29408755898475647,0.0,0.0,0.004114375915378332,0.0,0.0,0.005186690483242273,0.0,0.0,0.00012210413115099072,0.0,0.0,0.0001775200362317264
1122,True,0.0,0.0,0.0025326695758849382,0.0,0.0,0.0005125529132783413,0.0,0.0,8.402744424529374e-05,0.0,0.0,0.0016139284707605839,0.0,0.0,0.00025028432719409466,0.0,0.0,0.0406830869615078,0.0,0.0,0.041291672736406326,238.59027099609375,85.10975646972656,0.7301701307296753,243.75852966308594,68.064453125,0.5328218340873718,137.92172241210938,93.46759796142578,0.909619927406311,143.254150390625,89.30233001708984,0.8607993125915527,0.0,0.0,0.2534438669681549,0.0,0.0,0.2382127344608307,0.0,0.0,0.004347279202193022,0.0,0.0,0.004190885461866856,0.0,0.0,0.00011469360470073298,0.0,0.0,0.00013867169036529958
1123,True,0.0,0.0,0.0049448334611952305,0.0,0.0,0.0012146292719990015,0.0,0.0,0.00012730485468637198,0.0,0.0,0.003689116332679987,0.0,0.0,0.00024670988204889,0.0,0.0,0.08714081346988678,0.0,0.0,0.0569128692150116,240.3312530517578,100.07433319091797,0.8326353430747986,242.79864501953125,84.62965393066406,0.5464227199554443,137.54151916503906,92.62358856201172,0.9397545456886292,140.58596801757812,88.90504455566406,0.8614168167114258,0.0,0.0,0.2330034226179123,0.0,0.0,0.1891690343618393,0.0,0.0,0.006076335906982422,0.0,0.0,0.004879518412053585,0.0,0.0,0.00016661416157148778,0.0,0.0,0.00018012637156061828
1124,True,0.0,0.0,0.00640685623511672,0.0,0.0,0.001724693109281361,0.0,0.0,0.00016716618847567588,0.0,0.0,0.004436257760971785,0.0,0.0,0.00025357765844091773,0.0,0.0,0.07251236587762833,0.0,0.0,0.057557519525289536,247.82791137695312,100.44438171386719,0.7843490242958069,250.29893493652344,84.80750274658203,0.5233079195022583,142.6052703857422,93.95377349853516,0.9295344948768616,145.89915466308594,90.22325134277344,0.8516800403594971,0.0,0.0,0.2075381875038147,0.0,0.0,0.18369510769844055,0.0,0.0,0.006862305570393801,0.0,0.0,0.005779591389000416,0.0,0.0,0.0002134155365638435,0.0,0.0,0.00023994020011741668
1125,True,0.0,0.0,0.004826889839023352,0.0,0.0,0.0011400001822039485,0.0,0.0,0.00016066939861048013,0.0,0.0,0.002403671620413661,0.0,0.0,0.00021374420612119138,0.0,0.0,0.04637930542230606,0.0,0.0,0.05249982327222824,254.85768127441406,101.17031860351562,0.7402139902114868,247.45632934570312,85.22647094726562,0.6100291013717651,150.59494018554688,94.2511215209961,0.9228595495223999,152.02285766601562,92.61309051513672,0.8888582587242126,0.0,0.0,0.23656418919563293,0.0,0.0,0.24064277112483978,0.0,0.0,0.005951367784291506,0.0,0.0,0.006115174852311611,0.0,0.0,0.00017364740779157728,0.0,0.0,0.00022118828201200813
1126,True,0.0,0.0,0.0025889049284160137,0.0,0.0,0.0005461582913994789,0.0,0.0,9.490639058640227e-05,0.0,0.0,0.0015096917049959302,0.0,0.0,0.0001292654633289203,0.0,0.0,0.036641430109739304,0.0,0.0,0.05265611782670021,260.8895568847656,110.08833312988281,0.755508303642273,247.29745483398438,81.14520263671875,0.7349164485931396,155.17349243164062,98.76416015625,0.9381734132766724,155.0806884765625,92.70689392089844,0.9348567724227905,0.0,0.0,0.31368014216423035,0.0,0.0,0.34838050603866577,0.0,0.0,0.005132762249559164,0.0,0.0,0.006224675104022026,0.0,0.0,0.00012054108083248138,0.0,0.0,0.00017151690553873777
1127,True,0.0,0.0,0.00380021333694458,0.0,0.0,0.0009555580327287316,0.0,0.0,0.00012050075747538358,0.0,0.0,0.0028785192407667637,0.0,0.0,0.00016748305642977357,0.0,0.0,0.050533588975667953,0.0,0.0,0.05600051209330559,264.1491394042969,117.63555908203125,0.7416002154350281,251.37710571289062,88.81053161621094,0.6196193695068359,156.75967407226562,97.40814208984375,0.9181219935417175,156.42919921875,94.39761352539062,0.8792836666107178,0.0,0.0,0.2550051510334015,0.0,0.0,0.26273587346076965,0.0,0.0,0.007590972352772951,0.0,0.0,0.007837409153580666,0.0,0.0,0.00024381819821428508,0.0,0.0,0.0003107953234575689
1128,True,0.0,0.0,0.0055916509591042995,0.0,0.0,0.0017398023046553135,0.0,0.0,0.00014947110321372747,0.0,0.0,0.004560778848826885,0.0,0.0,0.00016904510266613215,0.0,0.0,0.08764951676130295,0.0,0.0,0.04398581013083458,262.7388916015625,114.21856689453125,0.8329399228096008,0.0,0.0,0.4691750109195709,162.48712158203125,97.62509155273438,0.9483891129493713,164.20196533203125,93.87629699707031,0.8322002291679382,0.0,0.0,0.31564974784851074,0.0,0.0,0.2338738590478897,0.0,0.0,0.011286807246506214,0.0,0.0,0.007571585476398468,0.0,0.0,0.0003153214347548783,0.0,0.0,0.00029759903554804623
1129,True,0.0,0.0,0.006005292292684317,0.0,0.0,0.0020445853006094694,0.0,0.0,0.00013671501073986292,0.0,0.0,0.0053686401806771755,0.0,0.0,0.00012247226550243795,0.0,0.0,0.08833827823400497,0.0,0.0,0.04766751080751419,260.5072326660156,120.70781707763672,0.84730064868927,250.1776123046875,84.36579132080078,0.5314363837242126,163.93048095703125,99.40853881835938,0.9581078886985779,169.20196533203125,94.87739562988281,0.8651785850524902,0.0,0.0,0.3283305764198303,0.0,0.0,0.2557639479637146,0.0,0.0,0.011294961906969547,0.0,0.0,0.007788752671331167,0.0,0.0,0.0003314861678518355,0.0,0.0,0.00032211022335104644
1130,True,0.0,0.0,0.00317503628320992,0.0,0.0,0.0010656081140041351,0.0,0.0,9.937081631505862e-05,0.0,0.0,0.0051482003182172775,0.0,0.0,0.0001636413944652304,0.0,0.0,0.05424477905035019,0.0,0.0,0.041199762374162674,262.8361511230469,116.64834594726562,0.6730372905731201,0.0,0.0,0.43822380900382996,167.0768280029297,104.39881896972656,0.849377453327179,170.88766479492188,94.91757202148438,0.7367091774940491,0.0,0.0,0.28425905108451843,0.0,0.0,0.2635144293308258,0.0,0.0,0.010567971505224705,0.0,0.0,0.00976355280727148,0.0,0.0,0.0004059234634041786,0.0,0.0,0.00047504715621471405
1131,True,0.0,0.0,0.004425874911248684,0.0,0.0,0.0013990772422403097,0.0,0.0,0.00014430430019274354,0.0,0.0,0.0053033484145998955,0.0,0.0,0.00016387889627367258,0.0,0.0,0.0728238970041275,0.0,0.0,0.06703940033912659,265.85723876953125,115.68075561523438,0.7632971405982971,254.9632110595703,73.94113159179688,0.6421239376068115,172.2440643310547,108.36282348632812,0.918799102306366,182.96971130371094,91.81939697265625,0.8791623115539551,0.0,0.0,0.4380471408367157,0.0,0.0,0.4330153167247772,0.0,0.0,0.01816861890256405,0.0,0.0,0.019187072291970253,0.0,0.0,0.0005871357279829681,0.0,0.0,0.0007529006688855588
1132,True,0.0,0.0,0.0022995478939265013,0.0,0.0,0.0005801746738143265,0.0,0.0,8.61303269630298e-05,0.0,0.0,0.001815677504055202,0.0,0.0,0.00012078190775355324,0.0,0.0,0.035157460719347,0.0,0.0,0.029833098873496056,270.5997009277344,119.40603637695312,0.7146543264389038,261.6459655761719,71.23124694824219,0.5694761276245117,173.87127685546875,111.5860595703125,0.9210101962089539,185.7382354736328,93.97061157226562,0.8770732879638672,0.0,0.0,0.27716371417045593,0.0,0.0,0.26736703515052795,0.0,0.0,0.008927661925554276,0.0,0.0,0.008979987353086472,0.0,0.0,0.0003350017941556871,0.0,0.0,0.0004071442235726863
1133,True,0.0,0.0,0.0037199161015450954,0.0,0.0,0.0009685137192718685,0.0,0.0,0.00011062794510507956,0.0,0.0,0.0035537127405405045,0.0,0.0,0.0001926730474224314,0.0,0.0,0.09649244695901871,0.0,0.0,0.04606058821082115,268.4698791503906,111.67852783203125,0.8753687739372253,267.14935302734375,71.72758483886719,0.5737183690071106,180.78822326660156,115.81777954101562,0.9638879895210266,194.70982360839844,94.79158782958984,0.8846580386161804,0.0,0.0,0.411215215921402,0.0,0.0,0.3045860528945923,0.0,0.0,0.00876438245177269,0.0,0.0,0.005923969205468893,0.0,0.0,0.00019754313689190894,0.0,0.0,0.0001848725078161806
1134,True,0.0,0.0,0.002603826578706503,0.0,0.0,0.0005769163253717124,0.0,0.0,9.465846233069897e-05,0.0,0.0,0.0020956993103027344,0.0,0.0,0.00019129208521917462,0.0,0.0,0.06468212604522705,0.0,0.0,0.049391746520996094,268.1773681640625,113.9752197265625,0.8349371552467346,266.244140625,71.23811340332031,0.6784502267837524,179.6506805419922,115.50830078125,0.9568135142326355,196.1405487060547,93.78556060791016,0.9195486903190613,0.0,0.0,0.41387131810188293,0.0,0.0,0.36604586243629456,0.0,0.0,0.008525176905095577,0.0,0.0,0.007626390550285578,0.0,0.0,0.00019236977095715702,0.0,0.0,0.00021776024368591607
1135,True,0.0,0.0,0.002638895297423005,0.0,0.0,0.0006966524524614215,0.0,0.0,7.861026824684814e-05,0.0,0.0,0.0024874748196452856,0.0,0.0,0.00012080493615940213,0.0,0.0,0.06906995922327042,0.0,0.0,0.03231735900044441,274.31207275390625,132.10281372070312,0.8235989212989807,268.159423828125,72.20018768310547,0.5350179076194763,184.33673095703125,124.57000732421875,0.9521214365959167,198.12437438964844,91.14414978027344,0.8705886006355286,0.0,0.0,0.3146028220653534,0.0,0.0,0.24419835209846497,0.0,0.0,0.013466286472976208,0.0,0.0,0.009934312663972378,0.0,0.0,0.0005150354118086398,0.0,0.0,0.0004989770823158324
1136,True,0.0,0.0,0.001528398715890944,0.0,0.0,0.0003492615942377597,0.0,0.0,4.34533430961892e-05,0.0,0.0,0.0016464979853481054,0.0,0.0,8.250879909610376e-05,0.0,0.0,0.062309831380844116,0.0,0.0,0.03680937737226486,272.82208251953125,128.4335479736328,0.8867178559303284,266.4685363769531,62.785369873046875,0.7277726531028748,193.96978759765625,132.16119384765625,0.9755510091781616,205.85763549804688,87.86643981933594,0.9446169137954712,0.0,0.0,0.4672203063964844,0.0,0.0,0.3959859311580658,0.0,0.0,0.01117209903895855,0.0,0.0,0.008740685880184174,0.0,0.0,0.0002517718239687383,0.0,0.0,0.00025585124967619777
1137,True,0.0,0.0,0.003125538118183613,0.0,0.0,0.0007496936013922095,0.0,0.0,8.577689004596323e-05,0.0,0.0,0.0026857315097004175,0.0,0.0,0.00010418551391921937,0.0,0.0,0.07892054319381714,0.0,0.0,0.0542849563062191,275.88031005859375,132.2078094482422,0.8823321461677551,267.0104064941406,66.7841796875,0.7655582427978516,199.29730224609375,135.9093017578125,0.9753792881965637,206.9838409423828,87.97796630859375,0.9503830075263977,0.0,0.0,0.42194196581840515,0.0,0.0,0.3754916489124298,0.0,0.0,0.010594483464956284,0.0,0.0,0.008902939036488533,0.0,0.0,0.0002661571779754013,0.0,0.0,0.00028543328517116606
1138,True,0.0,0.0,0.003405289724469185,0.0,0.0,0.000728241226170212,0.0,0.0,0.00011498939420562238,0.0,0.0,0.0017646215856075287,0.0,0.0,0.00010886213567573577,0.0,0.0,0.04940345510840416,0.0,0.0,0.04652135819196701,281.9600830078125,140.58792114257812,0.8021537065505981,267.5608215332031,66.75090026855469,0.7658308148384094,202.10726928710938,137.8603973388672,0.963874340057373,207.32261657714844,93.30143737792969,0.9526269435882568,0.0,0.0,0.2724654972553253,0.0,0.0,0.2803908586502075,0.0,0.0,0.006417820695787668,0.0,0.0,0.006890603341162205,0.0,0.0,0.00021346336870919913,0.0,0.0,0.0002705315127968788
1139,True,0.0,0.0,0.003729361342266202,0.0,0.0,0.0008755147573538125,0.0,0.0,0.00012025315663777292,0.0,0.0,0.001836656010709703,0.0,0.0,9.729662997415289e-05,0.0,0.0,0.049428071826696396,0.0,0.0,0.03373509272933006,283.38201904296875,130.4805908203125,0.8241353034973145,267.15460205078125,72.35784149169922,0.6763929724693298,205.7809295654297,139.08584594726562,0.9682931303977966,211.09706115722656,97.34034729003906,0.9365501999855042,0.0,0.0,0.28778189420700073,0.0,0.0,0.24696084856987,0.0,0.0,0.006161679048091173,0.0,0.0,0.005229111760854721,0.0,0.0,0.00018839050608221442,0.0,0.0,0.00020248630607966334
1140,True,0.0,0.0,0.0069476040080189705,0.0,0.0,0.0017947698943316936,0.0,0.0,0.00022189866285771132,0.0,0.0,0.002903545508161187,0.0,0.0,0.00011739144974853843,0.0,0.0,0.056799087673425674,0.0,0.0,0.04436798393726349,286.63470458984375,134.08560180664062,0.8073967695236206,268.69561767578125,75.64225006103516,0.699980616569519,206.31272888183594,141.183837890625,0.9681524038314819,214.1540985107422,102.97247314453125,0.9417892098426819,0.0,0.0,0.26170411705970764,0.0,0.0,0.24145343899726868,0.0,0.0,0.006426431238651276,0.0,0.0,0.005833655130118132,0.0,0.0,0.0002173014363506809,0.0,0.0,0.000245742907281965
1141,True,0.0,0.0,0.004282600246369839,0.0,0.0,0.0011101092677563429,0.0,0.0,0.0001420041371602565,0.0,0.0,0.002172627719119191,0.0,0.0,0.00010350985394325107,0.0,0.0,0.05212195962667465,0.0,0.0,0.029551470652222633,285.34600830078125,134.39434814453125,0.8070513606071472,270.1300354003906,79.99141693115234,0.5838569402694702,203.73365783691406,139.14308166503906,0.9618646502494812,216.17355346679688,106.88262939453125,0.9057919383049011,0.0,0.0,0.2628377079963684,0.0,0.0,0.2092888355255127,0.0,0.0,0.006480706389993429,0.0,0.0,0.004901715088635683,0.0,0.0,0.00022866667131893337,0.0,0.0,0.0002262703637825325
1142,True,0.0,0.0,0.00364404427818954,0.0,0.0,0.0008384998072870076,0.0,0.0,0.00013709333143197,0.0,0.0,0.0018152818083763123,0.0,0.0,0.00013207257143221796,0.0,0.0,0.053716640919446945,0.0,0.0,0.03320501744747162,280.0328063964844,127.00969696044922,0.8166030049324036,267.9756774902344,78.1916732788086,0.6124887466430664,202.3241729736328,137.7386474609375,0.9595436453819275,214.43048095703125,107.83785247802734,0.9095972776412964,0.0,0.0,0.2965638339519501,0.0,0.0,0.23894448578357697,0.0,0.0,0.005811129231005907,0.0,0.0,0.004520614165812731,0.0,0.0,0.00018426746828481555,0.0,0.0,0.00018436975369695574
1143,True,0.0,0.0,0.003248985856771469,0.0,0.0,0.0007886660168878734,0.0,0.0,0.00011683430784614757,0.0,0.0,0.001866983831860125,0.0,0.0,0.00010708189802244306,0.0,0.0,0.0471792034804821,0.0,0.0,0.03607674315571785,280.2220458984375,127.74018859863281,0.8211878538131714,266.0018310546875,73.10132598876953,0.6808987855911255,200.45562744140625,137.3416748046875,0.9652930498123169,214.74937438964844,106.66180419921875,0.9313095808029175,0.0,0.0,0.34566712379455566,0.0,0.0,0.30472975969314575,0.0,0.0,0.007066558580845594,0.0,0.0,0.0058792512863874435,0.0,0.0,0.00021243760420475155,0.0,0.0,0.00022425978386308998
1144,True,0.0,0.0,0.0023900591768324375,0.0,0.0,0.0005022869445383549,0.0,0.0,8.909825555747375e-05,0.0,0.0,0.0011756019666790962,0.0,0.0,9.905699698720127e-05,0.0,0.0,0.04010961949825287,0.0,0.0,0.02592051587998867,282.49359130859375,123.53289794921875,0.8169184327125549,267.2891845703125,71.18865966796875,0.6265389323234558,202.5780029296875,137.31434631347656,0.9655082821846008,215.16357421875,104.80680847167969,0.9243008494377136,0.0,0.0,0.29218044877052307,0.0,0.0,0.23732870817184448,0.0,0.0,0.005734442267566919,0.0,0.0,0.004473086912184954,0.0,0.0,0.0001804321800591424,0.0,0.0,0.0001808364177122712
1145,True,0.0,0.0,0.0023333036806434393,0.0,0.0,0.0005174351972527802,0.0,0.0,8.346133108716458e-05,0.0,0.0,0.0013051665155217052,0.0,0.0,0.00010162914986722171,0.0,0.0,0.047082219272851944,0.0,0.0,0.023560529574751854,279.80340576171875,126.21017456054688,0.835509717464447,269.7245178222656,73.46473693847656,0.5804305076599121,201.38455200195312,135.67039489746094,0.9664349555969238,213.4195556640625,105.58090209960938,0.9103493690490723,0.0,0.0,0.2944379150867462,0.0,0.0,0.219617560505867,0.0,0.0,0.005985959433019161,0.0,0.0,0.004219404887408018,0.0,0.0,0.00018113756959792227,0.0,0.0,0.0001692171790637076
1146,True,0.0,0.0,0.0020872412715107203,0.0,0.0,0.0004944243119098246,0.0,0.0,6.367581227095798e-05,0.0,0.0,0.0014448183355852962,0.0,0.0,7.988823927007616e-05,0.0,0.0,0.051480621099472046,0.0,0.0,0.01992742344737053,280.428466796875,122.01053619384766,0.8572709560394287,269.64453125,71.27716064453125,0.5259022116661072,201.48683166503906,135.34579467773438,0.9705904126167297,213.62461853027344,104.43257141113281,0.8981202840805054,0.0,0.0,0.30781522393226624,0.0,0.0,0.206350639462471,0.0,0.0,0.006039828062057495,0.0,0.0,0.0037855980917811394,0.0,0.0,0.00017315040167886764,0.0,0.0,0.00015017553232610226
1147,True,0.0,0.0,0.0018675019964575768,0.0,0.0,0.00045398951624520123,0.0,0.0,5.305579543346539e-05,0.0,0.0,0.001358104171231389,0.0,0.0,6.761281110811979e-05,0.0,0.0,0.04849435016512871,0.0,0.0,0.01654919423162937,281.5146179199219,121.2870101928711,0.8631018996238708,0.0,0.0,0.4922562837600708,202.23703002929688,134.95144653320312,0.9742417335510254,214.5753631591797,104.11320495605469,0.8962531089782715,0.0,0.0,0.2877928614616394,0.0,0.0,0.18164700269699097,0.0,0.0,0.006385818589478731,0.0,0.0,0.003689931472763419,0.0,0.0,0.00019012215489055961,0.0,0.0,0.00015580309263896197
1148,True,0.0,0.0,0.0025175127666443586,0.0,0.0,0.0006030394579283893,0.0,0.0,7.61937553761527e-05,0.0,0.0,0.0016427194932475686,0.0,0.0,8.031063043745235e-05,0.0,0.0,0.04553624242544174,0.0,0.0,0.024860979989171028,281.61810302734375,116.4033203125,0.8483022451400757,270.1029052734375,68.07186126708984,0.6035264730453491,200.9051971435547,135.55833435058594,0.9722611308097839,212.81875610351562,104.7142333984375,0.9218429923057556,0.0,0.0,0.3401317894458771,0.0,0.0,0.25954437255859375,0.0,0.0,0.006296062842011452,0.0,0.0,0.004448552615940571,0.0,0.0,0.00016812418471090496,0.0,0.0,0.00015946076018735766
1149,True,0.0,0.0,0.0022359234280884266,0.0,0.0,0.0005418974906206131,0.0,0.0,6.841230060672387e-05,0.0,0.0,0.0015147676458582282,0.0,0.0,7.658237154828385e-05,0.0,0.0,0.04048793017864227,0.0,0.0,0.024891367182135582,281.411376953125,121.8729248046875,0.8256275057792664,270.7764892578125,67.00486755371094,0.6154436469078064,198.5609130859375,133.94500732421875,0.9687739610671997,211.90789794921875,104.47367858886719,0.9238335490226746,0.0,0.0,0.3369441330432892,0.0,0.0,0.27533915638923645,0.0,0.0,0.007187102921307087,0.0,0.0,0.005511024966835976,0.0,0.0,0.00020111189223825932,0.0,0.0,0.00020267580111976713
1150,True,0.0,0.0,0.0030276135075837374,0.0,0.0,0.000823458656668663,0.0,0.0,8.220809104386717e-05,0.0,0.0,0.002222558716312051,0.0,0.0,7.818324229447171e-05,0.0,0.0,0.054034169763326645,0.0,0.0,0.02690606378018856,280.7599792480469,127.52072143554688,0.8475693464279175,271.2335205078125,68.70809173583984,0.5957603454589844,197.91439819335938,135.7478485107422,0.9718019366264343,211.71780395507812,103.29672241210938,0.9176722168922424,0.0,0.0,0.33585312962532043,0.0,0.0,0.25848209857940674,0.0,0.0,0.007682483177632093,0.0,0.0,0.005456103943288326,0.0,0.0,0.00021600686886813492,0.0,0.0,0.00020795802993234247
1151,True,0.0,0.0,0.0020472723990678787,0.0,0.0,0.00048667084774933755,0.0,0.0,6.42852028249763e-05,0.0,0.0,0.0014522653073072433,0.0,0.0,8.285650983452797e-05,0.0,0.0,0.041386574506759644,0.0,0.0,0.025228925049304962,277.5899658203125,119.0068130493164,0.8354329466819763,270.97479248046875,67.24919128417969,0.6331267356872559,195.69967651367188,135.9692840576172,0.9701583385467529,211.8037567138672,104.76238250732422,0.9282098412513733,0.0,0.0,0.33069515228271484,0.0,0.0,0.27049922943115234,0.0,0.0,0.00699036056175828,0.0,0.0,0.005234613548964262,0.0,0.0,0.00019600913219619542,0.0,0.0,0.0001948725839611143
1152,True,0.0,0.0,0.002375247422605753,0.0,0.0,0.000630396360065788,0.0,0.0,6.024765389156528e-05,0.0,0.0,0.0018148021772503853,0.0,0.0,6.231846782611683e-05,0.0,0.0,0.0469551756978035,0.0,0.0,0.02297697402536869,279.37518310546875,131.59347534179688,0.8464277982711792,273.03369140625,69.56031036376953,0.5987236499786377,195.56643676757812,136.13973999023438,0.9745230674743652,212.0502166748047,104.418212890625,0.9228619933128357,0.0,0.0,0.29180699586868286,0.0,0.0,0.22497940063476562,0.0,0.0,0.008082310669124126,0.0,0.0,0.005577830132097006,0.0,0.0,0.0002611611853353679,0.0,0.0,0.0002457178197801113
1153,True,0.0,0.0,0.003149073338136077,0.0,0.0,0.0008529729675501585,0.0,0.0,8.273847197415307e-05,0.0,0.0,0.002219554502516985,0.0,0.0,7.559400546597317e-05,0.0,0.0,0.052930645644664764,0.0,0.0,0.027664722874760628,279.2298583984375,133.01483154296875,0.8455622792243958,272.13238525390625,71.16552734375,0.621510922908783,196.36329650878906,136.91156005859375,0.9733530879020691,211.5883026123047,104.3992919921875,0.9241415858268738,0.0,0.0,0.29941844940185547,0.0,0.0,0.23820500075817108,0.0,0.0,0.007735655177384615,0.0,0.0,0.005497216712683439,0.0,0.0,0.00024236104218289256,0.0,0.0,0.00023262781905941665
1154,True,0.0,0.0,0.0023585024755448103,0.0,0.0,0.0005091327475383878,0.0,0.0,8.32346486276947e-05,0.0,0.0,0.001159851555712521,0.0,0.0,7.797989383107051e-05,0.0,0.0,0.02728997729718685,0.0,0.0,0.029456239193677902,281.8450622558594,125.27362060546875,0.7712730765342712,270.09417724609375,67.82585906982422,0.7196930050849915,196.5703887939453,137.79751586914062,0.9645610451698303,211.62701416015625,105.67121887207031,0.9482113718986511,0.0,0.0,0.292245090007782,0.0,0.0,0.29556846618652344,0.0,0.0,0.0058225044049322605,0.0,0.0,0.005765360780060291,0.0,0.0,0.00018128077499568462,0.0,0.0,0.00021803489653393626
1155,True,0.0,0.0,0.003088652389124036,0.0,0.0,0.0006522440235130489,0.0,0.0,0.00011953027569688857,0.0,0.0,0.0013936801115050912,0.0,0.0,0.00012148360110586509,0.0,0.0,0.03551725670695305,0.0,0.0,0.037139445543289185,279.1747131347656,127.01862335205078,0.7667160630226135,269.8866271972656,69.53964233398438,0.7154259085655212,195.37872314453125,137.92425537109375,0.9576437473297119,211.51649475097656,104.43240356445312,0.9405616521835327,0.0,0.0,0.27780595421791077,0.0,0.0,0.2816902697086334,0.0,0.0,0.00575473764911294,0.0,0.0,0.005751634016633034,0.0,0.0,0.00019032890850212425,0.0,0.0,0.00022921847994439304
1156,True,0.0,0.0,0.0032126232981681824,0.0,0.0,0.0007511588046327233,0.0,0.0,0.00010941505752271041,0.0,0.0,0.0016368055948987603,0.0,0.0,9.746664727572352e-05,0.0,0.0,0.03861783444881439,0.0,0.0,0.03353197127580643,280.018798828125,129.50033569335938,0.7898816466331482,269.24853515625,71.09314727783203,0.6897011995315552,196.7926788330078,137.28048706054688,0.9636260867118835,211.5965576171875,104.73551177978516,0.9372567534446716,0.0,0.0,0.2824042737483978,0.0,0.0,0.26746729016304016,0.0,0.0,0.006064353045076132,0.0,0.0,0.005523986183106899,0.0,0.0,0.00019687111489474773,0.0,0.0,0.00022283940052147955
1157,True,0.0,0.0,0.003703823545947671,0.0,0.0,0.000801555288489908,0.0,0.0,0.00013930851127952337,0.0,0.0,0.0015051693189889193,0.0,0.0,0.00011117627582279965,0.0,0.0,0.03124965727329254,0.0,0.0,0.038322921842336655,282.4175720214844,126.203125,0.7360473275184631,269.9493103027344,70.02696990966797,0.724722683429718,197.3351287841797,138.28677368164062,0.9553957581520081,211.10382080078125,106.74613952636719,0.9457678198814392,0.0,0.0,0.24821814894676208,0.0,0.0,0.2675071060657501,0.0,0.0,0.0045339446514844894,0.0,0.0,0.00505397142842412,0.0,0.0,0.00015070041990838945,0.0,0.0,0.0001978666114155203
1158,True,0.0,0.0,0.0031010275706648827,0.0,0.0,0.0006964971544221044,0.0,0.0,0.00010395725985290483,0.0,0.0,0.0015426648315042257,0.0,0.0,9.84814323601313e-05,0.0,0.0,0.03943030908703804,0.0,0.0,0.03401917964220047,280.80535888671875,129.13998413085938,0.7970366477966309,271.0836181640625,70.10435485839844,0.6992536187171936,196.59461975097656,138.34963989257812,0.9662036299705505,211.22398376464844,105.37264251708984,0.9427894949913025,0.0,0.0,0.2628028392791748,0.0,0.0,0.2495729774236679,0.0,0.0,0.005788588430732489,0.0,0.0,0.005321104545146227,0.0,0.0,0.00019000598695129156,0.0,0.0,0.00021785245917271823
1159,True,0.0,0.0,0.004270851146429777,0.0,0.0,0.0011618232820183039,0.0,0.0,0.00011989796621492133,0.0,0.0,0.002564575057476759,0.0,0.0,9.274690091842785e-05,0.0,0.0,0.056635912507772446,0.0,0.0,0.032684288918972015,281.5665283203125,135.81039428710938,0.8289870023727417,271.52740478515625,72.9858627319336,0.6238861680030823,197.0997772216797,139.13128662109375,0.9692587852478027,212.45350646972656,105.35568237304688,0.923775851726532,0.0,0.0,0.2748986482620239,0.0,0.0,0.22542811930179596,0.0,0.0,0.006201494485139847,0.0,0.0,0.004832077771425247,0.0,0.0,0.00019598877406679094,0.0,0.0,0.00020162147120572627
1160,True,0.0,0.0,0.003861429635435343,0.0,0.0,0.000949975335970521,0.0,0.0,0.00011806782276835293,0.0,0.0,0.001959500601515174,0.0,0.0,9.027160558616742e-05,0.0,0.0,0.044252485036849976,0.0,0.0,0.03321976214647293,283.3855285644531,128.6754150390625,0.8102884888648987,271.17236328125,69.85369873046875,0.669990599155426,196.95156860351562,139.26077270507812,0.9685646891593933,211.3388214111328,105.90033721923828,0.9379768371582031,0.0,0.0,0.2620689570903778,0.0,0.0,0.23560696840286255,0.0,0.0,0.005455009639263153,0.0,0.0,0.004753559827804565,0.0,0.0,0.00017735440633259714,0.0,0.0,0.00019773535314016044
1161,True,0.0,0.0,0.0029281917959451675,0.0,0.0,0.0006615570746362209,0.0,0.0,9.69984321272932e-05,0.0,0.0,0.0014252497348934412,0.0,0.0,8.427074499195442e-05,0.0,0.0,0.03487647324800491,0.0,0.0,0.029546137899160385,283.2679443359375,123.98944854736328,0.7924619913101196,270.5129089355469,68.57600402832031,0.6750286221504211,197.9752197265625,138.72152709960938,0.9656508564949036,211.33935546875,106.23318481445312,0.9397693872451782,0.0,0.0,0.2637695074081421,0.0,0.0,0.24404188990592957,0.0,0.0,0.004864099435508251,0.0,0.0,0.004461531527340412,0.0,0.0,0.00015258505300153047,0.0,0.0,0.00017536526138428599
1162,True,0.0,0.0,0.0029268586076796055,0.0,0.0,0.0006369574693962932,0.0,0.0,9.970710380002856e-05,0.0,0.0,0.001425567432306707,0.0,0.0,9.767916344571859e-05,0.0,0.0,0.03688608855009079,0.0,0.0,0.03192591667175293,281.4868469238281,121.45874786376953,0.7943011522293091,271.195068359375,67.61030578613281,0.6802188158035278,198.30328369140625,138.80357360839844,0.9639937281608582,211.55723571777344,106.37113952636719,0.9386971592903137,0.0,0.0,0.2766907811164856,0.0,0.0,0.25653886795043945,0.0,0.0,0.0049233585596084595,0.0,0.0,0.004557766020298004,0.0,0.0,0.0001498915662523359,0.0,0.0,0.00017264513007830828
1163,True,0.0,0.0,0.003244158811867237,0.0,0.0,0.0007263718289323151,0.0,0.0,0.00010649160685716197,0.0,0.0,0.001602781587280333,0.0,0.0,9.247754496755078e-05,0.0,0.0,0.03908514976501465,0.0,0.0,0.03343304246664047,282.1405944824219,124.008544921875,0.8064858913421631,271.0975036621094,71.15153503417969,0.6918598413467407,197.77662658691406,139.81585693359375,0.9671732783317566,211.99868774414062,106.23603820800781,0.9413704872131348,0.0,0.0,0.2716420590877533,0.0,0.0,0.25021499395370483,0.0,0.0,0.004908800590783358,0.0,0.0,0.004438284318894148,0.0,0.0,0.00015073547547217458,0.0,0.0,0.00017075665527954698
1164,True,0.0,0.0,0.003242663573473692,0.0,0.0,0.0007236496894620359,0.0,0.0,0.0001067950579454191,0.0,0.0,0.0016033953288570046,0.0,0.0,9.393435175297782e-05,0.0,0.0,0.039622362703084946,0.0,0.0,0.033452510833740234,281.8515319824219,124.1290283203125,0.8083428144454956,271.0766296386719,71.35035705566406,0.6897013187408447,197.7830810546875,139.8205108642578,0.9672591090202332,212.0045623779297,106.239990234375,0.9406642913818359,0.0,0.0,0.27205678820610046,0.0,0.0,0.2489657998085022,0.0,0.0,0.004921011161059141,0.0,0.0,0.004403943195939064,0.0,0.0,0.0001512760209152475,0.0,0.0,0.00016996425983961672
1165,True,0.0,0.0,0.0037658787332475185,0.0,0.0,0.0009067108621820807,0.0,0.0,0.00011672128312056884,0.0,0.0,0.0021430382039397955,0.0,0.0,0.00010122120875166729,0.0,0.0,0.049663376063108444,0.0,0.0,0.03756321966648102,280.993896484375,125.35527038574219,0.8250848650932312,271.23516845703125,72.60340118408203,0.6797120571136475,197.63687133789062,139.34730529785156,0.9680222868919373,211.17550659179688,106.79519653320312,0.9352729320526123,0.0,0.0,0.29986315965652466,0.0,0.0,0.26454266905784607,0.0,0.0,0.005492190830409527,0.0,0.0,0.004676248412579298,0.0,0.0,0.00016084997332654893,0.0,0.0,0.0001756011915858835
1166,True,0.0,0.0,0.0046591549180448055,0.0,0.0,0.001205041422508657,0.0,0.0,0.0001302974415011704,0.0,0.0,0.002670471090823412,0.0,0.0,9.374876390211284e-05,0.0,0.0,0.055665794759988785,0.0,0.0,0.03826778009533882,280.6357421875,129.388671875,0.8385141491889954,269.59552001953125,77.1309814453125,0.6740157008171082,196.93624877929688,139.94044494628906,0.9707724452018738,207.919921875,107.87086486816406,0.9341490268707275,0.0,0.0,0.27909010648727417,0.0,0.0,0.23952975869178772,0.0,0.0,0.0052519384771585464,0.0,0.0,0.004263318609446287,0.0,0.0,0.0001589191670063883,0.0,0.0,0.0001691270008450374
1167,True,0.0,0.0,0.0048210155218839645,0.0,0.0,0.0012293438194319606,0.0,0.0,0.00013389144442044199,0.0,0.0,0.0024254159070551395,0.0,0.0,8.772723958827555e-05,0.0,0.0,0.049170322716236115,0.0,0.0,0.03476018086075783,282.82757568359375,129.75514221191406,0.8214976191520691,271.7803649902344,76.02883911132812,0.6615995168685913,197.42916870117188,139.4120635986328,0.970630943775177,207.68902587890625,108.46800231933594,0.9352173805236816,0.0,0.0,0.23366226255893707,0.0,0.0,0.20443154871463776,0.0,0.0,0.00498215900734067,0.0,0.0,0.004124510567635298,0.0,0.0,0.00016923750808928162,0.0,0.0,0.0001824539212975651
1168,True,0.0,0.0,0.004541780799627304,0.0,0.0,0.0011638503056019545,0.0,0.0,0.0001254285016329959,0.0,0.0,0.0023633576929569244,0.0,0.0,8.455182978650555e-05,0.0,0.0,0.04829288274049759,0.0,0.0,0.0331757627427578,282.8355712890625,129.27659606933594,0.8239670991897583,271.8800048828125,75.82579040527344,0.6542502045631409,197.5948486328125,139.2646026611328,0.9705355763435364,207.8180694580078,108.47752380371094,0.9332516193389893,0.0,0.0,0.24022942781448364,0.0,0.0,0.20726394653320312,0.0,0.0,0.00491824746131897,0.0,0.0,0.004011371172964573,0.0,0.0,0.00016283325385302305,0.0,0.0,0.00017397126066498458
1169,True,0.0,0.0,0.003673098748549819,0.0,0.0,0.0009467603522352874,0.0,0.0,0.00010325885523343459,0.0,0.0,0.0022749006748199463,0.0,0.0,8.198739669751376e-05,0.0,0.0,0.05573609471321106,0.0,0.0,0.030958915129303932,281.0038146972656,125.55778503417969,0.8623865246772766,270.7731628417969,73.44812774658203,0.6423250436782837,197.05935668945312,139.4763946533203,0.9747567176818848,212.09335327148438,103.65574645996094,0.929924488067627,0.0,0.0,0.3246178925037384,0.0,0.0,0.25358715653419495,0.0,0.0,0.00607884768396616,0.0,0.0,0.004397241398692131,0.0,0.0,0.00016694367513991892,0.0,0.0,0.00016260534175671637
1170,True,0.0,0.0,0.005202500149607658,0.0,0.0,0.0013990679290145636,0.0,0.0,0.00014222935715224594,0.0,0.0,0.002826881129294634,0.0,0.0,9.31287941057235e-05,0.0,0.0,0.06439261138439178,0.0,0.0,0.03683599829673767,281.21966552734375,124.89632415771484,0.8655920028686523,269.8084716796875,67.10321807861328,0.6608026027679443,197.6716766357422,139.2651824951172,0.9767215251922607,215.92520141601562,99.9742202758789,0.9379775524139404,0.0,0.0,0.34056246280670166,0.0,0.0,0.2723861038684845,0.0,0.0,0.006542124319821596,0.0,0.0,0.00490136444568634,0.0,0.0,0.00017178810958284885,0.0,0.0,0.0001720069267321378
1171,True,0.0,0.0,0.005036304704844952,0.0,0.0,0.0013325612526386976,0.0,0.0,0.00013925007078796625,0.0,0.0,0.002727254992350936,0.0,0.0,9.35111747821793e-05,0.0,0.0,0.0654214471578598,0.0,0.0,0.0366431288421154,280.9179382324219,126.02082824707031,0.8694568872451782,269.6686096191406,68.17874145507812,0.6625251173973083,197.8279571533203,139.311767578125,0.9771984815597534,216.5690155029297,99.76992797851562,0.9380330443382263,0.0,0.0,0.3427005708217621,0.0,0.0,0.271212100982666,0.0,0.0,0.006561730522662401,0.0,0.0,0.004838484339416027,0.0,0.0,0.00017084540741052479,0.0,0.0,0.0001686192990746349
1172,True,0.0,0.0,0.002219858579337597,0.0,0.0,0.0005124806193634868,0.0,0.0,7.83900250098668e-05,0.0,0.0,0.0015782441478222609,0.0,0.0,9.469060023548082e-05,0.0,0.0,0.040873538702726364,0.0,0.0,0.025810999795794487,275.9996337890625,116.01811218261719,0.8148629069328308,268.79638671875,61.87549591064453,0.6192197203636169,199.54298400878906,140.52345275878906,0.9614301919937134,214.3414306640625,99.8531494140625,0.9200575351715088,0.0,0.0,0.3226415514945984,0.0,0.0,0.26807594299316406,0.0,0.0,0.00675547868013382,0.0,0.0,0.005449329037219286,0.0,0.0,0.00021357146033551544,0.0,0.0,0.00022106326650828123
1173,True,0.0,0.0,0.0017467794241383672,0.0,0.0,0.00037504438660107553,0.0,0.0,5.8705471019493416e-05,0.0,0.0,0.001242151134647429,0.0,0.0,8.387750131078064e-05,0.0,0.0,0.041391149163246155,0.0,0.0,0.021629123017191887,274.87237548828125,118.89563751220703,0.842252790927887,271.43377685546875,62.38739013671875,0.6091383695602417,198.8448486328125,139.7882080078125,0.9683055281639099,216.62110900878906,99.35384368896484,0.9220736026763916,0.0,0.0,0.31037193536758423,0.0,0.0,0.23863908648490906,0.0,0.0,0.006494223140180111,0.0,0.0,0.004791639279574156,0.0,0.0,0.00020311027765274048,0.0,0.0,0.0001953326427610591
1174,True,0.0,0.0,0.0015671678120270371,0.0,0.0,0.0003144265792798251,0.0,0.0,5.781593426945619e-05,0.0,0.0,0.0011350320419296622,0.0,0.0,9.57114461925812e-05,0.0,0.0,0.036255110055208206,0.0,0.0,0.023681895807385445,273.3540954589844,109.85752868652344,0.8150978684425354,271.4324035644531,57.95832824707031,0.6297386288642883,199.73941040039062,140.6577606201172,0.9631530046463013,219.3199462890625,99.02345275878906,0.9269137382507324,0.0,0.0,0.31477364897727966,0.0,0.0,0.25974076986312866,0.0,0.0,0.006452613510191441,0.0,0.0,0.005323565099388361,0.0,0.0,0.00020636206318158656,0.0,0.0,0.00021369877504184842
1175,True,0.0,0.0,0.0017714182613417506,0.0,0.0,0.0003914088010787964,0.0,0.0,5.7826415286399424e-05,0.0,0.0,0.0012541403993964195,0.0,0.0,7.389259553747252e-05,0.0,0.0,0.04247540980577469,0.0,0.0,0.021716201677918434,275.9455871582031,124.7784423828125,0.8563664555549622,271.1064758300781,62.937225341796875,0.6506288051605225,198.14944458007812,141.36936950683594,0.9731844067573547,221.55625915527344,97.64453125,0.9349738955497742,0.0,0.0,0.3092331290245056,0.0,0.0,0.24188800156116486,0.0,0.0,0.006713185925036669,0.0,0.0,0.005021950230002403,0.0,0.0,0.0002160721633117646,0.0,0.0,0.00020980986300855875
1176,True,0.0,0.0,0.001011751010082662,0.0,0.0,0.00019149646686855704,0.0,0.0,3.4951313864439726e-05,0.0,0.0,0.0007194955833256245,0.0,0.0,6.456048868130893e-05,0.0,0.0,0.034609727561473846,0.0,0.0,0.01478101871907711,274.4503173828125,120.26066589355469,0.8576139807701111,275.3713073730469,62.50529479980469,0.592640221118927,198.6151123046875,142.22006225585938,0.9733428955078125,224.466796875,100.89350891113281,0.9259865880012512,0.0,0.0,0.3034379482269287,0.0,0.0,0.21603095531463623,0.0,0.0,0.0064966450445353985,0.0,0.0,0.004459928721189499,0.0,0.0,0.00020838894124608487,0.0,0.0,0.00018763632397167385
1177,True,0.0,0.0,0.0015384239377453923,0.0,0.0,0.00032253918470814824,0.0,0.0,4.726009865407832e-05,0.0,0.0,0.001143711619079113,0.0,0.0,7.426374213537201e-05,0.0,0.0,0.04904015362262726,0.0,0.0,0.019962506368756294,275.2697448730469,122.54654693603516,0.8742732405662537,275.8267822265625,63.525390625,0.6143321990966797,196.0209503173828,141.1226806640625,0.976139485836029,224.45382690429688,99.46517944335938,0.9303596019744873,0.0,0.0,0.31213971972465515,0.0,0.0,0.2235695868730545,0.0,0.0,0.007214304991066456,0.0,0.0,0.004924547392874956,0.0,0.0,0.00022225503926165402,0.0,0.0,0.0002023500419454649
1178,True,0.0,0.0,0.0018590964609757066,0.0,0.0,0.00041871843859553337,0.0,0.0,5.615202462649904e-05,0.0,0.0,0.0016958508640527725,0.0,0.0,0.0001104749899241142,0.0,0.0,0.06288701295852661,0.0,0.0,0.023582784458994865,268.9071960449219,117.694580078125,0.8600296378135681,274.0992431640625,62.044105529785156,0.5446993112564087,193.81246948242188,141.87298583984375,0.9672914743423462,222.6505126953125,100.51947784423828,0.901400625705719,0.0,0.0,0.3079424500465393,0.0,0.0,0.21254846453666687,0.0,0.0,0.008016716688871384,0.0,0.0,0.005278969649225473,0.0,0.0,0.0002595516561996192,0.0,0.0,0.00023198415874503553
1179,True,0.0,0.0,0.00192547170445323,0.0,0.0,0.00047682898002676666,0.0,0.0,5.945007796981372e-05,0.0,0.0,0.002450300380587578,0.0,0.0,0.00014316181477624923,0.0,0.0,0.07160187512636185,0.0,0.0,0.0248847808688879,263.5380554199219,110.19644165039062,0.8428564667701721,0.0,0.0,0.46698862314224243,192.56982421875,140.7746124267578,0.9554236531257629,221.03396606445312,101.58370971679688,0.8559237122535706,0.0,0.0,0.3166177570819855,0.0,0.0,0.2110510915517807,0.0,0.0,0.008729455061256886,0.0,0.0,0.005437139887362719,0.0,0.0,0.0003065401688218117,0.0,0.0,0.00026411315775476396
1180,True,0.0,0.0,0.0006936982972547412,0.0,0.0,0.00014942164125386626,0.0,0.0,2.6549621907179244e-05,0.0,0.0,0.0008048855233937502,0.0,0.0,7.447642565239221e-05,0.0,0.0,0.027886688709259033,0.0,0.0,0.013764550909399986,264.46466064453125,109.41675567626953,0.8030340671539307,268.9305419921875,58.22460174560547,0.535415768623352,188.82034301757812,139.658447265625,0.9524543285369873,216.34652709960938,106.71194458007812,0.8919550776481628,0.0,0.0,0.3640263080596924,0.0,0.0,0.28286153078079224,0.0,0.0,0.008886129595339298,0.0,0.0,0.006571660749614239,0.0,0.0,0.000295226345770061,0.0,0.0,0.00028448455850593746
1181,True,0.0,0.0,0.0008525406592525542,0.0,0.0,0.0002223593182861805,0.0,0.0,3.7801117287017405e-05,0.0,0.0,0.0012675316538661718,0.0,0.0,9.836187382461503e-05,0.0,0.0,0.02314390055835247,0.0,0.0,0.01451739389449358,259.707275390625,94.28244018554688,0.7019731402397156,0.0,0.0,0.41555172204971313,185.80450439453125,138.79974365234375,0.9005661606788635,192.8855743408203,122.50638580322266,0.8001011610031128,0.0,0.0,0.3476323187351227,0.0,0.0,0.28157612681388855,0.0,0.0,0.008562462404370308,0.0,0.0,0.006485024932771921,0.0,0.0,0.0003285413549747318,0.0,0.0,0.00032494691549800336
1182,True,0.0,0.0,0.001092644757591188,0.0,0.0,0.0003560007025953382,0.0,0.0,2.9071405151626095e-05,0.0,0.0,0.0025305384770035744,0.0,0.0,7.819793245289475e-05,0.0,0.0,0.06236283853650093,0.0,0.0,0.011982508935034275,258.8805236816406,96.83113861083984,0.8860059976577759,0.0,0.0,0.27797144651412964,183.84573364257812,135.61325073242188,0.9622044563293457,196.4346160888672,122.2454833984375,0.736053466796875,0.0,0.0,0.39128702878952026,0.0,0.0,0.19581370055675507,0.0,0.0,0.011110177263617516,0.0,0.0,0.004355184733867645,0.0,0.0,0.00036001228727400303,0.0,0.0,0.00022800307488068938
1183,True,0.0,0.0,0.001370641984976828,0.0,0.0,0.00034091228735633194,0.0,0.0,5.094377775094472e-05,0.0,0.0,0.0015595884760841727,0.0,0.0,9.628541738493368e-05,0.0,0.0,0.032017871737480164,0.0,0.0,0.020527655258774757,264.5528564453125,97.80755615234375,0.7831881642341614,0.0,0.0,0.48852527141571045,185.10989379882812,134.26925659179688,0.9427528381347656,194.18017578125,123.76527404785156,0.8540207743644714,0.0,0.0,0.33617573976516724,0.0,0.0,0.2607880234718323,0.0,0.0,0.007413526065647602,0.0,0.0,0.005256292875856161,0.0,0.0,0.00026563165010884404,0.0,0.0,0.00025502804783172905
1184,True,0.0,0.0,0.0042970492504537106,0.0,0.0,0.0015329039888456464,0.0,0.0,0.00010699046106310561,0.0,0.0,0.004820181056857109,0.0,0.0,0.00011236024147365242,0.0,0.0,0.0854228138923645,0.0,0.0,0.019715460017323494,266.1307067871094,100.8291015625,0.860913097858429,0.0,0.0,0.30415812134742737,182.89718627929688,125.52574920654297,0.9548884630203247,189.55770874023438,119.1661376953125,0.7436855435371399,0.0,0.0,0.3503461480140686,0.0,0.0,0.1944907009601593,0.0,0.0,0.013676516711711884,0.0,0.0,0.006586364004760981,0.0,0.0,0.0005367969861254096,0.0,0.0,0.0003979658358730376
1185,True,0.0,0.0,0.0012355231447145343,0.0,0.0,0.00042676215525716543,0.0,0.0,3.7847501516807824e-05,0.0,0.0,0.003184440080076456,0.0,0.0,9.736948413774371e-05,0.0,0.0,0.04906404763460159,0.0,0.0,0.013485823757946491,260.48583984375,103.3985824584961,0.7703351974487305,0.0,0.0,0.23836693167686462,178.20848083496094,121.09931182861328,0.9000157713890076,179.49252319335938,116.43598937988281,0.61750727891922,0.0,0.0,0.2993909418582916,0.0,0.0,0.17832185328006744,0.0,0.0,0.011886045336723328,0.0,0.0,0.006251790560781956,0.0,0.0,0.0005277922609820962,0.0,0.0,0.00040907954098656774
1186,True,0.0,0.0,0.0010787411592900753,0.0,0.0,0.00036716280737891793,0.0,0.0,3.299723903182894e-05,0.0,0.0,0.0030302125960588455,0.0,0.0,9.60516554187052e-05,0.0,0.0,0.046749938279390335,0.0,0.0,0.013388766907155514,259.37841796875,103.09754943847656,0.7609250545501709,0.0,0.0,0.2356429398059845,177.761962890625,120.50617980957031,0.8935697674751282,179.07684326171875,116.11267852783203,0.6081116199493408,0.0,0.0,0.28751635551452637,0.0,0.0,0.17233632504940033,0.0,0.0,0.011712653562426567,0.0,0.0,0.006215929519385099,0.0,0.0,0.0005366008263081312,0.0,0.0,0.00041732413228601217
1187,True,0.0,0.0,0.0017688771476969123,0.0,0.0,0.0005443242844194174,0.0,0.0,4.72198698844295e-05,0.0,0.0,0.0029721937607973814,0.0,0.0,0.00010123259562533349,0.0,0.0,0.0802532210946083,0.0,0.0,0.020071038976311684,259.2707824707031,103.52635192871094,0.8856337070465088,0.0,0.0,0.3311532139778137,174.54080200195312,109.29623413085938,0.9557669758796692,189.6208953857422,122.40701293945312,0.7383069396018982,0.0,0.0,0.39070841670036316,0.0,0.0,0.21515770256519318,0.0,0.0,0.012789327651262283,0.0,0.0,0.005618517752736807,0.0,0.0,0.00038478075293824077,0.0,0.0,0.00026192324003204703
1188,True,0.0,0.0,0.004341157153248787,0.0,0.0,0.001103230519220233,0.0,0.0,0.00013835022400598973,0.0,0.0,0.003721375949680805,0.0,0.0,0.0001597179361851886,0.0,0.0,0.04694105312228203,0.0,0.0,0.06931312382221222,264.0699462890625,102.66819763183594,0.7551447749137878,255.24879455566406,87.84796905517578,0.7287678122520447,179.7635498046875,112.42196655273438,0.9341413378715515,169.76206970214844,102.04679870605469,0.920051097869873,0.0,0.0,0.3041723668575287,0.0,0.0,0.3338189423084259,0.0,0.0,0.0065254694782197475,0.0,0.0,0.007230340503156185,0.0,0.0,0.00018370940233580768,0.0,0.0,0.0002469405299052596
1189,True,0.0,0.0,0.0035676073748618364,0.0,0.0,0.0008627976640127599,0.0,0.0,0.00011573091614991426,0.0,0.0,0.0033591778483241796,0.0,0.0,0.00015306813293136656,0.0,0.0,0.04812952131032944,0.0,0.0,0.07608352601528168,263.43182373046875,101.61549377441406,0.7843320965766907,252.5664825439453,86.47505187988281,0.7744985818862915,183.3019561767578,114.87521362304688,0.9431143403053284,168.9582977294922,101.4713134765625,0.9346031546592712,0.0,0.0,0.3726901113986969,0.0,0.0,0.4056685268878937,0.0,0.0,0.006957193836569786,0.0,0.0,0.007778261788189411,0.0,0.0,0.00016431606491096318,0.0,0.0,0.00022160838125273585
1190,True,0.0,0.0,0.007032482419162989,0.0,0.0,0.0024690760765224695,0.0,0.0,0.0001764721528161317,0.0,0.0,0.007134600542485714,0.0,0.0,0.0002341775834793225,0.0,0.0,0.09718277305364609,0.0,0.0,0.040618784725666046,252.62242126464844,100.09085083007812,0.8090382218360901,0.0,0.0,0.3574243485927582,157.06890869140625,92.20897674560547,0.9301386475563049,160.8857879638672,88.86373138427734,0.7567868232727051,0.0,0.0,0.22252120077610016,0.0,0.0,0.149649515748024,0.0,0.0,0.00884117279201746,0.0,0.0,0.00555084366351366,0.0,0.0,0.000285826507024467,0.0,0.0,0.0002593807294033468
1191,True,0.0,0.0,0.0033509107306599617,0.0,0.0,0.00138770358171314,0.0,0.0,8.720943878870457e-05,0.0,0.0,0.011203347705304623,0.0,0.0,0.0002195751731051132,0.0,0.0,0.09153757989406586,0.0,0.0,0.04946973919868469,253.33810424804688,95.84022521972656,0.720264196395874,0.0,0.0,0.34919941425323486,158.4967041015625,91.81436157226562,0.8239491581916809,157.95840454101562,83.48877716064453,0.6244630217552185,0.0,0.0,0.3319852352142334,0.0,0.0,0.2741401791572571,0.0,0.0,0.01217593252658844,0.0,0.0,0.009661735966801643,0.0,0.0,0.00039037736132740974,0.0,0.0,0.0004202387644909322
1192,True,0.0,0.0,0.0037236041389405727,0.0,0.0,0.0015584477223455906,0.0,0.0,9.545477951178327e-05,0.0,0.0,0.012382798828184605,0.0,0.0,0.00023313007841352373,0.0,0.0,0.10364611446857452,0.0,0.0,0.05254913121461868,252.51290893554688,96.7899169921875,0.734728217124939,0.0,0.0,0.34524261951446533,158.4360809326172,91.53018188476562,0.8304961919784546,157.69561767578125,83.30078125,0.6190026998519897,0.0,0.0,0.3196718990802765,0.0,0.0,0.25699135661125183,0.0,0.0,0.012279416434466839,0.0,0.0,0.00940712634474039,0.0,0.0,0.0004115191986784339,0.0,0.0,0.0004308886709623039
1193,True,0.0,0.0,0.009393845684826374,0.0,0.0,0.0033291359432041645,0.0,0.0,0.00024096269044093788,0.0,0.0,0.011875503696501255,0.0,0.0,0.0003490445378702134,0.0,0.0,0.1044519916176796,0.0,0.0,0.07845524698495865,253.61328125,80.88033294677734,0.7653073668479919,0.0,0.0,0.470407634973526,156.4453887939453,84.74744415283203,0.8907896280288696,159.988525390625,82.17890167236328,0.7657302021980286,0.0,0.0,0.33209657669067383,0.0,0.0,0.2903614044189453,0.0,0.0,0.008844753727316856,0.0,0.0,0.007510047405958176,0.0,0.0,0.00024551316164433956,0.0,0.0,0.00028455458232201636
1194,True,0.0,0.0,0.004304878413677216,0.0,0.0,0.0015714503824710846,0.0,0.0,0.00010718314297264442,0.0,0.0,0.012792006134986877,0.0,0.0,0.0003092671977356076,0.0,0.0,0.11295736581087112,0.0,0.0,0.09693421423435211,248.77951049804688,78.23967742919922,0.7663941979408264,252.5207061767578,68.2686538696289,0.5425587296485901,155.2407989501953,83.01705932617188,0.8802726864814758,159.80673217773438,77.80650329589844,0.7923364043235779,0.0,0.0,0.44363924860954285,0.0,0.0,0.41564008593559265,0.0,0.0,0.013657419010996819,0.0,0.0,0.0133554358035326,0.0,0.0,0.000328887632349506,0.0,0.0,0.00041776077705435455
1195,True,0.0,0.0,0.007394858170300722,0.0,0.0,0.003199341706931591,0.0,0.0,0.00016330780636053532,0.0,0.0,0.021035078912973404,0.0,0.0,0.00032509968150407076,0.0,0.0,0.1767657995223999,0.0,0.0,0.11440088599920273,251.0849609375,81.78231811523438,0.8428792953491211,252.45668029785156,67.65763854980469,0.5719379186630249,157.10040283203125,82.57077026367188,0.9194166660308838,163.19125366210938,71.67605590820312,0.8172575831413269,280.0826110839844,170.37640380859375,0.5870997905731201,276.9808044433594,162.21917724609375,0.5216619372367859,0.0,0.0,0.024077020585536957,0.0,0.0,0.020998654887080193,0.0,0.0,0.0004875904996879399,0.0,0.0,0.0005767829716205597
1196,True,0.0,0.0,0.016001883894205093,0.0,0.0,0.006765324156731367,0.0,0.0,0.00033388586598448455,0.0,0.0,0.0209797490388155,0.0,0.0,0.000385071529308334,0.0,0.0,0.21123197674751282,0.0,0.0,0.11330104619264603,255.1804962158203,91.4202880859375,0.8632776737213135,259.5914306640625,66.86162567138672,0.546104907989502,157.6783447265625,83.62297058105469,0.9414068460464478,176.9059295654297,71.16555786132812,0.8277044892311096,283.371826171875,178.04058837890625,0.5324190258979797,0.0,0.0,0.4428344666957855,0.0,0.0,0.026444723829627037,0.0,0.0,0.020385440438985825,0.0,0.0,0.000580389576498419,0.0,0.0,0.0006310347816906869
1197,True,0.0,0.0,0.002926385495811701,0.0,0.0,0.0009593931608833373,0.0,0.0,6.332199700409546e-05,0.0,0.0,0.005853247828781605,0.0,0.0,0.00015977979637682438,0.0,0.0,0.13877402245998383,0.0,0.0,0.06035040691494942,249.94236755371094,98.90196228027344,0.894960880279541,256.50042724609375,63.76600646972656,0.597895622253418,156.23826599121094,83.35151672363281,0.9623126983642578,175.78842163085938,71.78158569335938,0.8858851790428162,280.0526123046875,173.85882568359375,0.6110888719558716,0.0,0.0,0.49802443385124207,0.0,0.0,0.02885272726416588,0.0,0.0,0.021228410303592682,0.0,0.0,0.0005535943200811744,0.0,0.0,0.0005630017840303481
1198,True,0.0,0.0,0.004632109776139259,0.0,0.0,0.0017074227798730135,0.0,0.0,0.00013620572281070054,0.0,0.0,0.010553550906479359,0.0,0.0,0.00024610187392681837,0.0,0.0,0.14329315721988678,0.0,0.0,0.09012880176305771,257.6112060546875,103.0574722290039,0.8565652966499329,257.7060852050781,61.97395324707031,0.6695451736450195,163.97247314453125,91.75730895996094,0.9314736723899841,185.0726318359375,63.30375671386719,0.8652187585830688,280.18231201171875,171.74383544921875,0.6592711210250854,267.645263671875,161.00302124023438,0.6089325547218323,0.0,0.0,0.029879901558160782,0.0,0.0,0.028243841603398323,0.0,0.0,0.0006256921915337443,0.0,0.0,0.000758987502194941
1199,True,0.0,0.0,0.00520876282826066,0.0,0.0,0.0016244372818619013,0.0,0.0,0.00015335447096731514,0.0,0.0,0.007087946869432926,0.0,0.0,0.00026016682386398315,0.0,0.0,0.13456043601036072,0.0,0.0,0.1028781458735466,258.8360595703125,102.66384887695312,0.8675395846366882,258.17938232421875,63.97077941894531,0.7448614835739136,164.01095581054688,90.63168334960938,0.9513517618179321,188.80999755859375,66.68739318847656,0.9159780740737915,282.9277648925781,174.54327392578125,0.636457622051239,268.68426513671875,163.24185180664062,0.6036737561225891,0.0,0.0,0.028534021228551865,0.0,0.0,0.02873462438583374,0.0,0.0,0.0005600596778094769,0.0,0.0,0.0007133495528250933
1200,True,0.0,0.0,0.005367797799408436,0.0,0.0,0.001290570362471044,0.0,0.0,0.00027692542062141,0.0,0.0,0.003483576700091362,0.0,0.0,0.00045079315896146,0.0,0.0,0.07037307322025299,0.0,0.0,0.11538644134998322,262.7572326660156,109.55044555664062,0.6828212141990662,258.72802734375,72.66387939453125,0.7622614502906799,177.08474731445312,97.99214935302734,0.876177191734314,189.08840942382812,64.69132232666016,0.9047280550003052,0.0,0.0,0.46815305948257446,268.95501708984375,164.11083984375,0.5420868396759033,0.0,0.0,0.027126558125019073,0.0,0.0,0.037998661398887634,0.0,0.0,0.0011398808564990759,0.0,0.0,0.0017650534864515066
1201,True,0.0,0.0,0.003161879489198327,0.0,0.0,0.0009508582297712564,0.0,0.0,0.00015594666183460504,0.0,0.0,0.006861756555736065,0.0,0.0,0.0004815443535335362,0.0,0.0,0.09084255248308182,0.0,0.0,0.1146908774971962,258.99041748046875,78.0780029296875,0.7512786984443665,253.90817260742188,76.8641128540039,0.7055439352989197,185.5869140625,70.90584564208984,0.8663564324378967,186.13070678710938,72.19847869873047,0.8435492515563965,275.5718994140625,163.87318420410156,0.6372005343437195,263.72528076171875,158.50701904296875,0.6459221243858337,0.0,0.0,0.028274640440940857,0.0,0.0,0.030714001506567,0.0,0.0,0.0006928262300789356,0.0,0.0,0.0008882575784809887
1202,True,0.0,0.0,0.0010362806497141719,0.0,0.0,0.0002029885072261095,0.0,0.0,8.580445864936337e-05,0.0,0.0,0.0014321506023406982,0.0,0.0,0.00034374865936115384,0.0,0.0,0.02222035638988018,0.0,0.0,0.07558175921440125,0.0,0.0,0.4878292977809906,255.08575439453125,66.52163696289062,0.7729911804199219,188.68125915527344,72.29354858398438,0.7308610677719116,188.9900360107422,63.382816314697266,0.8738682866096497,275.1651611328125,171.11380004882812,0.5022644996643066,259.408447265625,163.9895782470703,0.6398308277130127,0.0,0.0,0.012731448747217655,0.0,0.0,0.02267618663609028,0.0,0.0,0.00043463590554893017,0.0,0.0,0.0007666013552807271
1203,True,0.0,0.0,0.007825493812561035,0.0,0.0,0.002208239631727338,0.0,0.0,0.00024782735272310674,0.0,0.0,0.008597023785114288,0.0,0.0,0.00023595643870066851,0.0,0.0,0.09359479695558548,0.0,0.0,0.1391291320323944,281.11737060546875,117.09059143066406,0.8245642781257629,264.87603759765625,61.295982360839844,0.8532145023345947,215.36044311523438,139.32713317871094,0.9558942914009094,196.38043212890625,69.50751495361328,0.9532067179679871,275.7052001953125,194.0718994140625,0.5113373398780823,264.7686767578125,182.0295867919922,0.5519304871559143,0.0,0.0,0.008711392059922218,0.0,0.0,0.010633621364831924,0.0,0.0,0.0002000252716243267,0.0,0.0,0.00028235529316589236
1204,True,0.0,0.0,0.002076990669593215,0.0,0.0,0.0003583522338885814,0.0,0.0,6.847985059721395e-05,0.0,0.0,0.001835659029893577,0.0,0.0,0.00014746621309313923,0.0,0.0,0.07084350287914276,0.0,0.0,0.06179888918995857,281.2845153808594,119.39472961425781,0.8687517046928406,269.1750793457031,60.908714294433594,0.8040710091590881,219.91395568847656,141.57681274414062,0.9697921276092529,193.34100341796875,75.95930480957031,0.9531718492507935,0.0,0.0,0.41017550230026245,0.0,0.0,0.3752278685569763,0.0,0.0,0.005295789800584316,0.0,0.0,0.005079882685095072,0.0,0.0,0.00011334684677422047,0.0,0.0,0.00013122335076332092
1205,True,0.0,0.0,0.0033991520758718252,0.0,0.0,0.0007375582354143262,0.0,0.0,9.114263230003417e-05,0.0,0.0,0.0038451766595244408,0.0,0.0,0.00017291613039560616,0.0,0.0,0.10755408555269241,0.0,0.0,0.07389207929372787,280.218505859375,121.4222640991211,0.8942993879318237,271.1314392089844,59.915252685546875,0.7746706008911133,217.87286376953125,141.31956481933594,0.9736793637275696,195.28634643554688,76.65927124023438,0.9428576231002808,0.0,0.0,0.4510636627674103,0.0,0.0,0.385994017124176,0.0,0.0,0.007269622758030891,0.0,0.0,0.005918689072132111,0.0,0.0,0.00015265723050106317,0.0,0.0,0.0001594061905052513
1206,True,0.0,0.0,0.005017073359340429,0.0,0.0,0.0011302124476060271,0.0,0.0,0.0001281543809454888,0.0,0.0,0.0049678850919008255,0.0,0.0,0.00019168207654729486,0.0,0.0,0.13156422972679138,0.0,0.0,0.08913217484951019,282.56817626953125,122.61864471435547,0.9016681909561157,269.9231872558594,58.35749816894531,0.7778533101081848,218.65989685058594,140.69895935058594,0.9752691388130188,195.17648315429688,74.64270782470703,0.9440414905548096,0.0,0.0,0.450928270816803,0.0,0.0,0.38228660821914673,0.0,0.0,0.006857351865619421,0.0,0.0,0.005568020977079868,0.0,0.0,0.00013753444363828748,0.0,0.0,0.00014420182560570538
1207,True,0.0,0.0,0.0025659939274191856,0.0,0.0,0.00045704859076067805,0.0,0.0,9.196406608680263e-05,0.0,0.0,0.0021853819489479065,0.0,0.0,0.00019121693912893534,0.0,0.0,0.07445713132619858,0.0,0.0,0.08499321341514587,280.29229736328125,124.09152221679688,0.850172758102417,265.5538330078125,57.20372772216797,0.8395853042602539,217.97218322753906,138.6169891357422,0.9640853404998779,194.582763671875,73.3857192993164,0.9570948481559753,0.0,0.0,0.48419293761253357,0.0,0.0,0.48352378606796265,0.0,0.0,0.005956458859145641,0.0,0.0,0.006541098468005657,0.0,0.0,0.00011424706463003531,0.0,0.0,0.00014589053171221167
1208,True,0.0,0.0,0.0022859482560306787,0.0,0.0,0.0004151801986154169,0.0,0.0,7.729596109129488e-05,0.0,0.0,0.002282374072819948,0.0,0.0,0.00017414767353329808,0.0,0.0,0.08119828999042511,0.0,0.0,0.08221191167831421,280.1236572265625,118.4415283203125,0.8738940954208374,266.53228759765625,56.168670654296875,0.8352334499359131,218.00802612304688,138.4056396484375,0.9690425395965576,194.67034912109375,70.43711853027344,0.9567790031433105,276.25616455078125,198.69857788085938,0.5196555852890015,0.0,0.0,0.496530681848526,0.0,0.0,0.006531586404889822,0.0,0.0,0.006626262795180082,0.0,0.0,0.00011444593837950379,0.0,0.0,0.0001380620087729767
1209,True,0.0,0.0,0.0021771362517029047,0.0,0.0,0.0004395491268951446,0.0,0.0,6.557504093507305e-05,0.0,0.0,0.0031078679021447897,0.0,0.0,0.0001680328423390165,0.0,0.0,0.10454653948545456,0.0,0.0,0.08757983893156052,276.51300048828125,117.53730010986328,0.9056355953216553,263.8089294433594,55.85301208496094,0.8305704593658447,217.9821319580078,137.50799560546875,0.9736438989639282,190.62770080566406,63.662689208984375,0.9515071511268616,274.808837890625,196.76947021484375,0.5838754177093506,270.1497497558594,185.38388061523438,0.5285143852233887,0.0,0.0,0.008140328340232372,0.0,0.0,0.007016265764832497,0.0,0.0,0.00013005451182834804,0.0,0.0,0.00014020258095115423
1210,True,0.0,0.0,0.0012469151988625526,0.0,0.0,0.00020674115512520075,0.0,0.0,5.4627496865577996e-05,0.0,0.0,0.0011944466968998313,0.0,0.0,0.00014057767111808062,0.0,0.0,0.060153309255838394,0.0,0.0,0.055941227823495865,277.5295104980469,104.97126770019531,0.9012169241905212,260.1564025878906,60.140167236328125,0.8435959219932556,219.4925079345703,135.34324645996094,0.9712561368942261,184.99452209472656,62.365028381347656,0.9566085934638977,277.5122985839844,198.79127502441406,0.6197836399078369,263.6042785644531,189.89212036132812,0.5666286945343018,0.0,0.0,0.005649379920214415,0.0,0.0,0.004928009584546089,0.0,0.0,8.660991443321109e-05,0.0,0.0,9.246150148101151e-05
1211,True,0.0,0.0,0.0017383602680638433,0.0,0.0,0.0003071571118198335,0.0,0.0,6.988176028244197e-05,0.0,0.0,0.001720296568237245,0.0,0.0,0.000156359703396447,0.0,0.0,0.07245033979415894,0.0,0.0,0.06830625981092453,278.68865966796875,102.73613739013672,0.9027405381202698,262.0987854003906,58.69361114501953,0.8420376181602478,218.01593017578125,134.80189514160156,0.9711957573890686,186.80731201171875,61.13899612426758,0.9546899795532227,277.1500549316406,198.81021118164062,0.6288169622421265,265.11895751953125,190.29547119140625,0.5782480835914612,0.0,0.0,0.005956001579761505,0.0,0.0,0.005244731437414885,0.0,0.0,8.744694787310436e-05,0.0,0.0,9.456933184992522e-05
1212,True,0.0,0.0,0.002142910612747073,0.0,0.0,0.0003608816477935761,0.0,0.0,9.744137059897184e-05,0.0,0.0,0.001522643375210464,0.0,0.0,0.00017165204917546362,0.0,0.0,0.061273567378520966,0.0,0.0,0.07690489292144775,281.5264587402344,109.52032470703125,0.8728130459785461,259.98516845703125,57.69291305541992,0.8685985803604126,217.28341674804688,134.74610900878906,0.9658020734786987,186.40118408203125,62.0853157043457,0.962547779083252,277.3951110839844,200.36810302734375,0.5994212031364441,260.8023681640625,190.026611328125,0.5937432646751404,0.0,0.0,0.005366204306483269,0.0,0.0,0.005781159270554781,0.0,0.0,8.540919225197285e-05,0.0,0.0,0.00010683182335924357
1213,True,0.0,0.0,0.002805896569043398,0.0,0.0,0.0004929476417601109,0.0,0.0,0.00010712939547374845,0.0,0.0,0.0021198855247348547,0.0,0.0,0.00016738982230890542,0.0,0.0,0.057427529245615005,0.0,0.0,0.09959051758050919,282.15966796875,118.53093719482422,0.8323365449905396,262.49176025390625,56.96122741699219,0.887634813785553,218.35858154296875,138.12632751464844,0.9625147581100464,192.29124450683594,64.6079330444336,0.9680002927780151,0.0,0.0,0.489244282245636,261.3216247558594,187.72927856445312,0.5372984409332275,0.0,0.0,0.00552520714700222,0.0,0.0,0.007202648092061281,0.0,0.0,0.00010854213905986398,0.0,0.0,0.00015686385449953377
1214,True,0.0,0.0,0.00293688103556633,0.0,0.0,0.0004930722061544657,0.0,0.0,0.00012041460286127403,0.0,0.0,0.0020453997422009706,0.0,0.0,0.00020494865020737052,0.0,0.0,0.06597757339477539,0.0,0.0,0.11280236393213272,283.61273193359375,122.32601928710938,0.8357062339782715,261.7964172363281,56.68468475341797,0.8935649394989014,218.544921875,138.01190185546875,0.96317458152771,194.1445770263672,69.45353698730469,0.9702953696250916,277.0179443359375,200.68116760253906,0.5165883898735046,262.8363952636719,188.18319702148438,0.5654707551002502,0.0,0.0,0.005716581363230944,0.0,0.0,0.00767661863937974,0.0,0.0,0.00010498433402972296,0.0,0.0,0.00015449870261363685
1215,True,0.0,0.0,0.0042907171882689,0.0,0.0,0.0008462366531603038,0.0,0.0,0.0001544249098515138,0.0,0.0,0.0029491963796317577,0.0,0.0,0.00019833637634292245,0.0,0.0,0.07511376589536667,0.0,0.0,0.09966108947992325,283.0772705078125,128.5272674560547,0.8326877355575562,262.8473205566406,57.549766540527344,0.8537806868553162,216.9633026123047,137.85049438476562,0.9622873067855835,193.896484375,73.81542205810547,0.9599301815032959,0.0,0.0,0.46718207001686096,0.0,0.0,0.4942355155944824,0.0,0.0,0.006457759533077478,0.0,0.0,0.007666600402444601,0.0,0.0,0.00014222963363863528,0.0,0.0,0.00019328060443513095
1216,True,0.0,0.0,0.0040983157232403755,0.0,0.0,0.000799981877207756,0.0,0.0,0.00014279807510320097,0.0,0.0,0.0035053265746682882,0.0,0.0,0.00024342589313164353,0.0,0.0,0.0995677262544632,0.0,0.0,0.11319878697395325,281.6776123046875,127.84138488769531,0.8627076148986816,263.79913330078125,59.57804870605469,0.845720112323761,216.7034912109375,138.14576721191406,0.9658989310264587,192.98855590820312,76.74053955078125,0.9563665986061096,0.0,0.0,0.4926471710205078,0.0,0.0,0.4917384684085846,0.0,0.0,0.006301739253103733,0.0,0.0,0.006739222444593906,0.0,0.0,0.00012516696006059647,0.0,0.0,0.00015769858146086335
1217,True,0.0,0.0,0.0040131015703082085,0.0,0.0,0.0009310254827141762,0.0,0.0,0.00013891189882997423,0.0,0.0,0.0032202412839978933,0.0,0.0,0.0001755223493091762,0.0,0.0,0.09388058632612228,0.0,0.0,0.06791573762893677,284.18646240234375,123.60240173339844,0.8814220428466797,261.8143310546875,59.21173858642578,0.7877712845802307,215.75332641601562,136.12615966796875,0.9685936570167542,187.82040405273438,75.70542907714844,0.9450708627700806,279.61236572265625,207.21139526367188,0.5531377792358398,265.3435974121094,193.25088500976562,0.5025529861450195,0.0,0.0,0.007190321572124958,0.0,0.0,0.006380774080753326,0.0,0.0,0.0001424734218744561,0.0,0.0,0.00015839166007936
1218,True,0.0,0.0,0.0025803688913583755,0.0,0.0,0.0004961522645317018,0.0,0.0,9.717061766423285e-05,0.0,0.0,0.001784864580258727,0.0,0.0,0.00014558674592990428,0.0,0.0,0.07530798763036728,0.0,0.0,0.058413755148649216,284.04443359375,127.08590698242188,0.8862425088882446,263.07305908203125,60.767051696777344,0.8199939131736755,215.00619506835938,135.6041717529297,0.9715364575386047,190.34744262695312,74.99482727050781,0.9557428956031799,278.3872985839844,206.4259033203125,0.5318273305892944,0.0,0.0,0.4886740446090698,0.0,0.0,0.005765913054347038,0.0,0.0,0.005399681162089109,0.0,0.0,0.00010701167047955096,0.0,0.0,0.00012206874089315534
1219,True,0.0,0.0,0.003647372592240572,0.0,0.0,0.0007033642032183707,0.0,0.0,0.00012410317140165716,0.0,0.0,0.0027848458848893642,0.0,0.0,0.00017023479449562728,0.0,0.0,0.07930006086826324,0.0,0.0,0.09494872391223907,284.85546875,120.91576385498047,0.8737412691116333,264.2959289550781,60.01531982421875,0.8638899326324463,216.76303100585938,138.0941619873047,0.9715222716331482,194.71336364746094,73.00703430175781,0.964116632938385,276.34918212890625,201.4091033935547,0.5395063161849976,263.3330078125,189.18812561035156,0.539484441280365,0.0,0.0,0.006471232045441866,0.0,0.0,0.007048440631479025,0.0,0.0,0.00011332587018841878,0.0,0.0,0.0001449233095627278
1220,True,0.0,0.0,0.0012101129395887256,0.0,0.0,0.00024616008158773184,0.0,0.0,3.810397902270779e-05,0.0,0.0,0.0017992912326008081,0.0,0.0,0.00013828877126798034,0.0,0.0,0.1291039139032364,0.0,0.0,0.04729040712118149,274.92218017578125,107.24674987792969,0.9512714147567749,264.0764465332031,60.50733947753906,0.7558508515357971,216.466552734375,137.75271606445312,0.9813200235366821,188.4263916015625,67.84542846679688,0.9321883320808411,277.4663391113281,200.90093994140625,0.6989471912384033,265.0970458984375,191.13931274414062,0.536620020866394,0.0,0.0,0.008293562568724155,0.0,0.0,0.004677824676036835,0.0,0.0,0.0001059736532624811,0.0,0.0,8.41794244479388e-05
1221,True,0.0,0.0,0.0015997422160580754,0.0,0.0,0.0002937660610768944,0.0,0.0,6.213653250597417e-05,0.0,0.0,0.0012630473356693983,0.0,0.0,0.00010341504093958065,0.0,0.0,0.05801635608077049,0.0,0.0,0.04458104446530342,281.66925048828125,115.0351791381836,0.9026702046394348,259.85760498046875,59.80328369140625,0.8219700455665588,215.607177734375,136.16925048828125,0.9751135110855103,188.9376220703125,63.8100471496582,0.9563925266265869,278.23553466796875,203.82012939453125,0.5908626914024353,260.5077819824219,192.6212615966797,0.5260829925537109,0.0,0.0,0.006047974806278944,0.0,0.0,0.005054168403148651,0.0,0.0,0.0001011652493616566,0.0,0.0,0.000105983555840794
1222,True,0.0,0.0,0.0015620533376932144,0.0,0.0,0.00027984814369119704,0.0,0.0,6.145578663563356e-05,0.0,0.0,0.0012814353685826063,0.0,0.0,0.00011695680586853996,0.0,0.0,0.06878915429115295,0.0,0.0,0.053361304104328156,280.869384765625,119.90690612792969,0.9041085839271545,258.83544921875,57.76904296875,0.8381133079528809,215.19247436523438,135.04806518554688,0.9743158221244812,187.9857940673828,59.275203704833984,0.9588655829429626,278.10247802734375,203.9993896484375,0.6120074391365051,261.1888427734375,191.84283447265625,0.5553190112113953,0.0,0.0,0.006961863022297621,0.0,0.0,0.006127289030700922,0.0,0.0,0.00011285257642157376,0.0,0.0,0.0001226710737682879
1223,True,0.0,0.0,0.0019001548644155264,0.0,0.0,0.0003820108249783516,0.0,0.0,6.611995922867209e-05,0.0,0.0,0.0016498678596690297,0.0,0.0,0.00010947955888696015,0.0,0.0,0.08148519694805145,0.0,0.0,0.04830431938171387,279.92962646484375,128.63214111328125,0.9059134125709534,260.9764404296875,57.00905990600586,0.8023874163627625,213.76129150390625,134.82662963867188,0.9748285412788391,190.93862915039062,57.83100891113281,0.9510575532913208,276.182861328125,206.50926208496094,0.5764183402061462,0.0,0.0,0.4987371861934662,0.0,0.0,0.008412066847085953,0.0,0.0,0.006872917991131544,0.0,0.0,0.00015572941629216075,0.0,0.0,0.0001616428780835122
1224,True,0.0,0.0,0.0013751384103670716,0.0,0.0,0.00028341388679109514,0.0,0.0,4.13529051002115e-05,0.0,0.0,0.0016768377972766757,0.0,0.0,9.553190466249362e-05,0.0,0.0,0.09461776167154312,0.0,0.0,0.039511680603027344,276.25701904296875,125.9623031616211,0.9289267659187317,262.9071044921875,57.08396530151367,0.7615841031074524,213.54238891601562,135.87142944335938,0.9789620041847229,190.3723602294922,57.51415252685547,0.9413429498672485,275.8472900390625,205.88726806640625,0.5715987086296082,0.0,0.0,0.44432777166366577,0.0,0.0,0.007867161184549332,0.0,0.0,0.005256893578916788,0.0,0.0,0.00013423415657598525,0.0,0.0,0.00012083350156899542
1225,True,0.0,0.0,0.0018045591423287988,0.0,0.0,0.00034192815655842423,0.0,0.0,6.220595969352871e-05,0.0,0.0,0.0016531351720914245,0.0,0.0,0.00011879023804794997,0.0,0.0,0.09180678427219391,0.0,0.0,0.05359434336423874,278.03289794921875,126.82456970214844,0.9212130308151245,260.2906799316406,59.6715087890625,0.8171795606613159,213.44371032714844,135.5024871826172,0.9774691462516785,188.32931518554688,58.244728088378906,0.953184962272644,275.994873046875,205.8004150390625,0.5751810073852539,0.0,0.0,0.48789089918136597,0.0,0.0,0.007308632135391235,0.0,0.0,0.00567390164360404,0.0,0.0,0.00012486988271120936,0.0,0.0,0.00012421043356880546
1226,True,0.0,0.0,0.0029008109122514725,0.0,0.0,0.0006138274911791086,0.0,0.0,7.893898873589933e-05,0.0,0.0,0.002987735439091921,0.0,0.0,0.00012230899301357567,0.0,0.0,0.10481534898281097,0.0,0.0,0.08349818736314774,278.45843505859375,135.5565948486328,0.9055970311164856,259.95623779296875,59.47430419921875,0.8412937521934509,214.48361206054688,139.14028930664062,0.9764434099197388,191.16876220703125,61.260711669921875,0.9567444324493408,274.7604064941406,203.420166015625,0.5068185329437256,0.0,0.0,0.464398056268692,0.0,0.0,0.008750743232667446,0.0,0.0,0.007606017403304577,0.0,0.0,0.0001749612420098856,0.0,0.0,0.000190540638868697
1227,True,0.0,0.0,0.0030638333410024643,0.0,0.0,0.0006559344474226236,0.0,0.0,8.195065311156213e-05,0.0,0.0,0.0029799416661262512,0.0,0.0,0.00011814870231319219,0.0,0.0,0.1025671437382698,0.0,0.0,0.07864884287118912,278.7934265136719,136.8494110107422,0.9031979441642761,260.2665710449219,59.1009521484375,0.8325791358947754,213.98825073242188,139.26934814453125,0.9766284823417664,191.65782165527344,61.240753173828125,0.9554626941680908,0.0,0.0,0.47793200612068176,0.0,0.0,0.43383681774139404,0.0,0.0,0.008565223775804043,0.0,0.0,0.0073307170532643795,0.0,0.0,0.00018422740686219186,0.0,0.0,0.00019841450557578355
1228,True,0.0,0.0,0.0029651536606252193,0.0,0.0,0.0006736070499755442,0.0,0.0,7.437784370267764e-05,0.0,0.0,0.0033202131744474173,0.0,0.0,0.00011018849909305573,0.0,0.0,0.11012666672468185,0.0,0.0,0.07021168619394302,278.43121337890625,135.30279541015625,0.9117757678031921,262.2658996582031,56.49513244628906,0.8040114045143127,214.42822265625,139.20803833007812,0.9788395762443542,193.0230712890625,65.04998016357422,0.9505918622016907,0.0,0.0,0.4819362759590149,0.0,0.0,0.41334131360054016,0.0,0.0,0.009114355780184269,0.0,0.0,0.00705825537443161,0.0,0.0,0.0001954125618794933,0.0,0.0,0.0001968660217244178
1229,True,0.0,0.0,0.0025488652754575014,0.0,0.0,0.0006944510387256742,0.0,0.0,5.073264037491754e-05,0.0,0.0,0.003786829998716712,0.0,0.0,7.180019019870088e-05,0.0,0.0,0.1027267575263977,0.0,0.0,0.04280771315097809,276.04248046875,130.85975646972656,0.9178688526153564,263.17401123046875,55.95258331298828,0.7025378346443176,212.75210571289062,139.07119750976562,0.9808897972106934,192.77593994140625,69.70274353027344,0.9321059584617615,0.0,0.0,0.4283735454082489,0.0,0.0,0.31582584977149963,0.0,0.0,0.008412213996052742,0.0,0.0,0.005350734572857618,0.0,0.0,0.00018741210806183517,0.0,0.0,0.0001656388776609674
1230,True,0.0,0.0,0.003628574777394533,0.0,0.0,0.0009321252000518143,0.0,0.0,8.078408427536488e-05,0.0,0.0,0.004626956768333912,0.0,0.0,0.00010637996456352994,0.0,0.0,0.12435921281576157,0.0,0.0,0.07145263254642487,276.7986145019531,133.6072235107422,0.9152356386184692,262.3028259277344,57.558258056640625,0.7833926677703857,212.1971435546875,138.91488647460938,0.9796488881111145,192.33628845214844,70.40070343017578,0.9470986127853394,0.0,0.0,0.48170581459999084,0.0,0.0,0.402924120426178,0.0,0.0,0.009641111828386784,0.0,0.0,0.007248372305184603,0.0,0.0,0.0002059203980024904,0.0,0.0,0.00020490940369199961
1231,True,0.0,0.0,0.0029531335458159447,0.0,0.0,0.000715931411832571,0.0,0.0,7.049317355267704e-05,0.0,0.0,0.0033960137516260147,0.0,0.0,8.798452472547069e-05,0.0,0.0,0.09259279072284698,0.0,0.0,0.05954747274518013,279.1662902832031,126.25221252441406,0.9100255370140076,261.63714599609375,57.63542938232422,0.7919284105300903,213.2515869140625,139.63209533691406,0.979962944984436,192.28097534179688,69.77814483642578,0.9524728059768677,0.0,0.0,0.4898150563240051,0.0,0.0,0.41651198267936707,0.0,0.0,0.007876770570874214,0.0,0.0,0.006164421793073416,0.0,0.0,0.00015474580868612975,0.0,0.0,0.00015832626377232373
1232,True,0.0,0.0,0.0024793739430606365,0.0,0.0,0.0006070021190680563,0.0,0.0,5.4622181778540835e-05,0.0,0.0,0.0031013167463243008,0.0,0.0,7.347725477302447e-05,0.0,0.0,0.09143751114606857,0.0,0.0,0.0491921529173851,277.65771484375,123.83262634277344,0.9184672236442566,260.20623779296875,57.07299041748047,0.7629312872886658,214.30201721191406,140.4584503173828,0.9805107712745667,191.70767211914062,64.66915893554688,0.9453681707382202,0.0,0.0,0.48337194323539734,0.0,0.0,0.3845311999320984,0.0,0.0,0.007092924788594246,0.0,0.0,0.005037188529968262,0.0,0.0,0.0001352532854070887,0.0,0.0,0.00012952629185747355
1233,True,0.0,0.0,0.0025454633869230747,0.0,0.0,0.0006131918635219336,0.0,0.0,5.7758403272600845e-05,0.0,0.0,0.003038947470486164,0.0,0.0,7.348012877628207e-05,0.0,0.0,0.08487003296613693,0.0,0.0,0.05415748059749603,278.08978271484375,122.92877197265625,0.9146432876586914,259.2366943359375,57.54301452636719,0.7942721247673035,213.53390502929688,139.8951416015625,0.9799665808677673,190.89028930664062,62.443328857421875,0.9519810080528259,276.83721923828125,202.3372344970703,0.504589855670929,0.0,0.0,0.42517197132110596,0.0,0.0,0.006993870250880718,0.0,0.0,0.0054069277830421925,0.0,0.0,0.00012825119483750314,0.0,0.0,0.00013059796765446663
1234,True,0.0,0.0,0.0028054481372237206,0.0,0.0,0.0006833870429545641,0.0,0.0,6.38425990473479e-05,0.0,0.0,0.0031897572334855795,0.0,0.0,7.592763722641394e-05,0.0,0.0,0.09463205933570862,0.0,0.0,0.05695014446973801,278.84759521484375,127.40733337402344,0.9206904768943787,258.9521179199219,59.13499450683594,0.798271656036377,212.89364624023438,138.74288940429688,0.9809229969978333,189.9307098388672,59.24452209472656,0.951646089553833,277.5341796875,204.1646728515625,0.5031598210334778,0.0,0.0,0.4190537631511688,0.0,0.0,0.007327674422413111,0.0,0.0,0.005478640552610159,0.0,0.0,0.00013718147238250822,0.0,0.0,0.00013664424477610737
1235,True,0.0,0.0,0.001301354612223804,0.0,0.0,0.0002892245538532734,0.0,0.0,3.4236836654599756e-05,0.0,0.0,0.0016455036820843816,0.0,0.0,6.427784683182836e-05,0.0,0.0,0.08123064041137695,0.0,0.0,0.03456313535571098,274.9079284667969,128.78372192382812,0.9286676049232483,258.2975769042969,60.23466491699219,0.7584928274154663,211.20697021484375,136.05984497070312,0.9798977971076965,187.8321533203125,58.465187072753906,0.943086564540863,278.218017578125,207.16946411132812,0.5211116671562195,0.0,0.0,0.39922094345092773,0.0,0.0,0.006407700013369322,0.0,0.0,0.004251190461218357,0.0,0.0,0.00011562580039026216,0.0,0.0,0.00010421920160297304
1236,True,0.0,0.0,0.0011540954001247883,0.0,0.0,0.00025134923635050654,0.0,0.0,2.9481929232133552e-05,0.0,0.0,0.001498132711276412,0.0,0.0,6.289526209002361e-05,0.0,0.0,0.0802992731332779,0.0,0.0,0.030868731439113617,274.6324157714844,133.02700805664062,0.9232355952262878,261.1484375,59.186912536621094,0.7339750528335571,210.66921997070312,135.91099548339844,0.9788544178009033,188.288330078125,58.25921630859375,0.9387391805648804,0.0,0.0,0.48337918519973755,0.0,0.0,0.3596079647541046,0.0,0.0,0.006529501639306545,0.0,0.0,0.004325259011238813,0.0,0.0,0.00012442440493032336,0.0,0.0,0.00011209602962480858
1237,True,0.0,0.0,0.0020373614970594645,0.0,0.0,0.0004491965810302645,0.0,0.0,4.6682853280799463e-05,0.0,0.0,0.002572460565716028,0.0,0.0,8.375560719287023e-05,0.0,0.0,0.09396535903215408,0.0,0.0,0.06094340980052948,275.8716125488281,135.10557556152344,0.9052193760871887,261.1895446777344,57.50310516357422,0.808530330657959,212.32608032226562,138.40863037109375,0.976760983467102,190.59661865234375,58.09203338623047,0.9522321224212646,0.0,0.0,0.444443017244339,0.0,0.0,0.3852730989456177,0.0,0.0,0.006921629421412945,0.0,0.0,0.005803115665912628,0.0,0.0,0.00013716943794861436,0.0,0.0,0.0001473371812608093
1238,True,0.0,0.0,0.002231755293905735,0.0,0.0,0.000558217812795192,0.0,0.0,4.4639804400503635e-05,0.0,0.0,0.0032277130521833897,0.0,0.0,7.104059477569535e-05,0.0,0.0,0.10842791199684143,0.0,0.0,0.0507580004632473,276.1325988769531,129.8958740234375,0.9274383783340454,262.05029296875,57.62908935546875,0.7638629078865051,212.6378936767578,139.14251708984375,0.9816228151321411,192.34759521484375,60.38630676269531,0.9436632990837097,0.0,0.0,0.4829755425453186,0.0,0.0,0.37503066658973694,0.0,0.0,0.00818781740963459,0.0,0.0,0.00556907756254077,0.0,0.0,0.0001574670459376648,0.0,0.0,0.00014677252329420298
1239,True,0.0,0.0,0.0031507862731814384,0.0,0.0,0.000794449879322201,0.0,0.0,6.883373134769499e-05,0.0,0.0,0.0033558078575879335,0.0,0.0,7.387364166788757e-05,0.0,0.0,0.103195920586586,0.0,0.0,0.056629981845617294,280.5240173339844,136.54010009765625,0.9150860905647278,259.1698303222656,59.2037353515625,0.7822464108467102,213.5004425048828,139.141845703125,0.9800794720649719,191.67327880859375,62.18628692626953,0.9482840299606323,0.0,0.0,0.46212440729141235,0.0,0.0,0.3799411356449127,0.0,0.0,0.008067094720900059,0.0,0.0,0.006062154658138752,0.0,0.0,0.00017136764654424042,0.0,0.0,0.0001713988749543205
1240,True,0.0,0.0,0.0033424082212150097,0.0,0.0,0.0008494204375892878,0.0,0.0,7.26308353478089e-05,0.0,0.0,0.0031888040248304605,0.0,0.0,6.917525024618953e-05,0.0,0.0,0.09806788712739944,0.0,0.0,0.04799601808190346,282.77740478515625,134.72613525390625,0.9146930575370789,260.60693359375,56.42726135253906,0.7549252510070801,214.1096649169922,139.69593811035156,0.9814373254776001,192.8665313720703,65.60465240478516,0.9467537999153137,0.0,0.0,0.43991410732269287,0.0,0.0,0.3472752273082733,0.0,0.0,0.007699038367718458,0.0,0.0,0.005550856702029705,0.0,0.0,0.0001673535880399868,0.0,0.0,0.0001629046892048791
1241,True,0.0,0.0,0.002160857431590557,0.0,0.0,0.0004759371222462505,0.0,0.0,5.2358715038280934e-05,0.0,0.0,0.0020730183459818363,0.0,0.0,6.794399814680219e-05,0.0,0.0,0.07288786768913269,0.0,0.0,0.04085851460695267,282.63623046875,126.42909240722656,0.9024447798728943,262.36474609375,58.750099182128906,0.7530540823936462,213.2766571044922,139.61856079101562,0.9790074825286865,193.316650390625,71.73116302490234,0.9477315545082092,0.0,0.0,0.4437006413936615,0.0,0.0,0.3581385612487793,0.0,0.0,0.006105251144617796,0.0,0.0,0.004733582492917776,0.0,0.0,0.0001223061844939366,0.0,0.0,0.00012418166443239897
1242,True,0.0,0.0,0.002606884576380253,0.0,0.0,0.000533913669642061,0.0,0.0,7.151885802159086e-05,0.0,0.0,0.002119010081514716,0.0,0.0,9.054783004103228e-05,0.0,0.0,0.07012099772691727,0.0,0.0,0.0545671172440052,285.3822937011719,124.87339782714844,0.8828219771385193,264.2359619140625,60.124168395996094,0.7982284426689148,214.18417358398438,139.44676208496094,0.9758514165878296,194.05850219726562,75.38765716552734,0.9567937850952148,0.0,0.0,0.44056639075279236,0.0,0.0,0.39523518085479736,0.0,0.0,0.005798310972750187,0.0,0.0,0.00536730419844389,0.0,0.0,0.0001140730018960312,0.0,0.0,0.00013112928718328476
1243,True,0.0,0.0,0.0023338855244219303,0.0,0.0,0.00042065157322213054,0.0,0.0,8.973245712695643e-05,0.0,0.0,0.0012328228913247585,0.0,0.0,0.0001030721323331818,0.0,0.0,0.05812094360589981,0.0,0.0,0.04851099103689194,288.92559814453125,127.16896057128906,0.8757970929145813,259.0782165527344,62.314125061035156,0.8213188052177429,213.93887329101562,137.8925018310547,0.9716672301292419,188.78692626953125,73.48512268066406,0.9604788422584534,0.0,0.0,0.47664982080459595,0.0,0.0,0.44310909509658813,0.0,0.0,0.004602217581123114,0.0,0.0,0.0045677656307816505,0.0,0.0,8.888406591722742e-05,0.0,0.0,0.00010609254968585446
1244,True,0.0,0.0,0.003569085616618395,0.0,0.0,0.0007063870434649289,0.0,0.0,0.0001040152637870051,0.0,0.0,0.002284558955579996,0.0,0.0,0.00011083384742960334,0.0,0.0,0.07402738183736801,0.0,0.0,0.06681860238313675,286.6842956542969,131.62496948242188,0.8683880567550659,264.07977294921875,61.14533233642578,0.8192074298858643,213.9777374267578,139.3644256591797,0.9731088280677795,193.3695526123047,74.33612823486328,0.9596273303031921,0.0,0.0,0.40341266989707947,0.0,0.0,0.3846895098686218,0.0,0.0,0.005235704127699137,0.0,0.0,0.005357313901185989,0.0,0.0,0.0001106713098124601,0.0,0.0,0.0001366517972201109
1245,True,0.0,0.0,0.0037892786785960197,0.0,0.0,0.0007825393695384264,0.0,0.0,0.00010609579476295039,0.0,0.0,0.0022791861556470394,0.0,0.0,9.23777770367451e-05,0.0,0.0,0.06778867542743683,0.0,0.0,0.05910332873463631,288.11865234375,132.56826782226562,0.8633872866630554,261.3140869140625,59.9244384765625,0.8052799105644226,214.5132598876953,139.62660217285156,0.9736180901527405,191.5349578857422,72.57634735107422,0.9583469033241272,0.0,0.0,0.38075554370880127,0.0,0.0,0.3586653172969818,0.0,0.0,0.005035611800849438,0.0,0.0,0.0050545926205813885,0.0,0.0,0.00011204920883756131,0.0,0.0,0.00013686175225302577
1246,True,0.0,0.0,0.004066574852913618,0.0,0.0,0.0007869070395827293,0.0,0.0,0.00013150920858606696,0.0,0.0,0.002127547049894929,0.0,0.0,0.00010921659122686833,0.0,0.0,0.056663691997528076,0.0,0.0,0.07333414256572723,288.8561706542969,131.6326141357422,0.8297731280326843,260.3046875,60.67988586425781,0.8499093055725098,215.37965393066406,140.2279815673828,0.9678949117660522,192.5258331298828,71.70741271972656,0.9658071994781494,0.0,0.0,0.3804970383644104,0.0,0.0,0.40648141503334045,0.0,0.0,0.004811711609363556,0.0,0.0,0.00588832376524806,0.0,0.0,0.00011214915866730735,0.0,0.0,0.00015713706670794636
1247,True,0.0,0.0,0.002997555071488023,0.0,0.0,0.0006148088141344488,0.0,0.0,8.619663276476786e-05,0.0,0.0,0.002434366848319769,0.0,0.0,9.794937795959413e-05,0.0,0.0,0.07016690075397491,0.0,0.0,0.07332442700862885,285.3841857910156,126.59967803955078,0.8783493638038635,260.6530456542969,58.59715270996094,0.8478705286979675,214.1568603515625,138.86776733398438,0.9747830629348755,193.2205810546875,68.83692932128906,0.9643740653991699,0.0,0.0,0.4807604253292084,0.0,0.0,0.468763530254364,0.0,0.0,0.005613971967250109,0.0,0.0,0.005914973560720682,0.0,0.0,0.00010334987746318802,0.0,0.0,0.00013009370013605803
1248,True,0.0,0.0,0.00255505065433681,0.0,0.0,0.0004934986936859787,0.0,0.0,7.892144640209153e-05,0.0,0.0,0.001916451845318079,0.0,0.0,0.0001378545566694811,0.0,0.0,0.1269751340150833,0.0,0.0,0.06054167449474335,283.3123779296875,116.76673889160156,0.9460083842277527,263.45361328125,62.135589599609375,0.8144202828407288,215.78765869140625,138.63194274902344,0.984708309173584,188.39361572265625,68.40951538085938,0.957757830619812,281.04705810546875,208.53866577148438,0.6071916818618774,0.0,0.0,0.48102882504463196,0.0,0.0,0.006426574196666479,0.0,0.0,0.00439378572627902,0.0,0.0,8.893138146959245e-05,0.0,0.0,8.179419091902673e-05
1249,True,0.0,0.0,0.0019152754684910178,0.0,0.0,0.00034020221210084856,0.0,0.0,7.079754868755117e-05,0.0,0.0,0.0012246526312083006,0.0,0.0,0.0001000428237603046,0.0,0.0,0.06365443021059036,0.0,0.0,0.05110849067568779,285.04571533203125,126.83226013183594,0.901997447013855,259.11114501953125,58.49507141113281,0.845618724822998,214.7256317138672,137.79852294921875,0.9767665863037109,191.51425170898438,65.29193878173828,0.9647478461265564,280.4805603027344,209.26010131835938,0.5460633039474487,0.0,0.0,0.4994756579399109,0.0,0.0,0.005130563862621784,0.0,0.0,0.004771767649799585,0.0,0.0,8.722266647964716e-05,0.0,0.0,9.911416418617591e-05
1250,True,0.0,0.0,0.0029209197964519262,0.0,0.0,0.0005740892374888062,0.0,0.0,9.286195563618094e-05,0.0,0.0,0.002303824992850423,0.0,0.0,0.00017700334137771279,0.0,0.0,0.14814837276935577,0.0,0.0,0.0737086683511734,280.9771423339844,120.22417449951172,0.9385660886764526,262.8294677734375,59.98117446899414,0.8066584467887878,215.10491943359375,139.1626739501953,0.9790002703666687,189.91909790039062,64.03575134277344,0.9475035667419434,279.9662780761719,205.8711395263672,0.6120408177375793,0.0,0.0,0.49651846289634705,0.0,0.0,0.006727795582264662,0.0,0.0,0.004860114771872759,0.0,0.0,9.541936742607504e-05,0.0,0.0,9.090887033380568e-05
1251,True,0.0,0.0,0.002112056128680706,0.0,0.0,0.0003915562410838902,0.0,0.0,6.581862544408068e-05,0.0,0.0,0.001467251218855381,0.0,0.0,0.00012248498387634754,0.0,0.0,0.1182231530547142,0.0,0.0,0.054142557084560394,282.721923828125,126.3467788696289,0.9402610063552856,262.23284912109375,62.79269790649414,0.8095331192016602,215.31552124023438,139.7315673828125,0.9827350974082947,190.624267578125,65.52722930908203,0.956045389175415,280.60260009765625,210.23516845703125,0.577017068862915,0.0,0.0,0.4558112621307373,0.0,0.0,0.006285540759563446,0.0,0.0,0.004470875021070242,0.0,0.0,9.286558633903041e-05,0.0,0.0,8.712607086636126e-05
1252,True,0.0,0.0,0.0018623201176524162,0.0,0.0,0.00032535515492781997,0.0,0.0,6.689630390610546e-05,0.0,0.0,0.0011592308292165399,0.0,0.0,9.78753378149122e-05,0.0,0.0,0.07439190149307251,0.0,0.0,0.048600535839796066,284.6773986816406,131.69448852539062,0.9153925776481628,258.5340881347656,60.44098663330078,0.8349800705909729,213.32205200195312,138.1585693359375,0.9792590141296387,190.44139099121094,65.72969818115234,0.9634835720062256,280.7820739746094,210.32591247558594,0.551730215549469,0.0,0.0,0.48261404037475586,0.0,0.0,0.005871269386261702,0.0,0.0,0.00502799404785037,0.0,0.0,9.960532042896375e-05,0.0,0.0,0.0001065354808815755
1253,True,0.0,0.0,0.0023886177223175764,0.0,0.0,0.0004344258632045239,0.0,0.0,7.631511834915727e-05,0.0,0.0,0.0013879243051633239,0.0,0.0,0.00011658201401587576,0.0,0.0,0.11054684966802597,0.0,0.0,0.05262822285294533,285.936279296875,129.20164489746094,0.9353919625282288,262.0448303222656,64.10413360595703,0.8080330491065979,215.20249938964844,139.41885375976562,0.98372483253479,191.4113006591797,71.83964538574219,0.9601338505744934,281.33343505859375,210.65834045410156,0.5559649467468262,0.0,0.0,0.4425511360168457,0.0,0.0,0.00678964564576745,0.0,0.0,0.004986966960132122,0.0,0.0,0.00010749092325568199,0.0,0.0,0.00010312454105587676
1254,True,0.0,0.0,0.003425082890316844,0.0,0.0,0.0006934781558811665,0.0,0.0,9.580266487319022e-05,0.0,0.0,0.0026180732529610395,0.0,0.0,0.00010979224316542968,0.0,0.0,0.08364427089691162,0.0,0.0,0.07680413872003555,284.51611328125,132.3608856201172,0.8863270878791809,261.6942443847656,60.651275634765625,0.8376386761665344,214.06890869140625,139.9620361328125,0.9764348268508911,197.18202209472656,73.8576431274414,0.9636343717575073,0.0,0.0,0.46437370777130127,0.0,0.0,0.43953609466552734,0.0,0.0,0.006015906576067209,0.0,0.0,0.00603095768019557,0.0,0.0,0.00011266762885497883,0.0,0.0,0.0001366886863252148
1255,True,0.0,0.0,0.003932442050427198,0.0,0.0,0.0008841166854836047,0.0,0.0,0.0001037799593177624,0.0,0.0,0.0030943043529987335,0.0,0.0,0.00015127989172469825,0.0,0.0,0.17879998683929443,0.0,0.0,0.055519141256809235,282.4769287109375,131.65707397460938,0.9482349753379822,266.170166015625,62.496063232421875,0.717418909072876,214.55931091308594,139.00047302246094,0.9853890538215637,191.60189819335938,78.77491760253906,0.9387503266334534,281.5127258300781,211.50828552246094,0.5192630887031555,0.0,0.0,0.3519989848136902,0.0,0.0,0.007788082584738731,0.0,0.0,0.004421359859406948,0.0,0.0,0.00013886303349863738,0.0,0.0,0.00011225936032133177
1256,True,0.0,0.0,0.0037723102141171694,0.0,0.0,0.0008474494679830968,0.0,0.0,9.28646040847525e-05,0.0,0.0,0.0024593074340373278,0.0,0.0,9.83445206657052e-05,0.0,0.0,0.1332937628030777,0.0,0.0,0.04906309023499489,285.98541259765625,128.2259063720703,0.9414564967155457,263.47564697265625,68.17729949951172,0.7409876585006714,215.65771484375,139.2464141845703,0.9854001402854919,189.36209106445312,84.87406921386719,0.9483742117881775,283.1470031738281,209.59619140625,0.5180146098136902,0.0,0.0,0.37455061078071594,0.0,0.0,0.007647998631000519,0.0,0.0,0.004760422743856907,0.0,0.0,0.00013764019240625203,0.0,0.0,0.00011960997653659433
1257,True,0.0,0.0,0.0035063480027019978,0.0,0.0,0.0008680082974024117,0.0,0.0,8.994869131129235e-05,0.0,0.0,0.0024042068980634212,0.0,0.0,9.480183507548645e-05,0.0,0.0,0.1210656687617302,0.0,0.0,0.03388316184282303,282.87628173828125,120.95991516113281,0.942719578742981,259.5838317871094,65.20596313476562,0.6460479497909546,215.60072326660156,140.61793518066406,0.9851273894309998,189.80364990234375,94.98028564453125,0.9281118512153625,287.428955078125,210.57456970214844,0.5094089508056641,0.0,0.0,0.32979056239128113,0.0,0.0,0.00788168329745531,0.0,0.0,0.003941013477742672,0.0,0.0,0.0001660280249780044,0.0,0.0,0.00012357873492874205
1258,True,0.0,0.0,0.0015308690490201116,0.0,0.0,0.0002718851319514215,0.0,0.0,5.820789374411106e-05,0.0,0.0,0.0009264197433367372,0.0,0.0,7.049788109725341e-05,0.0,0.0,0.031339943408966064,0.0,0.0,0.03635178506374359,287.74713134765625,118.70156860351562,0.8379030227661133,259.46038818359375,67.94296264648438,0.804792046546936,215.5158233642578,141.21136474609375,0.9720269441604614,193.54444885253906,100.41105651855469,0.9631519913673401,0.0,0.0,0.42826220393180847,0.0,0.0,0.4175724387168884,0.0,0.0,0.005033770110458136,0.0,0.0,0.005057595670223236,0.0,0.0,0.00010959570499835536,0.0,0.0,0.0001315615081693977
1259,True,0.0,0.0,0.001467759138904512,0.0,0.0,0.00030430126935243607,0.0,0.0,5.398724169936031e-05,0.0,0.0,0.0011308359680697322,0.0,0.0,6.530127575388178e-05,0.0,0.0,0.03415476158261299,0.0,0.0,0.03284510597586632,285.77685546875,125.60079956054688,0.8399909138679504,256.3541564941406,72.65689849853516,0.760097324848175,215.82037353515625,141.5087127685547,0.9691913723945618,193.54855346679688,105.1492919921875,0.9492834210395813,0.0,0.0,0.45455050468444824,0.0,0.0,0.4215918183326721,0.0,0.0,0.0077818394638597965,0.0,0.0,0.006726467050611973,0.0,0.0,0.00019551077275536954,0.0,0.0,0.0002108745975419879
1260,True,0.0,0.0,0.0013644463615491986,0.0,0.0,0.000309968861984089,0.0,0.0,5.8629328123060986e-05,0.0,0.0,0.0010177274234592915,0.0,0.0,5.7596480473876e-05,0.0,0.0,0.01894410140812397,0.0,0.0,0.022849231958389282,288.3634033203125,124.28531646728516,0.7255014777183533,256.2748718261719,62.88645935058594,0.7167954444885254,214.3085174560547,143.26242065429688,0.9406360387802124,203.07955932617188,106.17460632324219,0.9352549910545349,0.0,0.0,0.34224933385849,0.0,0.0,0.36310967803001404,0.0,0.0,0.003849782282486558,0.0,0.0,0.004218467511236668,0.0,0.0,0.00012807155144400895,0.0,0.0,0.00016183686966542155
1261,True,0.0,0.0,0.0014668242074549198,0.0,0.0,0.00033461974817328155,0.0,0.0,6.347210728563368e-05,0.0,0.0,0.001072981278412044,0.0,0.0,6.02126274316106e-05,0.0,0.0,0.019241023808717728,0.0,0.0,0.024064423516392708,288.2918395996094,123.30228424072266,0.7239572405815125,256.1363830566406,62.569664001464844,0.7228649258613586,214.81137084960938,142.9070281982422,0.9406899213790894,203.10337829589844,106.4146957397461,0.9366030097007751,0.0,0.0,0.3392139673233032,0.0,0.0,0.3636324405670166,0.0,0.0,0.0038318249862641096,0.0,0.0,0.004236780572682619,0.0,0.0,0.00012881732254754752,0.0,0.0,0.00016404148482251912
1262,True,0.0,0.0,0.00342959095723927,0.0,0.0,0.0010673687793314457,0.0,0.0,0.00011658534640446305,0.0,0.0,0.0032528038136661053,0.0,0.0,8.849250298226252e-05,0.0,0.0,0.039063576608896255,0.0,0.0,0.029888341203331947,286.8919677734375,132.5786590576172,0.7309006452560425,263.1753234863281,60.80006408691406,0.5993844270706177,217.5620880126953,143.27932739257812,0.9347782135009766,215.54627990722656,104.73837280273438,0.8928067684173584,0.0,0.0,0.33923792839050293,0.0,0.0,0.3207319378852844,0.0,0.0,0.008269822224974632,0.0,0.0,0.007879945449531078,0.0,0.0,0.0003533521667122841,0.0,0.0,0.0004108808352611959
1263,True,0.0,0.0,0.16272088885307312,0.0,0.0,0.22069431841373444,0.0,0.0,0.0025803481694310904,0.0,0.0,0.27748650312423706,0.0,0.0,0.0002463460259605199,0.0,0.0,0.3717639446258545,0.0,0.0,0.08411787450313568,272.6903076171875,153.1016082763672,0.861986517906189,0.0,0.0,0.28586646914482117,210.51454162597656,145.4492950439453,0.954094409942627,223.3227996826172,111.9211654663086,0.6983148455619812,0.0,0.0,0.3143114149570465,0.0,0.0,0.17782090604305267,0.0,0.0,0.017469195649027824,0.0,0.0,0.008560851216316223,0.0,0.0,0.0010519250063225627,0.0,0.0,0.0008278467576019466
1264,True,0.0,0.0,0.04408077523112297,0.0,0.0,0.07224038243293762,0.0,0.0,0.0010024260263890028,0.0,0.0,0.20861224830150604,0.0,0.0,0.00022392008395399898,0.0,0.0,0.1276535838842392,0.0,0.0,0.03956926614046097,258.0591125488281,101.775390625,0.6586602926254272,0.0,0.0,0.18496832251548767,220.75624084472656,117.35021209716797,0.8667062520980835,221.797607421875,110.16561889648438,0.5231184363365173,0.0,0.0,0.428221195936203,0.0,0.0,0.3043628931045532,0.0,0.0,0.03256092220544815,0.0,0.0,0.018208691850304604,0.0,0.0,0.0021597533486783504,0.0,0.0,0.0018694804748520255
1265,True,0.0,0.0,0.00222477107308805,0.0,0.0,0.0008361284853890538,0.0,0.0,9.739287634147331e-05,0.0,0.0,0.00345986383035779,0.0,0.0,0.00010135825868928805,0.0,0.0,0.019542217254638672,0.0,0.0,0.02025250531733036,0.0,0.0,0.4977336525917053,0.0,0.0,0.4072181284427643,220.68731689453125,124.26480102539062,0.8289716839790344,220.24215698242188,110.90816497802734,0.7651026844978333,0.0,0.0,0.33299720287323,0.0,0.0,0.3396119475364685,0.0,0.0,0.01431485079228878,0.0,0.0,0.01381414569914341,0.0,0.0,0.0009936174610629678,0.0,0.0,0.001167379436083138
1266,True,0.0,0.0,0.4638649523258209,242.54470825195312,40.1407470703125,0.6597084999084473,0.0,0.0,0.007842420600354671,264.5024719238281,37.58003234863281,0.6746137142181396,0.0,0.0,0.00044849299592897296,276.7156677246094,77.6454086303711,0.6665709018707275,0.0,0.0,0.13335323333740234,242.12220764160156,136.62319946289062,0.9274104237556458,0.0,0.0,0.15679144859313965,177.6580810546875,140.40017700195312,0.9683207273483276,178.81121826171875,131.744873046875,0.55110764503479,0.0,0.0,0.3357374966144562,0.0,0.0,0.13147465884685516,0.0,0.0,0.02128039300441742,0.0,0.0,0.006060511339455843,0.0,0.0,0.0010472413850948215,0.0,0.0,0.0005898853414691985
1267,True,239.07484436035156,53.00812530517578,0.5545594692230225,243.47203063964844,42.25109100341797,0.6048728823661804,0.0,0.0,0.02106672152876854,0.0,0.0,0.4423123598098755,0.0,0.0,0.0009376116213388741,0.0,0.0,0.3658563494682312,0.0,0.0,0.3263424038887024,258.2818908691406,126.72050476074219,0.7320968508720398,0.0,0.0,0.41820380091667175,158.73829650878906,135.8431396484375,0.935798704624176,154.62893676757812,133.1028289794922,0.8085841536521912,0.0,0.0,0.21982038021087646,0.0,0.0,0.2029642015695572,0.0,0.0,0.0188008863478899,0.0,0.0,0.015416732989251614,0.0,0.0,0.0011539843399077654,0.0,0.0,0.0013455285225063562
1268,True,0.0,0.0,0.06453265249729156,0.0,0.0,0.03834116831421852,0.0,0.0,0.0013113492168486118,0.0,0.0,0.0438479445874691,0.0,0.0,0.00036345215630717576,0.0,0.0,0.12825337052345276,0.0,0.0,0.1325192153453827,254.30337524414062,109.93855285644531,0.7712833285331726,250.0319061279297,92.1558609008789,0.5869395136833191,155.4378662109375,132.45654296875,0.9504846930503845,156.94700622558594,126.30735778808594,0.8954711556434631,0.0,0.0,0.21975533664226532,0.0,0.0,0.22062371671199799,0.0,0.0,0.006629499141126871,0.0,0.0,0.006122581195086241,0.0,0.0,0.0002619129663798958,0.0,0.0,0.00032528259907849133
1269,True,0.0,0.0,0.0024212165735661983,0.0,0.0,0.0004932324518449605,0.0,0.0,6.653436867054552e-05,0.0,0.0,0.0023045986890792847,0.0,0.0,0.00021103289327584207,0.0,0.0,0.060418855398893356,0.0,0.0,0.044066186994314194,251.05807495117188,88.0075454711914,0.8338141441345215,255.16517639160156,77.07814025878906,0.5745550394058228,156.55484008789062,132.09011840820312,0.9525061249732971,161.55093383789062,125.444580078125,0.8926721215248108,0.0,0.0,0.2837100028991699,0.0,0.0,0.23048481345176697,0.0,0.0,0.0063294917345047,0.0,0.0,0.00480617955327034,0.0,0.0,0.00018303259275853634,0.0,0.0,0.0001879642077255994
1270,True,0.0,0.0,0.021936587989330292,0.0,0.0,0.013394461944699287,0.0,0.0,0.0005498496466316283,0.0,0.0,0.035919032990932465,0.0,0.0,0.0002768797567114234,0.0,0.0,0.06712878495454788,0.0,0.0,0.10674108564853668,257.8599548339844,88.4376449584961,0.6466580033302307,250.3730010986328,82.95709228515625,0.6274893879890442,170.1982421875,131.3169403076172,0.8974205255508423,166.082275390625,123.9052963256836,0.887453019618988,0.0,0.0,0.26953110098838806,0.0,0.0,0.32988667488098145,0.0,0.0,0.010862554423511028,0.0,0.0,0.013729492202401161,0.0,0.0,0.0005553351365961134,0.0,0.0,0.0008521877462044358
1271,True,0.0,0.0,0.0040279570966959,0.0,0.0,0.0011844356777146459,0.0,0.0,0.0001348376099485904,0.0,0.0,0.0055150557309389114,0.0,0.0,0.0002853242040146142,0.0,0.0,0.04577885568141937,0.0,0.0,0.04907888546586037,260.1271057128906,91.9110336303711,0.6641163229942322,0.0,0.0,0.48329469561576843,167.42239379882812,130.87261962890625,0.8695837259292603,168.6488800048828,125.45468139648438,0.7851669192314148,0.0,0.0,0.1779317855834961,0.0,0.0,0.17804865539073944,0.0,0.0,0.0072685731574893,0.0,0.0,0.006273489445447922,0.0,0.0,0.0004398328310344368,0.0,0.0,0.0004899521009065211
1272,True,0.0,0.0,0.06862570345401764,0.0,0.0,0.06111719459295273,0.0,0.0,0.0014991138596087694,0.0,0.0,0.08312782645225525,0.0,0.0,0.0002214383421232924,0.0,0.0,0.09020078182220459,0.0,0.0,0.0909944400191307,273.41412353515625,88.77857971191406,0.6933755874633789,0.0,0.0,0.4330116808414459,188.5214080810547,130.16787719726562,0.9324971437454224,178.56063842773438,125.672607421875,0.8352420330047607,0.0,0.0,0.3314968943595886,0.0,0.0,0.3162722885608673,0.0,0.0,0.018671169877052307,0.0,0.0,0.015394991263747215,0.0,0.0,0.0008588924538344145,0.0,0.0,0.0010108333081007004
1273,True,0.0,0.0,0.021793456748127937,0.0,0.0,0.013730259612202644,0.0,0.0,0.0005221549072302878,0.0,0.0,0.03407932445406914,0.0,0.0,0.00018774066120386124,0.0,0.0,0.05522843822836876,0.0,0.0,0.08428318798542023,269.906494140625,88.31185150146484,0.6479753255844116,259.2101135253906,86.12693786621094,0.5696743130683899,181.10089111328125,131.73773193359375,0.9076784253120422,175.1932373046875,126.80838775634766,0.8734632134437561,0.0,0.0,0.28412309288978577,0.0,0.0,0.32854580879211426,0.0,0.0,0.010137414559721947,0.0,0.0,0.011242021806538105,0.0,0.0,0.00047554937191307545,0.0,0.0,0.00067790353205055
1274,True,0.0,0.0,0.022819610312581062,0.0,0.0,0.011048647575080395,0.0,0.0,0.0005675772554241121,0.0,0.0,0.026435039937496185,0.0,0.0,0.00027557165594771504,0.0,0.0,0.1228351965546608,0.0,0.0,0.12068761885166168,277.63525390625,106.48332214355469,0.7732016444206238,276.2785949707031,84.63153076171875,0.6954443454742432,188.98912048339844,129.8730010986328,0.9418092370033264,204.16580200195312,114.02552795410156,0.9169930815696716,0.0,0.0,0.3616447448730469,0.0,0.0,0.3767094314098358,0.0,0.0,0.009620304219424725,0.0,0.0,0.011181941255927086,0.0,0.0,0.0002747266844380647,0.0,0.0,0.0003952749539166689
1275,True,0.0,0.0,0.04219586402177811,0.0,0.0,0.023595446720719337,0.0,0.0,0.0009461156441830099,0.0,0.0,0.04112386703491211,0.0,0.0,0.0003645035612862557,0.0,0.0,0.2267235517501831,0.0,0.0,0.09896069765090942,279.5620422363281,110.24922180175781,0.8520200848579407,0.0,0.0,0.4868997037410736,193.6963348388672,129.03167724609375,0.9563656449317932,211.01429748535156,111.733642578125,0.8403168320655823,0.0,0.0,0.39775022864341736,0.0,0.0,0.29282382130622864,0.0,0.0,0.011471954174339771,0.0,0.0,0.007850940339267254,0.0,0.0,0.0002877119113691151,0.0,0.0,0.0002881398831959814
1276,True,0.0,0.0,0.03143193572759628,0.0,0.0,0.022152135148644447,0.0,0.0,0.000592421623878181,0.0,0.0,0.061458684504032135,0.0,0.0,0.00026534992503002286,0.0,0.0,0.22756271064281464,0.0,0.0,0.09204968065023422,282.55389404296875,106.61389923095703,0.8603326082229614,0.0,0.0,0.48468679189682007,199.1146697998047,128.7310333251953,0.958740770816803,213.4021759033203,110.75941467285156,0.8407698273658752,0.0,0.0,0.4364026188850403,0.0,0.0,0.3247527480125427,0.0,0.0,0.014248762279748917,0.0,0.0,0.009805334731936455,0.0,0.0,0.0003632172883953899,0.0,0.0,0.0003635768953245133
1277,True,0.0,0.0,0.05912552401423454,0.0,0.0,0.041785985231399536,0.0,0.0,0.001255659619346261,0.0,0.0,0.07662058621644974,0.0,0.0,0.0003657880297396332,0.0,0.0,0.281532883644104,0.0,0.0,0.10396549105644226,285.0022888183594,108.57638549804688,0.8712526559829712,0.0,0.0,0.4624369442462921,201.20118713378906,128.58387756347656,0.9576507806777954,214.42137145996094,111.35835266113281,0.8178530931472778,0.0,0.0,0.468087375164032,0.0,0.0,0.3377394676208496,0.0,0.0,0.013783199712634087,0.0,0.0,0.009086579084396362,0.0,0.0,0.00033790533780120313,0.0,0.0,0.0003284401900600642
1278,True,0.0,0.0,0.14573366940021515,0.0,0.0,0.13470931351184845,0.0,0.0,0.0028792938683182,0.0,0.0,0.16975662112236023,0.0,0.0,0.00038309505907818675,0.0,0.0,0.3593701422214508,0.0,0.0,0.12422499805688858,286.7292785644531,112.2472152709961,0.8612438440322876,0.0,0.0,0.4191138744354248,207.80511474609375,129.0228729248047,0.960231363773346,215.28330993652344,111.00604248046875,0.8091272115707397,0.0,0.0,0.3659968376159668,0.0,0.0,0.24711813032627106,0.0,0.0,0.013261470943689346,0.0,0.0,0.008591429330408573,0.0,0.0,0.000415073154726997,0.0,0.0,0.000404645805247128
1279,True,0.0,0.0,0.33752915263175964,0.0,0.0,0.3324522376060486,0.0,0.0,0.009912317618727684,0.0,0.0,0.2419540286064148,0.0,0.0,0.000596889469306916,0.0,0.0,0.35933297872543335,0.0,0.0,0.16791658103466034,290.2093505859375,112.52162170410156,0.7841122150421143,0.0,0.0,0.42342409491539,210.83485412597656,129.71780395507812,0.938560962677002,217.4828338623047,113.68718719482422,0.8005627393722534,0.0,0.0,0.27173346281051636,0.0,0.0,0.21210460364818573,0.0,0.0,0.01175152137875557,0.0,0.0,0.009468193165957928,0.0,0.0,0.0004900714848190546,0.0,0.0,0.0005643373588100076
1280,True,0.0,0.0,0.2012156844139099,0.0,0.0,0.1847955286502838,0.0,0.0,0.006456955336034298,0.0,0.0,0.14297130703926086,0.0,0.0,0.00043016651761718094,0.0,0.0,0.1678040772676468,0.0,0.0,0.10380170494318008,291.4795227050781,104.29460906982422,0.5969955921173096,0.0,0.0,0.35592758655548096,216.8656463623047,134.71194458007812,0.8802699446678162,219.98728942871094,122.10186767578125,0.7517197728157043,0.0,0.0,0.17451703548431396,0.0,0.0,0.16058701276779175,0.0,0.0,0.007970210164785385,0.0,0.0,0.007691566366702318,0.0,0.0,0.0005067023448646069,0.0,0.0,0.0006585916853509843
1281,True,0.0,0.0,0.11116281896829605,0.0,0.0,0.11743387579917908,0.0,0.0,0.0017498419620096684,0.0,0.0,0.20226389169692993,0.0,0.0,0.0002952598733827472,0.0,0.0,0.3767881393432617,0.0,0.0,0.12210787832736969,271.3973083496094,109.57414245605469,0.8633998036384583,0.0,0.0,0.4179823398590088,210.2152862548828,135.38150024414062,0.9578215479850769,211.62326049804688,119.0036849975586,0.8094395399093628,0.0,0.0,0.40891554951667786,0.0,0.0,0.27720388770103455,0.0,0.0,0.02291039004921913,0.0,0.0,0.014776485040783882,0.0,0.0,0.0008363062515854836,0.0,0.0,0.0008303456706926227
1282,True,0.0,0.0,0.33656418323516846,0.0,0.0,0.3583059310913086,0.0,0.0,0.010670984163880348,0.0,0.0,0.40448319911956787,0.0,0.0,0.001257667550817132,0.0,0.0,0.36453086137771606,0.0,0.0,0.3417767286300659,246.75030517578125,141.8428497314453,0.5070574879646301,254.71629333496094,114.49497985839844,0.5368738770484924,205.15679931640625,134.5432586669922,0.7876349687576294,203.64926147460938,122.5601806640625,0.8028521537780762,0.0,0.0,0.12867891788482666,0.0,0.0,0.17075887322425842,0.0,0.0,0.007589018438011408,0.0,0.0,0.011558317579329014,0.0,0.0,0.0005136988474987447,0.0,0.0,0.0009501363965682685
1283,True,0.0,0.0,0.3155287802219391,0.0,0.0,0.3372032046318054,0.0,0.0,0.008470765314996243,0.0,0.0,0.39107388257980347,0.0,0.0,0.001010571839287877,0.0,0.0,0.37061217427253723,0.0,0.0,0.32142940163612366,246.54159545898438,141.00180053710938,0.5461887121200562,255.78794860839844,112.51437377929688,0.541985809803009,206.8837890625,138.8382568359375,0.8155567646026611,203.44021606445312,122.2774887084961,0.8171893358230591,0.0,0.0,0.12703950703144073,0.0,0.0,0.16205376386642456,0.0,0.0,0.007013848051428795,0.0,0.0,0.01022640522569418,0.0,0.0,0.0004446852544788271,0.0,0.0,0.0008034942438825965
1284,True,0.0,0.0,0.072328120470047,0.0,0.0,0.03850238025188446,0.0,0.0,0.002936143660917878,0.0,0.0,0.036819424480199814,0.0,0.0,0.0006070854142308235,0.0,0.0,0.13373203575611115,0.0,0.0,0.09252942353487015,257.3555908203125,94.4383773803711,0.668272078037262,0.0,0.0,0.47848448157310486,202.94091796875,131.43739318847656,0.8706101179122925,204.06170654296875,119.51759338378906,0.8032016158103943,0.0,0.0,0.3014357388019562,0.0,0.0,0.2866852879524231,0.0,0.0,0.012135645374655724,0.0,0.0,0.01262055803090334,0.0,0.0,0.0008354440215043724,0.0,0.0,0.0011168831260874867
1285,True,0.0,0.0,0.023108353838324547,0.0,0.0,0.008778204210102558,0.0,0.0,0.0023759480100125074,0.0,0.0,0.005487473681569099,0.0,0.0,0.0010065971873700619,0.0,0.0,0.031673841178417206,0.0,0.0,0.01964210718870163,0.0,0.0,0.35306069254875183,0.0,0.0,0.20179064571857452,203.13607788085938,127.07059478759766,0.6429260969161987,198.40716552734375,117.36556243896484,0.5873686671257019,0.0,0.0,0.1285761147737503,0.0,0.0,0.11846563965082169,0.0,0.0,0.016749626025557518,0.0,0.0,0.014991959556937218,0.0,0.0,0.00394358579069376,0.0,0.0,0.004463194403797388
1286,True,0.0,0.0,0.00529157929122448,0.0,0.0,0.0020618396811187267,0.0,0.0,0.0007920438074506819,0.0,0.0,0.0028049584943801165,0.0,0.0,0.0011997637338936329,0.0,0.0,0.02028973214328289,0.0,0.0,0.011809240095317364,0.0,0.0,0.18062898516654968,0.0,0.0,0.07559780031442642,0.0,0.0,0.4212658405303955,0.0,0.0,0.3022007346153259,0.0,0.0,0.05731593444943428,0.0,0.0,0.04730340838432312,0.0,0.0,0.1531732827425003,0.0,0.0,0.1001659408211708,0.0,0.0,0.22882166504859924,0.0,0.0,0.19015571475028992
1287,True,0.0,0.0,0.003675937419757247,0.0,0.0,0.0015874744858592749,0.0,0.0,0.0008606644114479423,0.0,0.0,0.002346402732655406,0.0,0.0,0.00160639185924083,0.0,0.0,0.012283110991120338,0.0,0.0,0.007227519992738962,0.0,0.0,0.06916706264019012,0.0,0.0,0.03470465913414955,0.0,0.0,0.21229448914527893,0.0,0.0,0.15635444223880768,0.0,0.0,0.025881031528115273,0.0,0.0,0.022943085059523582,0.0,0.0,0.2576223909854889,0.0,0.0,0.18528884649276733,218.65383911132812,155.6571044921875,0.5131812691688538,0.0,0.0,0.457261323928833
1288,True,0.0,0.0,0.003282365156337619,0.0,0.0,0.0009681835072115064,0.0,0.0,0.0009837956167757511,0.0,0.0,0.0009835276287049055,0.0,0.0,0.0020697361323982477,0.0,0.0,0.006459589581936598,0.0,0.0,0.013424969278275967,0.0,0.0,0.04397526755928993,0.0,0.0,0.10192427784204483,0.0,0.0,0.14435306191444397,0.0,0.0,0.29964330792427063,0.0,0.0,0.034155312925577164,0.0,0.0,0.055262982845306396,0.0,0.0,0.17910027503967285,0.0,0.0,0.2019214779138565,0.0,0.0,0.3586178719997406,0.0,0.0,0.40626466274261475
1289,True,0.0,0.0,0.001440960681065917,0.0,0.0,0.0008848010329529643,0.0,0.0,0.0002262630150653422,0.0,0.0,0.0028903146740049124,0.0,0.0,0.0006475423579104245,0.0,0.0,0.01126787532120943,0.0,0.0,0.003320425981655717,0.0,0.0,0.0838753953576088,0.0,0.0,0.014927249401807785,0.0,0.0,0.2349562644958496,0.0,0.0,0.08767806738615036,0.0,0.0,0.04555085301399231,0.0,0.0,0.028132157400250435,213.54312133789062,54.98149108886719,0.5012691617012024,0.0,0.0,0.30308419466018677,208.29345703125,166.4285888671875,0.6533070802688599,206.06072998046875,170.90768432617188,0.5359472036361694
1290,True,0.0,0.0,0.00018271243607159704,0.0,0.0,9.165633673546836e-05,0.0,0.0,1.387300744681852e-05,0.0,0.0,0.002437255345284939,0.0,0.0,0.0002263363858219236,0.0,0.0,0.020569832995533943,0.0,0.0,0.006169074214994907,0.0,0.0,0.2559935748577118,0.0,0.0,0.05712148919701576,0.0,0.0,0.41176262497901917,0.0,0.0,0.20631541311740875,0.0,0.0,0.187643364071846,0.0,0.0,0.12192492187023163,0.0,0.0,0.42166438698768616,0.0,0.0,0.26174235343933105,0.0,0.0,0.33768340945243835,0.0,0.0,0.26326099038124084
1291,True,0.0,0.0,0.02460263855755329,0.0,0.0,0.012630454264581203,0.0,0.0,0.004021028522402048,0.0,0.0,0.026078131049871445,0.0,0.0,0.005650070961564779,0.0,0.0,0.04801659286022186,0.0,0.0,0.06222206726670265,0.0,0.0,0.11396662145853043,0.0,0.0,0.09673719108104706,0.0,0.0,0.160725399851799,0.0,0.0,0.19190071523189545,0.0,0.0,0.16847623884677887,0.0,0.0,0.19568262994289398,0.0,0.0,0.10333491861820221,0.0,0.0,0.09961225837469101,0.0,0.0,0.06403335928916931,0.0,0.0,0.07299799472093582
1292,True,0.0,0.0,0.02328657917678356,0.0,0.0,0.013012494891881943,0.0,0.0,0.003682487178593874,0.0,0.0,0.03399544581770897,0.0,0.0,0.006084710359573364,0.0,0.0,0.052629079669713974,0.0,0.0,0.05926103517413139,0.0,0.0,0.11717294156551361,0.0,0.0,0.08256389200687408,0.0,0.0,0.16041556000709534,0.0,0.0,0.16750970482826233,0.0,0.0,0.2038785219192505,0.0,0.0,0.22094513475894928,0.0,0.0,0.12495151907205582,0.0,0.0,0.11481298506259918,0.0,0.0,0.05961674451828003,0.0,0.0,0.06578885018825531
1293,True,0.0,0.0,0.001466577174142003,0.0,0.0,0.0004194759239908308,0.0,0.0,0.00012047606287524104,0.0,0.0,0.003613790962845087,0.0,0.0,0.0016923596849665046,0.0,0.0,0.06606654822826385,0.0,0.0,0.04812521114945412,0.0,0.0,0.3491835296154022,0.0,0.0,0.20979265868663788,0.0,0.0,0.32537728548049927,0.0,0.0,0.38040855526924133,0.0,0.0,0.2415570616722107,0.0,0.0,0.2353738248348236,0.0,0.0,0.03813216835260391,0.0,0.0,0.033123914152383804,0.0,0.0,0.006206283811479807,0.0,0.0,0.006883421912789345
1294,True,0.0,0.0,0.00033694799640215933,0.0,0.0,6.0399004723876715e-05,0.0,0.0,2.4883656806196086e-05,0.0,0.0,0.0007656752713955939,0.0,0.0,0.0005142794689163566,0.0,0.0,0.02752811275422573,0.0,0.0,0.034670669585466385,0.0,0.0,0.3505995273590088,0.0,0.0,0.3810601532459259,215.9667205810547,145.99911499023438,0.533395528793335,225.905029296875,151.04974365234375,0.6849468350410461,0.0,0.0,0.2084418684244156,0.0,0.0,0.23801499605178833,0.0,0.0,0.048880938440561295,0.0,0.0,0.04629674553871155,0.0,0.0,0.008643189445137978,0.0,0.0,0.009776422753930092
